0 Technic Peg Hole / Axle Hole Negative without Top Surface Extensions
0 Name: npeghol3.dat
0 Author: Guy Vivan [guyvivan]
0 !LDRAW_ORG Unofficial_Primitive
0 !LICENSE Redistributable under CCAL version 2.0 : see CAreadme.txt

0 !HELP For insert between cylinder and axlehol4.dat or axlehol5.dat

0 BFC CERTIFY CCW

0 !HISTORY 2009-05-02 [PTadmin] Official Update 2009-01
0 !HISTORY 2012-02-16 [Philo] Changed to CCW
0 !HISTORY 2012-03-30 [PTadmin] Official Update 2012-01
0 !HISTORY 2018-04-08 [arezey] Closed gaps with increased decimal precision
0 !HISTORY 2018-04-08 [MagFors] adapted to four digit decimals
0 !HISTORY 2022-01-14 [PTadmin] Official Update 2022-01
0 !HISTORY 2022-07-08 [SwampKryakwa] New primitive shape - corners of npegholes are now smoothed similar to the actual lego parts

0 BFC INVERTNEXT
1 16 5.5803 0 1.7 .78 0 .09815 0 1 0 -.16788 0 .78 8\3-8cylo.dat
5 24 5.0982 1 2.3702 5.0982 0 2.3702 5.6785 0 2.48 3.4442 0 1.6851
5 24 6.3603 1 1.5321 6.3603 0 1.5321 6.2012 0 2.1328 6.3603 1 -1.5321
1 16 4.2712 .5 2.0277 -.82701 -1 0 0 0 -.5 -.34258 0 0 rect2p.dat
1 16 0 0 10 6.36396 0 -6.36397 0 1 0 -6.36397 0 -6.36396 1-16tang.dat
3 16 5.0982 0 2.3702 5.6785 0 2.48 6.3639 0 3.6361
3 16 6.3639 0 3.6361 5.6785 0 2.48 6.2012 0 2.1328
3 16 6.3639 0 3.6361 6.2012 0 2.1328 6.3603 0 1.5321

1 16 0 1 10 6.36396 0 -6.36397 0 -1 0 -6.36397 0 -6.36396 1-16tang.dat
3 16 6.3639 1 3.6361 5.6785 1 2.48 5.0982 1 2.3702
3 16 6.2012 1 2.1328 5.6785 1 2.48 6.3639 1 3.6361
3 16 6.3603 1 1.5321 6.2012 1 2.1328 6.3639 1 3.6361

1 16 0 0 10 3.44415 0 -8.31492 0 1 0 -8.31492 0 -3.44415 1-8cylo.dat

0 BFC INVERTNEXT
1 16 -5.5803 0 1.7 -.78 0 -.09815 0 1 0 -.16788 0 .78 8\3-8cylo.dat
5 24 -5.0982 1 2.3702 -5.0982 0 2.3702 -5.6785 0 2.48 -3.4442 0 1.6851
5 24 -6.3603 1 1.5321 -6.3603 0 1.5321 -6.2012 0 2.1328 -6.3603 1 -1.5321
1 16 -4.2712 .5 2.0277 .82701 1 0 0 0 -.5 -.34258 0 0 rect2p.dat
1 16 0 0 10 -6.36396 0 6.36397 0 1 0 -6.36397 0 -6.36396 1-16tang.dat
3 16 -5.6785 0 2.48 -5.0982 0 2.3702 -6.3639 0 3.6361
3 16 -5.6785 0 2.48 -6.3639 0 3.6361 -6.2012 0 2.1328
3 16 -6.2012 0 2.1328 -6.3639 0 3.6361 -6.3603 0 1.5321

1 16 0 1 10 -6.36396 0 6.36397 0 -1 0 -6.36397 0 -6.36396 1-16tang.dat
3 16 -6.3639 1 3.6361 -5.0982 1 2.3702 -5.6785 1 2.48
3 16 -6.2012 1 2.1328 -6.3639 1 3.6361 -5.6785 1 2.48
3 16 -6.3603 1 1.5321 -6.3639 1 3.6361 -6.2012 1 2.1328

1 16 6.3603 .5 0 0 1 0 0 0 .5 1.53212 0 0 rect2p.dat
1 16 -6.3603 .5 0 0 -1 0 0 0 .5 1.53212 0 0 rect2p.dat

0 BFC INVERTNEXT
1 16 5.5803 0 -1.7 .78 0 .09815 0 1 0 .16788 0 -.78 8\3-8cylo.dat
5 24 5.0982 1 -2.3702 5.0982 0 -2.3702 5.6785 0 -2.48 3.4442 0 -1.6851
5 24 6.3603 1 -1.5321 6.3603 0 -1.5321 6.2012 0 -2.1328 6.3603 1 1.5321
1 16 4.2712 .5 -2.0277 -.82701 -1 0 0 0 -.5 .34258 0 0 rect2p.dat
1 16 0 0 -10 6.36396 0 -6.36397 0 1 0 6.36397 0 6.36396 1-16tang.dat
3 16 5.6785 0 -2.48 5.0982 0 -2.3702 6.3639 0 -3.6361
3 16 5.6785 0 -2.48 6.3639 0 -3.6361 6.2012 0 -2.1328
3 16 6.2012 0 -2.1328 6.3639 0 -3.6361 6.3603 0 -1.5321

1 16 0 1 -10 6.36396 0 -6.36397 0 -1 0 6.36397 0 6.36396 1-16tang.dat
3 16 5.0982 1 -2.3702 5.6785 1 -2.48 6.3639 1 -3.6361
3 16 6.3639 1 -3.6361 5.6785 1 -2.48 6.2012 1 -2.1328
3 16 6.3639 1 -3.6361 6.2012 1 -2.1328 6.3603 1 -1.5321

0 BFC INVERTNEXT
1 16 -5.5803 0 -1.7 -.78 0 -.09815 0 1 0 .16788 0 -.78 8\3-8cylo.dat
5 24 -5.0982 1 -2.3702 -5.0982 0 -2.3702 -5.6785 0 -2.48 -3.4442 0 -1.6851
5 24 -6.3603 1 -1.5321 -6.3603 0 -1.5321 -6.2012 0 -2.1328 -6.3603 1 1.5321
1 16 -4.2712 .5 -2.0277 .82701 1 0 0 0 -.5 .34258 0 0 rect2p.dat
1 16 0 0 -10 -6.36396 0 6.36397 0 1 0 6.36397 0 6.36396 1-16tang.dat
3 16 -5.0982 0 -2.3702 -5.6785 0 -2.48 -6.3639 0 -3.6361
3 16 -6.3639 0 -3.6361 -5.6785 0 -2.48 -6.2012 0 -2.1328
3 16 -6.3639 0 -3.6361 -6.2012 0 -2.1328 -6.3603 0 -1.5321

1 16 0 1 -10 -6.36396 0 6.36397 0 -1 0 6.36397 0 6.36396 1-16tang.dat
3 16 -5.6785 1 -2.48 -5.0982 1 -2.3702 -6.3639 1 -3.6361
3 16 -5.6785 1 -2.48 -6.3639 1 -3.6361 -6.2012 1 -2.1328
3 16 -6.2012 1 -2.1328 -6.3639 1 -3.6361 -6.3603 1 -1.5321

1 16 0 0 -10 -3 0 0 0 1 0 0 0 3 3-16rin2.dat
1 16 0 1 -10 -3 0 0 0 -1 0 0 0 3 3-16rin2.dat
1 16 0 0 -10 3 0 0 0 1 0 0 0 3 3-16rin2.dat
1 16 0 1 -10 3 0 0 0 -1 0 0 0 3 3-16rin2.dat
4 16 2 0 -4.397 2.2962 0 -4.4566 3.4443 0 -1.6849 2 0 -1.397
4 16 -2.2962 0 -4.4566 -2 0 -4.397 -2 0 -1.397 -3.4443 0 -1.6849
4 16 -2 1 -4.397 -2.2962 1 -4.4566 -3.4443 1 -1.6849 -2 1 -1.397
4 16 2.2962 1 -4.4566 2 1 -4.397 2 1 -1.397 3.4443 1 -1.6849
1 16 -2.7222 0.5 -3.041 0 0.72215 0 0.5 0 0 0 0.14395 1.5 box2-7.dat
1 16 2.7222 0.5 -3.041 0 -0.72215 0 0.5 0 0 0 0.14395 1.5 box2-7.dat

5 24 -3.44435 1 -1.68495 -3.44435 0 -1.68495 -2.00005 0 -1.39705 -5.09821 0 -2.37028
5 24 3.444171325 1 -1.684840625 3.444171325 0 -1.684840625 2 0 -1.397 5.098163865 0 -2.370245948

