0 Technic Peg Hole Negative for Alternate Beam Type 4 w/o Ext.
0 Name: npeghol20.dat
0 Author: Max Murtazin [SwampKryakwa]
0 !LDRAW_ORG Unofficial_Primitive
0 !LICENSE Redistributable under CCAL version 2.0 : see CAreadme.txt

0 BFC CERTIFY CCW

1 16 0 10 0 3.827 0 9.239 0 -1 0 -9.239 0 3.827 1-16tang.dat
1 16 0 -10 -10 -1 0 0 0 1 0 0 0 1 npeghol8.dat
1 16 -7.071 0 -20 0 10.8979 0 9 0 0 0 0 9 3-16cylo.dat
1 16 -7.071 0 -20 0 -1 0 9 0 0 0 0 9 3-16ndis.dat
1 16 3.827 0 -20 0 1 0 9 0 0 0 0 9 3-16tndis.dat
2 24 3.827 3.444 -11.685 -7.071 3.444 -11.685
1 16 0 10 0 -3.827 0 9.239 0 -6.55585 0 -9.239 0 -3.827 1-8cylo.dat
2 24 3.827 10 -11.685 3.827 10 -20
2 24 -7.071 10 -11.685 -7.071 10 -20
5 24 3.8269 10 -9.2391 3.8269 3.444 -9.2391 5.7995 10 -7.9208 0 10 -10
2 24 3.827 3.444 -11.685 3.827 10 -11.685
0 BFC INVERTNEXT
1 16 -6.2056 10 -9.21728342 -.8672 0 -.1095 0 -6.5557 0 -.1865 0 .868 8\3-8cylo.dat
1 16 -6.2056 3.4443 -9.21728342 -.8672 0 -.1095 0 -1 0 -.1865 0 .868 8\3-8chrd.dat
4 16 -5.66983033 3.4443 -8.4716 -5.66983033 10 -8.4716 -3.8259 10 -9.2347 -3.8259 3.4443 -9.2347
3 16 -3.826863084 10 -9.239060062 -5.66983033 10 -8.47164647 -7.0711 10 -7.0711
3 16 -7.0711 10 -7.0711 -5.66983033 10 -8.47164647 -6.3151 10 -8.34928342
3 16 -7.0711 10 -7.0711 -6.3151 10 -8.34928342 -6.89622457 10 -8.73539477
3 16 -7.0711 10 -7.0711 -6.89622457 10 -8.73539477 -7.0728 10 -9.40378342
2 24 -5.66983033 3.4443 -8.47164647 -3.827 3.44415 -9.239
2 24 -3.826863084 10 -9.239060062 -5.66983033 10 -8.47164647
4 16 3.827 3.444 -11.68505 -7.071 3.444 -11.685 -3.827 3.44415 -9.239 0 3.44415 -10.000505
3 16 0 3.44415 -10.000505 3.8269 3.444 -9.2391 3.827 3.444 -11.68505
4 16 -7.071 3.444 -11.685 -7.0728 3.4443 -9.40378342 -5.66983033 3.4443 -8.47164647 -3.827 3.44415 -9.239
4 16 3.827 10 -11.68505 3.827 10 -20 3.827 9 -20 3.827 9 -11.6849
4 16 -7.071 3.444 -11.685 -7.071 9 -11 -7.0728 10 -9.40378342 -7.0728 3.4443 -9.40378342
4 16 -7.071 9 -20 -7.071 10 -20 -7.0728 10 -9.40378342 -7.071 9 -11
2 24 -7.0728 10 -9.40378342 -7.071 10 -11.685

0 BFC INVERTNEXT
1 16 5.7844 10 -9.28755 .38961 0 .55971 0 -6.556 0 -.60345 0 .43416 8\2-4cylo.dat
1 16 5.7844 3.444 -9.2875 .38961 0 .55971 0 -1 0 -.60345 0 .43416 8\2-4chrd.dat
4 16 3.827 3.444 -11.68505 6.174 3.444 -9.891 6.174 10 -9.891 3.827 10 -11.685
4 16 5.3948 10 -8.6841 5.3948 3.444 -8.6841 3.827 3.444 -9.239 3.827 10 -9.239
4 16 6.174 3.444 -9.891 3.827 3.444 -11.6851 3.8269 3.444 -9.2391 5.3948 3.444 -8.68415
2 24 6.174 3.444 -9.891 3.827 3.444 -11.6851
2 24 5.3948 3.444 -8.6841 3.8269 3.444 -9.2391
2 24 3.8269 10 -9.2391 5.3948 10 -8.6841
2 24 6.174 10 -9.891 3.827 10 -11.68505
3 16 5.3948 10 -8.6841 3.8268252 10 -9.239 5.6644 10 -8.4776
3 16 5.3948 10 -8.6841 5.6644 10 -8.4776 5.9047 10 -8.5539
3 16 5.9047 10 -8.5537 5.6644 10 -8.4776 7.0713 10 -7.0712
3 16 7.0713 10 -7.0712 6.3441 10 -8.8534 5.9047 10 -8.5539
3 16 6.4557 10 -9.4073 6.3441 10 -8.8534 7.0713 10 -7.0712
