0 Technic Peg Hole Negative for Alternate Beam Type 2 w/o Ext.
0 Name: npeghol10.dat
0 Author: Philippe Hurbain [Philo]
0 !LDRAW_ORG Unofficial_Primitive
0 !LICENSE Redistributable under CCAL version 2.0 : see CAreadme.txt

0 BFC CERTIFY CCW

0 !HISTORY 2012-12-28 [PTadmin] Official Update 2012-03
0 !HISTORY 2022-07-08 [SwampKryakwa] New primitive shape - corners of npegholes are now smoothed similar to the actual lego parts

1 16 0 -10 0 1 0 0 0 1 0 0 0 1 npeghol8.dat
1 16 0 -10 10 0.7071 0 -0.7071 0 1 0 -0.7071 0 -0.7071 1-4ring9.dat
1 16 0 10 10 0.7071 0 -0.7071 0 -1 0 -0.7071 0 -0.7071 1-4ring9.dat
1 16 -7.071 0 -10 0 10.8979 0 9 0 0 0 0 9 3-16cyli.dat
1 16 -7.071 0 -10 0 1 0 9 0 0 0 0 9 3-16edge.dat
1 16 3.827 0 -10 0 1 0 9 0 0 0 0 9 3-16edge.dat
1 16 -7.071 0 -10 0 -1 0 9 0 0 0 0 9 3-16ndis.dat
1 16 3.827 0 -10 0 1 0 9 0 0 0 0 9 3-16tndis.dat
2 24 3.827 3.444 -1.685 -7.071 3.444 -1.685
1 16 0 10 10 -3.8268 0 9.2388 0 -6.5559 0 -9.2388 0 -3.8268 1-16cylo.dat
1 16 0 10 10 -7.0711 0 7.0711 0 -6.5559 0 -7.0711 0 -7.0711 1-16tang.dat
3 16 -3.827 3.444 0.761 0 3.444 0 -7.071 3.444 -1.685
4 16 -7.0728 10 .5962 -7.0728 3.4443 .5962 -7.0728 3.4443 -1.6849 -7.071 9 -1
0 BFC INVERTNEXT
1 16 -6.2056 10 .7827 -.8672 0 -.1095 0 -6.5557 0 -.1865 0 .868 8\3-8cylo.dat
1 16 -6.2056 3.4443 .7827 -.8672 0 -.1095 0 -1 0 -.1865 0 .868 8\3-8chrd.dat
3 16 -7.071 10 2.929 -5.6699 10 1.5284 -6.3152 10 1.6508
3 16 -6.8962 10 1.2647 -7.071 10 2.929 -6.3152 10 1.6508
3 16 -7.0728 10 .5963 -7.071 10 2.929 -6.8962 10 1.2647
4 16 -3.8259 10 .7653 -3.8259 3.4443 .7653 -5.6698 3.4443 1.5284 -5.6698 10 1.5284
4 16 -7.0728 3.4443 .5962 -5.6698 3.4443 1.5284 -3.827 3.444 .761 -7.0728 3.4443 -1.6849
2 24 -5.6699 10 1.5284 -3.8269 10 .7612
2 24 -5.6699 3.4443 1.5284 -3.827 3.444 .761
2 24 -7.0728 3.4443 -1.6849 -7.0728 3.4443 .5962
4 16 -7.0728 10 .5962 -7.071 9 -1 -7.071 9 -10 -7.071 10 -10

1 16 0 10 10 0 0 10 0 -6.5559 0 -10 0 0 1-16tang.dat
0 BFC INVERTNEXT
1 16 3.0106 10 -.7996 -.4537 0 .684 0 -6.5557 0 .6568 0 .39 8\3-8cylo.dat
1 16 3.0106 3.4443 -.7996 -.4537 0 .684 0 -6.5557 0 .6568 0 .39 8\3-8chrd.dat
4 16 2.5569 10 -.1428 2.5569 3.4443 -.14281 0 3.444 0 0 10 0
3 16 1.989 10 0 2.5569 10 -.1428 0 10 0
4 16 3.1735 10 -.0594 2.5569 10 -.1428 1.989 10 0 3.8269 10 .7612
4 16 3.8269 3.4443 -1.6849 3.8152 3.4443 -.9883 3.8152 10 -.9883 3.827 9 -1.6849
4 16 3.8152 10 -.9883 3.8152 10 -10 3.8269 9 -10 3.827 9 -1.6849
2 24 3.8152 3.4443 -.9883 3.8269 3.4443 -1.6849
2 24 3.8152 10 -10 3.8151 10 -.98825428
4 16 0 3.444 0 2.5569 3.4443 -.1428 3.8151 3.4443 -.9883 3.8269 3.4443 -1.6849
3 16 0 3.444 0 3.8269 3.4443 -1.6849 -7.0728 3.4443 -1.6849
2 24 0 3.444 0 2.5569 3.4443 -.1429
2 24 2.5569 10 -.1428 0 10 0
3 16 3.6946 10 -.4096 3.17344513 10 -.05941 3.8261 10 .7612
3 16 3.8151 10 -.9883 3.6946 10 -.4096 3.8261 10 .7612
2 24 3.56 5.21 -6.25 3.58 5.26 -6.24
2 24 -7.071 9 -10 -7.071 10 -10
2 24 -7.071 10 -10 -7.0728 10 .5962
