0 Technic Peg Hole with Extended Perimeter (One Side) and Surface
0 Name: npeghol12.dat
0 Author: Joerg Sommerer [Brickaneer]
0 !LDRAW_ORG Unofficial_Primitive
0 !LICENSE Redistributable under CCAL version 2.0 : see CAreadme.txt

0 BFC CERTIFY CCW

0 !HISTORY 2013-07-21 [PTadmin] Official Update 2013-01
0 !HISTORY 2022-07-08 [SwampKryakwa] New primitive shape - corners of npegholes are now smoothed similar to the actual lego parts



0 BFC INVERTNEXT
1 16 5.5803 0 1.7 .78 0 .09815 0 1 0 -.16788 0 .78 8\3-8cylo.dat
1 16 5.5803 1 1.7 .78 0 .09815 0 1 0 -.16788 0 .78 8\3-8chrd.dat
5 24 5.0982 1 2.3702 5.0982 0 2.3702 5.6785 0 2.48 3.4442 0 1.6851
5 24 6.3603 1 1.5321 6.3603 0 1.5321 6.2012 0 2.1328 6.3603 1 -1.5321
1 16 4.2712 .5 2.0277 -.82701 -1 0 0 0 -.5 -.34258 0 0 rect2p.dat
1 16 0 0 10 6.36396 0 -6.36397 0 1 0 -6.36397 0 -6.36396 1-16tang.dat
3 16 5.0982 0 2.3702 5.6785 0 2.48 6.3639 0 3.6361
3 16 6.3639 0 3.6361 5.6785 0 2.48 6.2012 0 2.1328
3 16 6.3639 0 3.6361 6.2012 0 2.1328 6.3603 0 1.5321



1 16 6.3603 .5 0 0 1 0 0 0 .5 1.53212 0 0 rect2p.dat
4 16 6.3603 1 -1.5321 6.3603 1 1.5321 5.0982 1 2.3702 5.0982 1 -2.3702
4 16 0 1 1 -3.4442 1 1.6851 -3.4442 1 -1.6851 0 1 -1
4 16 3.4442 1 -1.6851 5.0982 1 -2.3702 5.0982 1 2.3702 3.4442 1 1.6851
4 16 0 1 -1 3.4442 1 -1.6851 3.4442 1 1.6851 0 1 1

0 BFC INVERTNEXT
1 16 5.5803 0 -1.7 .78 0 .09815 0 1 0 .16788 0 -.78 8\3-8cylo.dat
1 16 5.5803 1 -1.7 .78 0 .09815 0 1 0 .16788 0 -.78 8\3-8chrd.dat
5 24 5.0982 1 -2.3702 5.0982 0 -2.3702 5.6785 0 -2.48 3.4442 0 -1.6851
5 24 6.3603 1 -1.5321 6.3603 0 -1.5321 6.2012 0 -2.1328 6.3603 1 1.5321
1 16 4.2712 .5 -2.0277 -.82701 -1 0 0 0 -.5 .34258 0 0 rect2p.dat
1 16 0 0 -10 6.36396 0 -6.36397 0 1 0 6.36397 0 6.36396 1-16tang.dat
3 16 5.6785 0 -2.48 5.0982 0 -2.3702 6.3639 0 -3.6361
3 16 5.6785 0 -2.48 6.3639 0 -3.6361 6.2012 0 -2.1328
3 16 6.2012 0 -2.1328 6.3639 0 -3.6361 6.3603 0 -1.5321

1 16 0 0 -10 3.4442 0 -8.3149 0 1 0 8.3149 0 3.4442 3-16cylo.dat

1 16 0 0 10 3.4442 0 -8.3149 0 1 0 -8.3149 0 -3.4442 3-16cylo.dat
1 16 0 0 10 -3.4442 0 -8.315 0 1 0 -8.3145 0 3.4442 1-8ering.dat

4 16 3.442 1 -1.69 3.442 1 1.69 0 1 1.0057 0 1 -1.0057
4 16 0 1 -1.0057 0 1 1.0057 -3.442 1 1.69 -3.442 1 -1.69
4 16 -3.442 1 -1.69 -3.442 1 1.69 -6.36404077 1 3.63579139 -6.36404077 1 -3.63579139

4 16 9 0 1 6.3639 0 3.6361 6.3603 0 1.5321 9 0 0
4 16 6.3639 0 -3.6361 9 0 -1 9 0 0 6.3603 0 -1.5321
3 16 6.3603 0 -1.5321 9 0 0 6.3603 0 1.5321
1 16 0 0 -10 9 0 0 0 1 0 0 0 9 1-8ndis.dat
1 16 0 0 10 9 0 0 0 1 0 0 0 -9 1-8ndis.dat



4 16 -6.36404077 1 3.63579139 -8.31 1 3.3394 -8.31 1 -3.3394 -6.3641 1 -3.6358
4 16 -9 0 -8.2097 -8.31 0 -3.3394 -8.31 0 3.3394 -9 0 8.2097

1 16 0 0 -10 -6.3638 0 -6.364 0 1 0 6.3636 0 -6.364 1-16tang.dat
3 16 -6.3641 0 -3.6358 -7.2427 0 -4.4003 -7.6296 0 -4.9022
3 16 -7.6296 0 -4.9022 -7.2427 0 -4.4003 -7.8289 0 -4.3943
3 16 -7.6296 0 -4.9022 -7.8289 0 -4.3943 -8.3150 0 -6.5562

0 BFC INVERTNEXT
1 16 -7.5829 0 -3.6544 -.727074 0 -.245934 0 1 0 .315 0 -.73989 8\3-8cylo.dat
1 16 -7.5829 1 -3.6544 -.727074 0 -.245934 0 1 0 .315 0 -.73989 8\3-8chrd.dat
1 16 0 0 -10 -8.315 0 -3.4442 0 1 0 3.4442 0 -8.315 1-16tang.dat
4 16 -9 0 -8.2097 -8.315 0 -6.5562 -7.8289 0 -4.39429 -8.2709 0 -3.9548
3 16 -9 0 -8.2097 -8.2709 0 -3.9548 -8.31 0 -3.3394
3 16 -7.2427 1 -4.4003 -6.3641 1 -3.6358 -8.31 1 -3.3394
4 16 -6.3641 1 -3.6358 -7.2427 1 -4.4003 -7.2427 0 -4.4003 -6.3641 0 -3.6358
2 24 -6.3641 1 -3.6358 -7.2427 1 -4.4003
2 24 -7.2427 0 -4.4003 -6.3641 0 -3.6358

1 16 0 0 10 -6.3638 0 -6.364 0 1 0 -6.3636 0 6.364 1-16tang.dat
3 16 -6.3641 0 3.6358 -7.6296 0 4.9021 -7.2427 0 4.4003
3 16 -7.6296 0 4.9022 -7.8289 0 4.3943 -7.2427 0 4.4003
3 16 -7.6296 0 4.9022 -8.315 0 6.5562 -7.8289 0 4.3943

0 BFC INVERTNEXT
1 16 -7.5829 0 3.6544 -.727074 0 -.245934 0 1 0 -.315 0 .73989 8\3-8cylo.dat
1 16 -7.5829 1 3.6544 -.727074 0 -.245934 0 1 0 -.315 0 .73989 8\3-8chrd.dat
1 16 0 0 10 -8.315 0 -3.4442 0 1 0 -3.4442 0 8.315 1-16tang.dat
4 16 -9 0 8.2097 -8.271 0 3.9548 -7.8288 0 4.3943 -8.315 0 6.55617276
3 16 -9 0 8.2097 -8.31 0 3.3394 -8.271 0 3.9548
3 16 -7.2427 1 4.4003 -8.31 1 3.3394 -6.3641 1 3.6358
4 16 -6.3641 1 3.6358 -6.3641 0 3.6358 -7.2427 0 4.4003 -7.2427 1 4.4003
2 24 -6.3641 1 3.6358 -7.2427 1 4.4003
2 24 -7.2427 0 4.4003 -6.3641 0 3.6358

1 16 -8.31 0.5 0 0 -1 0 0 0 0.5 -3.3394 0 0 rect2p.dat
