0 Technic Peg Hole Negative 0.25 without Extension
0 Name: npeghol6d.dat
0 Author: Max Murtazin [SwampKryakwa]
0 !LDRAW_ORG Unofficial_Primitive
0 !LICENSE Redistributable under CCAL version 2.0 : see CAreadme.txt

0 BFC CERTIFY CCW

1 16 6.3603 .5 9.23394 0 1 0 0 0 .5 .76606 0 0 rect2p.dat
4 16 0 1 10 5.0982 1 7.6298 6.3603 1 8.4679 6.3603 1 10
3 16 3.4442 1 8.3149 5.0982 1 7.6298 0 1 10
3 16 0 1 9 3.4442 1 8.3149 0 1 10

0 BFC INVERTNEXT
1 16 5.5803 0 8.3 .78 0 .09815 0 1 0 .16788 0 -.78 8\3-8cylo.dat
1 16 5.5803 1 8.3 .78 0 .09815 0 1 0 .16788 0 -.78 8\3-8chrd.dat
5 24 5.0982 1 7.6298 5.0982 0 7.6298 5.6785 0 7.52 3.4442 0 8.3149
5 24 6.3603 1 8.4679 6.3603 0 8.4679 6.2012 0 7.8672 6.3603 1 11.5321
1 16 4.2712 .5 7.9723 -.82701 -1 0 0 0 -.5 .34258 0 0 rect2p.dat
1 16 0 0 0 6.36396 0 -6.36397 0 1 0 6.36397 0 6.36396 1-16tang.dat
3 16 5.6785 0 7.52 5.0982 0 7.6298 6.3639 0 6.3639
3 16 5.6785 0 7.52 6.3639 0 6.3639 6.2012 0 7.8672
3 16 6.2012 0 7.8672 6.3639 0 6.3639 6.3603 0 8.4679

1 16 0 0 0 3.44415 0 -8.31492 0 1 0 8.31492 0 3.44415 1-16cylo.dat


