0 Technic Peg Hole Negative 0.5 without Top Surface Extensions
0 Name: npeghol7.dat
0 Author: Guy Vivan [guyvivan]
0 !LDRAW_ORG Unofficial_Primitive
0 !LICENSE Redistributable under CCAL version 2.0 : see CAreadme.txt

0 BFC CERTIFY CCW

0 !HISTORY 2009-05-02 [PTadmin] Official Update 2009-01
0 !HISTORY 2022-07-08 [SwampKryakwa] New primitive shape - corners of npegholes are now smoothed similar to the actual lego parts

1 16 6.3603 .5 0.76606 0 1 0 0 0 .5 0.76606 0 0 rect2p.dat
4 16 5.0982 1 2.3702 0 1 0 6.3603 1 0 6.3603 1 1.5321   
4 16 0 1 0 -5.0982 1 2.3702 -6.3603 1 1.5321 -6.3603 1 0   
3 16 -5.0982 1 2.3702 0 1 0 -3.4442 1 1.6851
3 16 -3.4442 1 1.6851 0 1 0 0 1 1
3 16 5.0982 1 2.3702 3.4442 1 1.6851 0 1 0
3 16 3.4442 1 1.6851 0 1 1 0 1 0
1 16 -6.3603 .5 0.76606 0 -1 0 0 0 .5 0.76606 0 0 rect2p.dat

0 BFC INVERTNEXT
1 16 5.5803 0 1.7 .78 0 .09815 0 1 0 -.16788 0 .78 8\3-8cylo.dat
1 16 5.5803 1 1.7 .78 0 .09815 0 1 0 -.16788 0 .78 8\3-8chrd.dat
5 24 5.0982 1 2.3702 5.0982 0 2.3702 5.6785 0 2.48 3.4442 0 1.6851
5 24 6.3603 1 1.5321 6.3603 0 1.5321 6.2012 0 2.1328 6.3603 1 -1.5321
1 16 4.2712 .5 2.0277 -.82701 -1 0 0 0 -.5 -0.34258 0 0 rect2p.dat
1 16 0 0 10 6.36396 0 -6.36397 0 1 0 -6.36397 0 -6.36396 1-16tang.dat
3 16 5.0982 0 2.3702 5.6785 0 2.48 6.3639 0 3.6361
3 16 6.3639 0 3.6361 5.6785 0 2.48 6.2012 0 2.1328
3 16 6.3639 0 3.6361 6.2012 0 2.1328 6.3603 0 1.5321

1 16 0 0 10 3.44415 0 -8.31492 0 1 0 -8.31492 0 -3.44415 1-8cylo.dat

0 BFC INVERTNEXT
1 16 -5.5803 0 1.7 -.78 0 -.09815 0 1 0 -.16788 0 .78 8\3-8cylo.dat
1 16 -5.5803 1 1.7 -.78 0 -.09815 0 1 0 -.16788 0 .78 8\3-8chrd.dat
5 24 -5.0982 1 2.3702 -5.0982 0 2.3702 -5.6785 0 2.48 -3.4442 0 1.6851
5 24 -6.3603 1 1.5321 -6.3603 0 1.5321 -6.2012 0 2.1328 -6.3603 1 -1.5321
1 16 -4.2712 .5 2.0277 .82701 1 0 0 0 -.5 -.34258 0 0 rect2p.dat
1 16 0 0 10 -6.36396 0 6.36397 0 1 0 -6.36397 0 -6.36396 1-16tang.dat
3 16 -5.6785 0 2.48 -5.0982 0 2.3702 -6.3639 0 3.6361
3 16 -5.6785 0 2.48 -6.3639 0 3.6361 -6.2012 0 2.1328
3 16 -6.2012 0 2.1328 -6.3639 0 3.6361 -6.3603 0 1.5321
