0 Technic Peg Hole 0.5 / Axle Hole Negative with Top Surface Extension
0 Name: npeghol5.dat
0 Author: Guy Vivan [guyvivan]
0 !LDRAW_ORG Unofficial_Primitive
0 !LICENSE Redistributable under CCAL version 2.0 : see CAreadme.txt

0 BFC CERTIFY CCW

0 !HISTORY 2009-05-02 [PTadmin] Official Update 2010-01
0 !HISTORY 2012-02-16 [Philo] Changed to CCW
0 !HISTORY 2012-03-30 [PTadmin] Official Update 2012-01
0 !HISTORY 2018-04-08 [MagFors] adapted to four digit decimals
0 !HISTORY 2022-01-14 [PTadmin] Official Update 2022-01
0 !HISTORY 2022-07-08 [SwampKryakwa] New primitive shape - corners of npegholes are now smoothed similar to the actual lego parts

0 // for insert between cylinder and axlehol4.dat or axlehol5.dat

1 16 6.3603 .5 -0.76606 0 1 0 0 0 .5 0.76606 0 0 rect2p.dat
1 16 -6.3603 .5 -0.76606 0 -1 0 0 0 .5 0.76606 0 0 rect2p.dat

0 BFC INVERTNEXT
1 16 5.5803 0 -1.7 .78 0 .09815 0 1 0 .16788 0 -.78 8\3-8cylo.dat
5 24 5.0982 1 -2.3702 5.0982 0 -2.3702 5.6785 0 -2.48 3.4442 0 -1.6851
5 24 6.3603 1 -1.5321 6.3603 0 -1.5321 6.2012 0 -2.1328 6.3603 1 1.5321
1 16 4.2712 .5 -2.0277 -.82701 -1 0 0 0 -.5 .34258 0 0 rect2p.dat
1 16 0 0 -10 6.36396 0 -6.36397 0 1 0 6.36397 0 6.36396 1-16tang.dat
3 16 5.6785 0 -2.48 5.0982 0 -2.3702 6.3639 0 -3.6361
3 16 5.6785 0 -2.48 6.3639 0 -3.6361 6.2012 0 -2.1328
3 16 6.2012 0 -2.1328 6.3639 0 -3.6361 6.3603 0 -1.5321

1 16 0 1 -10 6.36396 0 -6.36397 0 -1 0 6.36397 0 6.36396 1-16tang.dat
3 16 5.0982 1 -2.3702 5.6785 1 -2.48 6.3639 1 -3.6361
3 16 6.3639 1 -3.6361 5.6785 1 -2.48 6.2012 1 -2.1328
3 16 6.3639 1 -3.6361 6.2012 1 -2.1328 6.3603 1 -1.5321

0 BFC INVERTNEXT
1 16 -5.5803 0 -1.7 -.78 0 -.09815 0 1 0 .16788 0 -.78 8\3-8cylo.dat
5 24 -5.0982 1 -2.3702 -5.0982 0 -2.3702 -5.6785 0 -2.48 -3.4442 0 -1.6851
5 24 -6.3603 1 -1.5321 -6.3603 0 -1.5321 -6.2012 0 -2.1328 -6.3603 1 1.5321
1 16 -4.2712 .5 -2.0277 .82701 1 0 0 0 -.5 .34258 0 0 rect2p.dat
1 16 0 0 -10 -6.36396 0 6.36397 0 1 0 6.36397 0 6.36396 1-16tang.dat
3 16 -5.0982 0 -2.3702 -5.6785 0 -2.48 -6.3639 0 -3.6361
3 16 -6.3639 0 -3.6361 -5.6785 0 -2.48 -6.2012 0 -2.1328
3 16 -6.3639 0 -3.6361 -6.2012 0 -2.1328 -6.3603 0 -1.5321

1 16 0 1 -10 -6.36396 0 6.36397 0 -1 0 6.36397 0 6.36396 1-16tang.dat
3 16 -5.6785 1 -2.48 -5.0982 1 -2.3702 -6.3639 1 -3.6361
3 16 -5.6785 1 -2.48 -6.3639 1 -3.6361 -6.2012 1 -2.1328
3 16 -6.2012 1 -2.1328 -6.3639 1 -3.6361 -6.3603 1 -1.5321

1 16 0 0 -10 -3 0 0 0 1 0 0 0 3 3-16rin2.dat
1 16 0 1 -10 -3 0 0 0 -1 0 0 0 3 3-16rin2.dat
1 16 0 0 -10 3 0 0 0 1 0 0 0 3 3-16rin2.dat
1 16 0 1 -10 3 0 0 0 -1 0 0 0 3 3-16rin2.dat
4 16 2 0 -4.397 2.2962 0 -4.4566 3.4443 0 -1.6849 2 0 -1.397
4 16 -2.2962 0 -4.4566 -2 0 -4.397 -2 0 -1.397 -3.4443 0 -1.6849
4 16 -2 1 -4.397 -2.2962 1 -4.4566 -3.4443 1 -1.6849 -2 1 -1.397
4 16 2.2962 1 -4.4566 2 1 -4.397 2 1 -1.397 3.4443 1 -1.6849
1 16 -2.7222 0.5 -3.041 0 0.72215 0 0.5 0 0 0 0.14395 1.5 box2-7.dat
1 16 2.7222 0.5 -3.041 0 -0.72215 0 0.5 0 0 0 0.14395 1.5 box2-7.dat

1 16 0 0 -10 9 0 0 0 1 0 0 0 9 1-8ndis.dat
1 16 0 0 -10 -9 0 0 0 1 0 0 0 9 1-8ndis.dat

1 16 0 1 -10 9 0 0 0 -1 0 0 0 9 1-8ndis.dat
1 16 0 1 -10 -9 0 0 0 -1 0 0 0 9 1-8ndis.dat

4 16 -6.3639 1 -3.6361 -9 1 -1 -9 1 0 -6.3603 1 -1.5321
3 16 -6.3603 1 -1.5321 -9 1 0 -6.3603 1 0

4 16 9 1 -1 6.3639 1 -3.6361 6.3603 1 -1.5321 9 1 0
3 16 9 1 0 6.3603 1 -1.5321 6.3603 1 0

4 16 -9 0 -1 -6.3639 0 -3.6361 -6.3603 0 -1.5321 -9 0 0
3 16 -9 0 0 -6.3603 0 -1.5321 -6.3603 0 0

4 16 6.3639 0 -3.6361 9 0 -1 9 0 0 6.3603 0 -1.5321
3 16 6.3603 0 -1.5321 9 0 0 6.3603 0 0
