0 Technic Peg Hole with Extended Perimeter (Two Sides) and Surface
0 Name: npeghol13.dat
0 Author: Joerg Sommerer [Brickaneer]
0 !LDRAW_ORG Unofficial_Primitive
0 !LICENSE Redistributable under CCAL version 2.0 : see CAreadme.txt

0 BFC CERTIFY CCW

0 !HISTORY 2013-07-21 [PTadmin] Official Update 2013-01
0 !HISTORY 2022-07-08 [SwampKryakwa] New primitive shape - corners of npegholes are now smoothed similar to the actual lego parts

4 16 0 1 1 -3.4442 1 1.6851 -3.4442 1 -1.6851 0 1 -1
4 16 0 1 -1 3.4442 1 -1.6851 3.4442 1 1.6851 0 1 1


4 16 6.36404077 1 3.63579139 6.3641 1 -3.6358 8.31 1 -3.3394 8.31 1 3.3394
4 16 -6.36404077 1 3.63579139 -8.31 1 3.3394 -8.31 1 -3.3394 -6.3641 1 -3.6358
4 16 -9 0 -8.2097 -8.31 0 -3.3394 -8.31 0 3.3394 -9 0 8.2097

1 16 0 0 -10 6.364 0 -6.3639 0 1 0 6.3639 0 6.364 1-4cylo.dat
1 16 0 0 10 6.364 0 -6.3639 0 1 0 -6.3639 0 -6.364 1-4cylo.dat

1 16 0 0 -10 -6.3638 0 -6.364 0 1 0 6.3636 0 -6.364 1-16tang.dat
3 16 -6.3641 0 -3.6358 -7.24271195 0 -4.40031272 -7.6295996 0 -4.9021996
3 16 -7.6295996 0 -4.9021996 -7.24271195 0 -4.40031272 -7.82886004 0 -4.39429001
3 16 -7.6295996 0 -4.9021996 -7.82886004 0 -4.39429001 -8.31501762 0 -6.5561727

0 BFC INVERTNEXT
1 16 -7.582926041961669921875 0 -3.65440000530242919921875 -.727074 0 -.245934 0 1 0 .315 0 -.73989 8\3-8cylo.dat
1 16 -7.582926041961669921875 1 -3.65440000530242919921875 -.727074 0 -.245934 0 1 0 .315 0 -.73989 8\3-8chrd.dat
1 16 0 0 -10 -8.315 0 -3.4442 0 1 0 3.4442 0 -8.315 1-16tang.dat
4 16 -9 0 -8.2097 -8.31501762 0 -6.55617276 -7.828860041961669921875 0 -4.39429000530242919921875 -8.270939998761669921875 0 -3.95483972430242919921875
3 16 -9 0 -8.2097 -8.270939998761669921875 0 -3.95483972430242919921875 -8.31 0 -3.3394
3 16 -7.24271195 1 -4.40031272 -6.3641 1 -3.6358 -8.31 1 -3.3394
4 16 -6.3641 1 -3.6358 -7.24271195 1 -4.40031272 -7.24271195 0 -4.40031272 -6.3641 0 -3.6358
2 24 -6.3641 1 -3.6358 -7.24271195 1 -4.40031272
2 24 -7.24271195 0 -4.40031272 -6.3641 0 -3.6358

1 16 0 0 10 -6.3638 0 -6.364 0 1 0 -6.3636 0 6.364 1-16tang.dat
3 16 -6.3641 0 3.6358 -7.6295996 0 4.9021996 -7.24271195 0 4.40031272
3 16 -7.6295996 0 4.9021996 -7.82886004 0 4.39429001 -7.24271195 0 4.40031272
3 16 -7.6295996 0 4.9021996 -8.31501762 0 6.5561727 -7.82886004 0 4.39429001

0 BFC INVERTNEXT
1 16 -7.582926041961669921875 0 3.65440000530242919921875 -.727074 0 -.245934 0 1 0 -.315 0 .73989 8\3-8cylo.dat
1 16 -7.582926041961669921875 1 3.65440000530242919921875 -.727074 0 -.245934 0 1 0 -.315 0 .73989 8\3-8chrd.dat
1 16 0 0 10 -8.315 0 -3.4442 0 1 0 -3.4442 0 8.315 1-16tang.dat
4 16 -9 0 8.2097 -8.271 0 3.9548 -7.8288 0 4.3943 -8.315 0 6.55617276
3 16 -9 0 8.2097 -8.31 0 3.3394 -8.271 0 3.9548
3 16 -7.24271195 1 4.40031272 -8.31 1 3.3394 -6.3641 1 3.6358
4 16 -6.3641 1 3.6358 -6.3641 0 3.6358 -7.24271195 0 4.40031272 -7.24271195 1 4.40031272
2 24 -6.3641 1 3.6358 -7.24271195 1 4.40031272
2 24 -7.24271195 0 4.40031272 -6.3641 0 3.6358

4 16 3.442 1 -1.69 3.442 1 1.69 0 1 1.0057 0 1 -1.0057
4 16 0 1 -1.0057 0 1 1.0057 -3.442 1 1.69 -3.442 1 -1.69
4 16 -3.442 1 -1.69 -3.442 1 1.69 -6.36404077 1 3.63579139 -6.36404077 1 -3.63579139
1 16 -8.31 0.5 0 0 -1 0 0 0 0.5 -3.3394 0 0 rect2p.dat

1 16 0 0 -10 6.3638 0 6.364 0 1 0 6.3636 0 -6.364 1-16tang.dat
3 16 6.3641 0 -3.6358 7.6295996 0 -4.9021996 7.24271195 0 -4.40031272
3 16 7.6295996 0 -4.9021996 7.82886004 0 -4.39429001 7.24271195 0 -4.40031272
3 16 7.6295996 0 -4.9021996 8.31501762 0 -6.5561727 7.82886004 0 -4.39429001

0 BFC INVERTNEXT
1 16 7.582926041961669921875 0 -3.65440000530242919921875 .727074 0 .245934 0 1 0 .315 0 -.73989 8\3-8cylo.dat
1 16 7.582926041961669921875 1 -3.65440000530242919921875 .727074 0 .245934 0 1 0 .315 0 -.73989 8\3-8chrd.dat
1 16 0 0 -10 8.315 0 3.4442 0 1 0 3.4442 0 -8.315 1-16tang.dat
4 16 9 0 -8.2097 8.271 0 -3.9548 7.8288 0 -4.3943 8.315 0 -6.55617276
3 16 9 0 -8.2097 8.31 0 -3.3394 8.271 0 -3.9548
3 16 7.24271195 1 -4.40031272 8.31 1 -3.3394 6.3641 1 -3.6358
4 16 6.3641 1 -3.6358 6.3641 0 -3.6358 7.24271195 0 -4.40031272 7.24271195 1 -4.40031272
2 24 6.3641 1 -3.6358 7.24271195 1 -4.40031272
2 24 7.24271195 0 -4.40031272 6.3641 0 -3.6358

1 16 0 0 10 6.3638 0 6.364 0 1 0 -6.3636 0 6.364 1-16tang.dat
3 16 6.3641 0 3.6358 7.24271195 0 4.40031272 7.6295996 0 4.9021996
3 16 7.6295996 0 4.9021996 7.24271195 0 4.40031272 7.82886004 0 4.39429001
3 16 7.6295996 0 4.9021996 7.82886004 0 4.39429001 8.31501762 0 6.5561727

0 BFC INVERTNEXT
1 16 7.582926041961669921875 0 3.65440000530242919921875 .727074 0 .245934 0 1 0 -.315 0 .73989 8\3-8cylo.dat
1 16 7.582926041961669921875 1 3.65440000530242919921875 .727074 0 .245934 0 1 0 -.315 0 .73989 8\3-8chrd.dat
1 16 0 0 10 8.315 0 3.4442 0 1 0 -3.4442 0 8.315 1-16tang.dat
4 16 9 0 8.2097 8.31501762 0 6.55617276 7.8287 0 4.3941 8.2709 0 3.9548
3 16 9 0 8.2097 8.2709 0 3.9548 8.31 0 3.3394
3 16 7.24271195 1 4.40031272 6.3641 1 3.6358 8.31 1 3.3394
4 16 6.3641 1 3.6358 7.24271195 1 4.40031272 7.24271195 0 4.40031272 6.3641 0 3.6358
2 24 6.3641 1 3.6358 7.24271195 1 4.40031272
2 24 7.24271195 0 4.40031272 6.3641 0 3.6358


4 16 3.442 1 -1.69 6.36404077 1 -3.63579139 6.36404077 1 3.63579139 3.442 1 1.69
1 16 8.31 0.5 0 0 -1 0 0 0 0.5 -3.3394 0 0 rect2p.dat
