0 Technic Peg Hole Negative for Alternate Beam Type 3 Top Half w/o Ext
0 Name: npeghol19.dat
0 Author: Max Murtazin [SwampKryakwa]
0 !LDRAW_ORG Unofficial_Primitive
0 !LICENSE Redistributable under CCAL version 2.0 : see CAreadme.txt

0 BFC CERTIFY CCW

2 24 7.0693 5.5557 -1.6849 -7.0728 5.5557 -1.6849
1 16 -7.0728 9 -10 0 14.1421 0 -9 0 0 0 0 9 3-16cyli.dat
4 16 7.0728 5.5557 .5962 5.66983033 5.5557 1.52835353 3.8259 5.5557 .7653 7.0693 5.5557 -1.6849
4 16 -7.0728 5.5557 .5962 -7.0693 5.5557 -1.6849 -3.8259 5.5557 .7653 -5.66983033 5.5557 1.52835353
3 16 7.0693 5.5557 -1.6849 3.8259 5.5557 .7653 0 5.5557 0
3 16 -7.0693 5.5557 -1.6849 0 5.5557 0 -3.8259 5.5557 .7653
3 16 7.0693 5.5557 -1.6849 0 5.5557 0 -7.0728 5.5557 -1.6849

1 16 0 0 10.01671658 3.8259 0 -9.2471 0 5.5557 0 -9.2514 0 -3.8364 1-8cyli.dat
1 16 0 5.5557 10.01671658 3.8259 0 -9.2471 0 1 0 -9.2514 0 -3.8364 1-8edge.dat

4 16 7.0728 0 .5962 7.0728 5.5557 .5962 7.0728 5.5557 -1.6849 7.0728 0 -1
2 24 7.0728 0 .5962 7.0728 0 -1
2 24 7.0728 5.5557 .5962 7.0728 5.5557 -1.6849

4 16 -7.0728 0 .5962 -7.0728 0 -1 -7.0728 5.5557 -1.6849 -7.0728 5.5557 .5962
2 24 -7.0728 0 .5962 -7.0728 0 -1
2 24 -7.0728 5.5557 .5962 -7.0728 5.5557 -1.6849

0 BFC INVERTNEXT
1 16 6.2056 0 .78271658 .8672 0 .1095 0 5.5557 0 -.1865 0 .868 8\3-8cylo.dat
1 16 6.2056 5.5557 .78271658 .8672 0 .1095 0 1 0 -.1865 0 .868 8\3-8chrd.dat
1 16 0 0 10 7.071 0 -7.071 0 1 0 -7.071 0 -7.071 1-16tang.dat
1 16 7.0728 9 -10 0 1 0 -9 0 0 0 0 9 3-16ndis.dat
1 16 7.0728 9 -10 0 1 0 -9 0 0 0 0 9 3-16edge.dat
3 16 7.071 0 2.929 5.6699 0 1.52841658 6.3152 0 1.65081658
3 16 6.8962 0 1.26471658 7.071 0 2.929 6.3152 0 1.65081658
3 16 7.0728 0 .59631658 7.071 0 2.929 6.8962 0 1.26471658
4 16 3.8259 0 .7653 3.8259 5.5557 .7653 5.66983033 5.5557 1.5284 5.66983033 0 1.5284
2 24 3.8259 5.5557 .7653 5.66983033 5.5557 1.5284
2 24 5.66983033 0 1.5284 3.8259 0 .7653
2 24 7.0728 0 -1 7.0728 0 -10



0 BFC INVERTNEXT
1 16 -6.2056 0 .78271658 -.8672 0 -.1095 0 5.5557 0 -.1865 0 .868 8\3-8cylo.dat
1 16 -6.2056 5.5557 .78271658 -.8672 0 -.1095 0 1 0 -.1865 0 .868 8\3-8chrd.dat
1 16 0 0 10 -7.071 0 7.071 0 1 0 -7.071 0 -7.071 1-16tang.dat
1 16 -7.0728 9 -10 0 -1 0 -9 0 0 0 0 9 3-16ndis.dat
1 16 -7.0728 9 -10 0 1 0 -9 0 0 0 0 9 3-16edge.dat
3 16 -5.6699 0 1.52841658 -7.071 0 2.929 -6.3152 0 1.65081658
3 16 -7.071 0 2.929 -6.8962 0 1.26471658 -6.3152 0 1.65081658
3 16 -7.071 0 2.929 -7.0728 0 .59631658 -6.8962 0 1.26471658
4 16 -3.8259 0 .7653 -5.66983033 0 1.5284 -5.66983033 5.5557 1.5284 -3.8259 5.5557 .7653
2 24 -3.8259 5.5557 .7653 -5.66983033 5.5557 1.5284
2 24 -5.66983033 0 1.5284 -3.8259 0 .7653
2 24 -7.0728 0 -1 -7.0728 0 -10
