0 Technic Peg Hole Negative for Alternate Beam Type 3
0 Name: npeghol11.dat
0 Author: Philippe Hurbain [Philo]
0 !LDRAW_ORG Unofficial_Primitive
0 !LICENSE Redistributable under CCAL version 2.0 : see CAreadme.txt

0 BFC CERTIFY CCW

0 !HISTORY 2012-12-28 [PTadmin] Official Update 2012-03
0 !HISTORY 2022-07-08 [SwampKryakwa] New primitive shape - corners of npegholes are now smoothed similar to the actual lego parts

0 // Top part
1 16 0 -9 0 1 0 0 0 1 0 0 0 1 npeghol19.dat
1 16 0 -10 10 1 0 0 0 1 0 0 0 -1 2-4ring9.dat
1 16 0 -10 10 10 0 0 0 1 0 0 0 -10 2-4cylo.dat
1 16 0 -9 10 10 0 0 0 1 0 0 0 -10 1-8ndis.dat
4 16 7.0728 -9 -10 10 -9 -10 10 -9 0 7.0728 -9 2.929
1 16 0 -9 10 -10 0 0 0 1 0 0 0 -10 1-8ndis.dat
4 16 -7.0728 -9 -10 -7.0728 -9 2.929 -10 -9 0 -10 -9 -10

0 // Bottom part
1 16 0 10 10 1 0 0 0 -1 0 0 0 -1 2-4ring9.dat
1 16 0 10 10 10 0 0 0 -1 0 0 0 -10 2-4cylo.dat
1 16 0 9 10.01671658 7.079 0 -7.0734 0 -1 0 -7.0848 0 -7.0791 1-16tang.dat
1 16 0 9 10 10 0 0 0 -1 0 0 0 -10 1-8ndis.dat
1 16 0 9 10 -10 0 0 0 -1 0 0 0 -10 1-8ndis.dat
4 16 -10 9 0 -7.0728 9 2.929 -7.0728 9 -10 -10 9 -10
1 16 0 9 10 10 0 0 0 -1 0 0 0 -10 3-16ndis.dat
4 16 10 9 0 10 9 -2 8 9 -2 3.827 9 0.761
1 16 -7.071 -1 -10 0 10.8979 0 9 0 0 0 0 9 3-16cyli.dat
1 16 -7.071 -1 -10 0 1 0 9 0 0 0 0 9 3-16edge.dat
1 16 3.827 -1 -10 0 1 0 9 0 0 0 0 9 3-16edge.dat
1 16 -7.071 -1 -10 0 -1 0 9 0 0 0 0 9 3-16ndis.dat
1 16 3.827 -1 -10 0 1 0 9 0 0 0 0 9 3-16tndis.dat
2 24 3.827 2.444 -1.685 -7.071 2.444 -1.685
1 16 0 9 10 -3.8268 0 9.2388 0 -6.55585 0 -9.2388 0 -3.8268 1-16cylo.dat
1 16 0 9 10 -7.07107 0 7.07107 0 -6.55585 0 -7.07107 0 -7.07107 1-16tang.dat
3 16 -3.827 2.444 .761 0 2.444 0 -7.071 2.444 -1.685
4 16 -7.0728 9 .5962 -7.0728 2.4443 .5962 -7.0728 2.4443 -1.6849 -7.071 8 -1
0 BFC INVERTNEXT
1 16 -6.2056 9 .7827 -.8672 0 -.1095 0 -6.5557 0 -.1865 0 .868 8\3-8cylo.dat
1 16 -6.2056 2.4443 .7827 -.8672 0 -.1095 0 -1 0 -.1865 0 .868 8\3-8chrd.dat
3 16 -7.071 9 2.929 -5.6699 9 1.5284 -6.3152 9 1.6508
3 16 -6.8962 9 1.2647 -7.071 9 2.929 -6.3152 9 1.6508
3 16 -7.0728 9 .5963 -7.071 9 2.929 -6.8962 9 1.2647
4 16 -3.8259 9 .7653 -3.8259 2.4443 .7653 -5.6698 2.4443 1.5284 -5.6698 9 1.5284
4 16 -7.0728 2.4443 .5962 -5.6698 2.4443 1.5284 -3.827 2.444 .761 -7.0728 2.4443 -1.6849
2 24 -5.6699 9 1.52841658 -3.8269 9 .7612
2 24 -5.6699 2.4443 1.5284 -3.827 2.444 .761
2 24 -7.0728 2.4443 -1.6849 -7.0728 2.4443 .5962
2 24 -7.0728 9 .5962 -7.071 8 -10
3 16 -7.0728 9 .5962 -7.071 8 -1 -7.071 8 -10
1 16 0 9 10  0 0 10 0 -6.5559 0 -10 0 0 1-16tang.dat
0 BFC INVERTNEXT
1 16 3.0106 9 -.7996 -.4537 0 .684 0 -6.5557 0 .6568 0 .39 8\3-8cylo.dat
1 16 3.0106 2.4443 -.7996 -.4537 0 .684 0 -6.5557 0 .6568 0 .39 8\3-8chrd.dat
4 16 2.5569 9 -.1428 2.5569 2.4443 -.1428 0 2.444 0 0 9 0
3 16 1.989 9 0 2.5569 9 -.1428 0 9 0
4 16 3.1735 9 -.0594 2.5569 9 -.1428 1.989 9 0 3.8269 9 .7612
4 16 3.8269 2.4443 -1.6849 3.8152 2.4443 -.9883 3.8152 9 -.9883 3.827 8 -1.6849
4 16 3.8152 9 -.9883 3.8152 9 -10 3.8269 8 -10 3.827 8 -1.6849
2 24 3.81506767 2.4443 -.98825428 3.8269 2.4443 -1.6849
2 24 3.8152 9 -10 3.81506767 9 -.98825428
4 16 0 2.444 0 2.5569 2.4443 -.1428 3.8151 2.4443 -.9883 3.8269 2.4443 -1.6849
3 16 0 2.444 0 3.8269 2.4443 -1.6849 -7.0728 2.4443 -1.6849
2 24 0 2.444 0 2.5569 2.4443 -.1428
2 24 2.5569 9 -.1428 0 9 0
3 16 3.6946 9 -.4096 3.1734 9 -.0594 3.8269 9 .7612
3 16 3.8151 9 -.9883 3.6946 9 -.4096 3.8269 9 .7612
3 16 3.8151 9 -.9883 3.8269 9 .7612 8 9 -2
4 16 8 9 -2 8 9 -10 3.8152 9 -10 3.8151 9 -.9883
