0 Technic Chain Link with Two Studs
0 Name: 273cg.dat
0 Author: Niels Karsdorp [nielsk]
0 !LDRAW_ORG Part UPDATE 2024-02
0 !LICENSE Licensed under CC BY 4.0 : see CAreadme.txt

0 BFC CERTIFY CW

0 !KEYWORDS Excavator, Tractor

0 !HISTORY 2009-05-02 [PTadmin] Official Update 2009-01
0 !HISTORY 2012-10-02 [Steffen] BFC rationalisation
0 !HISTORY 2012-12-28 [PTadmin] Official Update 2012-03
0 !HISTORY 2024-03-23 [OrionP] Updated ring primitives
0 !HISTORY 2024-03-24 [OrionP] Official Update 2024-02

0 // Top

1 16 0 -12.5 -10 0 0 -16 0 1 0 6 0 0 rect.dat
1 16 -10 -12.5 -10 0 0 -1 0 1 0 1 0 0 stud.dat
1 16 10 -12.5 -10 0 0 -1 0 1 0 1 0 0 stud.dat
0 // Side 16
1 16 -16 -5 -1.5 0 -1 0 0 0 2.5 -2.5 0 0 1-4edge.dat
1 16 -16 0 0 0 -1 0 0 0 -2.5 2.5 0 0 1-4edge.dat
1 16 -16 2.5 .5 0 -1 0 0 0 2 2 0 0 1-4edge.dat
2 24 -16 -12.5 -4 -16 -5 -4
2 24 -16 -2.5 -1.5 -16 -2.5 0
2 24 -16 0 2.5 -16 2.5 2.5
2 24 -16 4.5 .5 -16 4.5 -13
2 24 -16 4.5 -13 -16 -2.5 -13
2 24 -16 -2.5 -13 -16 -2.5 -18
2 24 -16 -2.5 -18 -16 -4.5 -18
2 24 -16 -4.5 -18 -16 -10.5 -16
2 24 -16 -10.5 -16 -16 -12.5 -16
1 16 -16 -5 -1.5 0 1 0 0 0 2.5 -2.5 0 0 1-4ndis.dat
1 16 -16 0 0 0 1 0 0 0 -2.5 2.5 0 0 1-4disc.dat
1 16 -16 2.5 .5 0 1 0 0 0 2 2 0 0 1-4disc.dat
4 16 -16 -10.5 -16 -16 -4.5 -18 -16 -2.5 -18 -16 -2.5 -13
4 16 -16 -12.5 -4 -16 -12.5 -16 -16 -10.5 -16 -16 -2.5 -13
4 16 -16 -12.5 -4 -16 -2.5 -13 -16 4.5 -13 -16 -2.5 -4
3 16 -16 -2.5 0 -16 -2.5 -4 -16 0 0
3 16 -16 4.5 .5 -16 2.5 .5 -16 4.5 -13
4 16 -16 2.5 .5 -16 0 0 -16 -2.5 -4 -16 4.5 -13
4 16 -16 0 2.5 -16 0 0 -16 2.5 .5 -16 2.5 2.5
0 // Side -16
1 16 16 -5 -1.5 0 -1 0 0 0 2.5 -2.5 0 0 1-4edge.dat
1 16 16 0 0 0 -1 0 0 0 -2.5 2.5 0 0 1-4edge.dat
1 16 16 2.5 .5 0 -1 0 0 0 2 2 0 0 1-4edge.dat
2 24 16 -12.5 -4 16 -5 -4
2 24 16 -2.5 -1.5 16 -2.5 0
2 24 16 0 2.5 16 2.5 2.5
2 24 16 4.5 .5 16 4.5 -13
2 24 16 4.5 -13 16 -2.5 -13
2 24 16 -2.5 -13 16 -2.5 -18
2 24 16 -2.5 -18 16 -4.5 -18
2 24 16 -4.5 -18 16 -10.5 -16
2 24 16 -10.5 -16 16 -12.5 -16
1 16 16 -5 -1.5 0 -1 0 0 0 2.5 -2.5 0 0 1-4ndis.dat
1 16 16 0 0 0 -1 0 0 0 -2.5 2.5 0 0 1-4disc.dat
1 16 16 2.5 .5 0 -1 0 0 0 2 2 0 0 1-4disc.dat
4 16 16 -2.5 -13 16 -2.5 -18 16 -4.5 -18 16 -10.5 -16
4 16 16 -2.5 -13 16 -10.5 -16 16 -12.5 -16 16 -12.5 -4
4 16 16 -2.5 -4 16 4.5 -13 16 -2.5 -13 16 -12.5 -4
3 16 16 0 0 16 -2.5 -4 16 -2.5 0
3 16 16 4.5 -13 16 2.5 .5 16 4.5 .5
4 16 16 4.5 -13 16 -2.5 -4 16 0 0 16 2.5 .5
4 16 16 2.5 2.5 16 2.5 .5 16 0 0 16 0 2.5
0 // Sides 12
1 16 -12 -5 -1.5 0 -1 0 0 0 2.5 -2.5 0 0 1-4edge.dat
1 16 -12 0 0 0 -1 0 0 0 2.5 2.5 0 0 3-4edge.dat
1 16 -12 2.5 .5 0 -1 0 0 0 2 2 0 0 1-4edge.dat
1 16 -12 4.5 -10 0 -1 0 0 0 2 2 0 0 1-4edge.dat
1 16 -12 0 -18.5 0 -1 0 0 0 2.5 2.5 0 0 1-4edge.dat
1 16 -12 0 -20 0 -1 0 2.5 0 0 0 0 -2.5 3-8edge.dat
1 16 -12 0 -20 0 -1 0 6.5 0 0 0 0 -6.5 3-8edge.dat
1 16 -12 -3.182 -23.182 0 -1 0 -1.4142 0 -1.4142 -1.4142 0 1.4142 2-4edge.dat
2 24 -12 -8.5 -4 -12 -8.5 -8
2 24 -12 -8.5 -8 -12 4.5 -8
2 24 -12 4.5 -13 -12 4.5 .5
2 24 -12 2.5 2.5 -12 0 2.5
2 24 -12 -2.5 0 -12 -2.5 -1.5
2 24 -12 -5 -4 -12 -8.5 -4
2 24 -12 4.5 -13 -12 -2.5 -13
2 24 -12 -2.5 -13 -12 -2.5 -18
2 24 -12 -2.5 -18 -12 -4.5 -18
2 24 -12 -4.5 -18 -12 -10.5 -16
2 24 -12 -10.5 -16 -12 0 -16
2 24 -12 2.5 -18.5 -12 2.5 -20
2 24 -12 6.5 -20 -12 6.5 -10
1 16 -12 -5 -1.5 0 -1 0 0 0 2.5 -2.5 0 0 1-4ndis.dat
1 16 -12 0 0 0 -1 0 0 0 2.5 2.5 0 0 3-4ndis.dat
1 16 -12 2.5 .5 0 -1 0 0 0 2 2 0 0 1-4disc.dat
4 16 -12 -2.5 -4 -12 4.5 -8 -12 -8.5 -8 -12 -8.5 -4
4 16 -12 -2.5 -4 -12 -2.5 -2.5 -12 2.5 -2.5 -12 4.5 -8
4 16 -12 4.5 -8 -12 2.5 -2.5 -12 2.5 .5 -12 4.5 .5
4 16 -12 -10.5 -16 -12 -2.5 -16 -12 -2.5 -18 -12 -4.5 -18
1 16 -12 4.5 -10 0 1 0 0 0 2 2 0 0 1-4disc.dat
1 16 -12 0 -18.5 0 1 0 0 0 2.5 2.5 0 0 1-4ndis.dat
1 16 -12 0 -20 0 1 0 2.5 0 0 0 0 -2.5 3-8ring1.dat
1 16 -12 0 -20 0 1 0 1 0 0 0 0 -1 3-8ring5.dat
1 16 -12 0 -20 0 1 0 .5 0 0 0 0 -.5 3-8ring12.dat
1 16 -12 -3.182 -23.182 0 1 0 -1.4142 0 -1.4142 -1.4142 0 1.4142 2-4disc.dat
4 16 -12 4.5 -10 -12 4.5 -13 -12 6.5 -20 -12 6.5 -10
4 16 -12 4.5 -13 -12 -2.5 -13 -12 -2.5 -16 -12 2.5 -16
4 16 -12 4.5 -13 -12 2.5 -16 -12 2.5 -20 -12 6.5 -20
0 // Sides -12
1 16 12 -5 -1.5 0 -1 0 0 0 2.5 -2.5 0 0 1-4edge.dat
1 16 12 0 0 0 -1 0 0 0 2.5 2.5 0 0 3-4edge.dat
1 16 12 2.5 .5 0 -1 0 0 0 2 2 0 0 1-4edge.dat
1 16 12 4.5 -10 0 -1 0 0 0 2 2 0 0 1-4edge.dat
1 16 12 0 -18.5 0 -1 0 0 0 2.5 2.5 0 0 1-4edge.dat
1 16 12 0 -20 0 -1 0 2.5 0 0 0 0 -2.5 3-8edge.dat
1 16 12 0 -20 0 -1 0 6.5 0 0 0 0 -6.5 3-8edge.dat
1 16 12 -3.182 -23.182 0 -1 0 -1.4142 0 -1.4142 -1.4142 0 1.4142 2-4edge.dat
2 24 12 -8.5 -4 12 -8.5 -8
2 24 12 -8.5 -8 12 4.5 -8
2 24 12 4.5 -13 12 4.5 .5
2 24 12 2.5 2.5 12 0 2.5
2 24 12 -2.5 0 12 -2.5 -1.5
2 24 12 -5 -4 12 -8.5 -4
2 24 12 4.5 -13 12 -2.5 -13
2 24 12 -2.5 -13 12 -2.5 -18
2 24 12 -2.5 -18 12 -4.5 -18
2 24 12 -4.5 -18 12 -10.5 -16
2 24 12 -10.5 -16 12 0 -16
2 24 12 2.5 -18.5 12 2.5 -20
2 24 12 6.5 -20 12 6.5 -10
1 16 12 -5 -1.5 0 1 0 0 0 2.5 -2.5 0 0 1-4ndis.dat
1 16 12 0 0 0 1 0 0 0 2.5 2.5 0 0 3-4ndis.dat
1 16 12 2.5 .5 0 1 0 0 0 2 2 0 0 1-4disc.dat
4 16 12 -8.5 -4 12 -8.5 -8 12 4.5 -8 12 -2.5 -4
4 16 12 4.5 -8 12 2.5 -2.5 12 -2.5 -2.5 12 -2.5 -4
4 16 12 4.5 .5 12 2.5 .5 12 2.5 -2.5 12 4.5 -8
4 16 12 -4.5 -18 12 -2.5 -18 12 -2.5 -16 12 -10.5 -16
1 16 12 4.5 -10 0 -1 0 0 0 2 2 0 0 1-4disc.dat
1 16 12 0 -18.5 0 -1 0 0 0 2.5 2.5 0 0 1-4ndis.dat
1 16 12 0 -20 0 -1 0 2.5 0 0 0 0 -2.5 3-8ring1.dat
1 16 12 0 -20 0 -1 0 1 0 0 0 0 -1 3-8ring5.dat
1 16 12 0 -20 0 -1 0 .5 0 0 0 0 -.5 3-8ring12.dat
1 16 12 -3.182 -23.182 0 -1 0 -1.4142 0 -1.4142 -1.4142 0 1.4142 2-4disc.dat
4 16 12 6.5 -10 12 6.5 -20 12 4.5 -13 12 4.5 -10
4 16 12 2.5 -16 12 -2.5 -16 12 -2.5 -13 12 4.5 -13
4 16 12 6.5 -20 12 2.5 -20 12 2.5 -16 12 4.5 -13
0 // Sides 8
1 16 -8 4.5 -10 0 -1 0 0 0 2 2 0 0 1-4edge.dat
2 24 -8 4.5 -8 -8 -8.5 -8
2 24 -8 -8.5 -8 -8 -8.5 -14
2 24 -8 -8.5 -14 -8 6.5 -14
2 24 -8 6.5 -14 -8 6.5 -10
1 16 -8 0 -18.5 0 -1 0 0 0 2.5 2.5 0 0 1-4edge.dat
1 16 -8 0 -20 0 -1 0 2.5 0 0 0 0 -2.5 3-8edge.dat
1 16 -8 0 -20 0 -1 0 6.5 0 0 0 0 -6.5 3-8edge.dat
1 16 -8 -3.182 -23.182 0 -1 0 -1.4142 0 -1.4142 -1.4142 0 1.4142 2-4edge.dat
2 24 -8 0 -16 -8 6.5 -16
2 24 -8 6.5 -16 -8 6.5 -20
2 24 -8 2.5 -20 -8 2.5 -18.5
1 16 -8 4.5 -10 0 -1 0 0 0 2 2 0 0 1-4disc.dat
4 16 -8 4.5 -8 -8 4.5 -10 -8 -8.5 -14 -8 -8.5 -8
4 16 -8 -8.5 -14 -8 4.5 -10 -8 6.5 -10 -8 6.5 -14
1 16 -8 0 -18.5 0 -1 0 0 0 2.5 2.5 0 0 1-4ndis.dat
1 16 -8 0 -20 0 -1 0 2.5 0 0 0 0 -2.5 3-8ring1.dat
1 16 -8 0 -20 0 -1 0 1 0 0 0 0 -1 3-8ring5.dat
1 16 -8 0 -20 0 -1 0 .5 0 0 0 0 -.5 3-8ring12.dat
1 16 -8 -3.182 -23.182 0 -1 0 -1.4142 0 -1.4142 -1.4142 0 1.4142 2-4disc.dat
4 16 -8 6.5 -16 -8 6.5 -20 -8 2.5 -20 -8 2.5 -16
0 // Sides -8
1 16 8 4.5 -10 0 -1 0 0 0 2 2 0 0 1-4edge.dat
2 24 8 4.5 -8 8 -8.5 -8
2 24 8 -8.5 -8 8 -8.5 -14
2 24 8 -8.5 -14 8 6.5 -14
2 24 8 6.5 -14 8 6.5 -10
1 16 8 0 -18.5 0 -1 0 0 0 2.5 2.5 0 0 1-4edge.dat
1 16 8 0 -20 0 -1 0 2.5 0 0 0 0 -2.5 3-8edge.dat
1 16 8 0 -20 0 -1 0 6.5 0 0 0 0 -6.5 3-8edge.dat
1 16 8 -3.182 -23.182 0 -1 0 -1.4142 0 -1.4142 -1.4142 0 1.4142 2-4edge.dat
2 24 8 0 -16 8 6.5 -16
2 24 8 6.5 -16 8 6.5 -20
2 24 8 2.5 -20 8 2.5 -18.5
1 16 8 4.5 -10 0 1 0 0 0 2 2 0 0 1-4disc.dat
4 16 8 -8.5 -8 8 -8.5 -14 8 4.5 -10 8 4.5 -8
4 16 8 6.5 -14 8 6.5 -10 8 4.5 -10 8 -8.5 -14
1 16 8 0 -18.5 0 1 0 0 0 2.5 2.5 0 0 1-4ndis.dat
1 16 8 0 -20 0 1 0 2.5 0 0 0 0 -2.5 3-8ring1.dat
1 16 8 0 -20 0 1 0 1 0 0 0 0 -1 3-8ring5.dat
1 16 8 0 -20 0 1 0 .5 0 0 0 0 -.5 3-8ring12.dat
1 16 8 -3.182 -23.182 0 1 0 -1.4142 0 -1.4142 -1.4142 0 1.4142 2-4disc.dat
4 16 8 2.5 -16 8 2.5 -20 8 6.5 -20 8 6.5 -16
0 // Outer edge
1 16 8 0 0 0 -1 0 0 0 2.5 2.5 0 0 4-4edge.dat
1 16 -8 0 0 0 -1 0 0 0 2.5 2.5 0 0 4-4edge.dat
2 24 -12 -8.5 -4 12 -8.5 -4
2 24 -16 4.5 -13 -12 4.5 -13
2 24 -16 -2.5 -13 -12 -2.5 -13
2 24 -16 -2.5 -18 -12 -2.5 -18
2 24 -16 -4.5 -18 -12 -4.5 -18
2 24 -16 -10.5 -16 -12 -10.5 -16
2 24 16 4.5 -13 12 4.5 -13
2 24 16 -2.5 -13 12 -2.5 -13
2 24 16 -2.5 -18 12 -2.5 -18
2 24 16 -4.5 -18 12 -4.5 -18
2 24 16 -10.5 -16 12 -10.5 -16
1 16 -8 0 0 0 -1 0 0 0 2.5 2.5 0 0 4-4disc.dat
1 16 -8 0 0 0 -4 0 0 0 2.5 2.5 0 0 4-4cyli.dat
0 BFC INVERTNEXT
1 16 -16 -5 -1.5 0 4 0 0 0 2.5 -2.5 0 0 1-4cyli.dat
1 16 -16 0 0 0 4 0 0 0 -2.5 2.5 0 0 1-4cyli.dat
1 16 -16 2.5 .5 0 4 0 0 0 2 2 0 0 1-4cyli.dat
1 16 8 0 0 0 1 0 0 0 2.5 2.5 0 0 4-4disc.dat
1 16 8 0 0 0 4 0 0 0 2.5 2.5 0 0 4-4cyli.dat
0 BFC INVERTNEXT
1 16 16 -5 -1.5 0 -4 0 0 0 2.5 -2.5 0 0 1-4cyli.dat
1 16 16 0 0 0 -4 0 0 0 -2.5 2.5 0 0 1-4cyli.dat
1 16 16 2.5 .5 0 -4 0 0 0 2 2 0 0 1-4cyli.dat
4 16 -16 -12.5 -4 -12 -8.5 -4 12 -8.5 -4 16 -12.5 -4
4 16 -16 -12.5 -4 -16 -5 -4 -12 -5 -4 -12 -8.5 -4
4 16 -16 -2.5 0 -12 -2.5 0 -12 -2.5 -1.5 -16 -2.5 -1.5
4 16 -16 2.5 2.5 -12 2.5 2.5 -12 0 2.5 -16 0 2.5
4 16 -16 4.5 -13 -12 4.5 -13 -12 4.5 .5 -16 4.5 .5
4 16 -16 4.5 -13 -16 -2.5 -13 -12 -2.5 -13 -12 4.5 -13
4 16 -16 -2.5 -18 -12 -2.5 -18 -12 -2.5 -13 -16 -2.5 -13
4 16 -16 -2.5 -18 -16 -4.5 -18 -12 -4.5 -18 -12 -2.5 -18
4 16 -16 -4.5 -18 -16 -10.5 -16 -12 -10.5 -16 -12 -4.5 -18
4 16 12 -8.5 -4 12 -5 -4 16 -5 -4 16 -12.5 -4
4 16 16 -2.5 -1.5 12 -2.5 -1.5 12 -2.5 0 16 -2.5 0
4 16 16 0 2.5 12 0 2.5 12 2.5 2.5 16 2.5 2.5
4 16 16 4.5 .5 12 4.5 .5 12 4.5 -13 16 4.5 -13
4 16 12 4.5 -13 12 -2.5 -13 16 -2.5 -13 16 4.5 -13
4 16 16 -2.5 -13 12 -2.5 -13 12 -2.5 -18 16 -2.5 -18
4 16 12 -2.5 -18 12 -4.5 -18 16 -4.5 -18 16 -2.5 -18
4 16 12 -4.5 -18 12 -10.5 -16 16 -10.5 -16 16 -4.5 -18
0 // Middle Edge
2 24 -12 -8.5 -8 -8 -8.5 -8
2 24 8 -8.5 -8 12 -8.5 -8
1 16 -8 4.5 -10 0 -4 0 0 0 2 2 0 0 1-4cyli.dat
0 BFC INVERTNEXT
1 16 -8 0 -18.5 0 -4 0 0 0 2.5 2.5 0 0 1-4cyli.dat
0 BFC INVERTNEXT
1 16 -8 0 -20 0 -4 0 2.5 0 0 0 0 -2.5 3-8cyli.dat
1 16 -8 0 -20 0 -4 0 6.5 0 0 0 0 -6.5 3-8cyli.dat
1 16 -8 -3.182 -23.182 0 -4 0 -1.4142 0 -1.4142 -1.4142 0 1.4142 2-4cyli.dat
1 16 8 4.5 -10 0 4 0 0 0 2 2 0 0 1-4cyli.dat
0 BFC INVERTNEXT
1 16 8 0 -18.5 0 4 0 0 0 2.5 2.5 0 0 1-4cyli.dat
0 BFC INVERTNEXT
1 16 8 0 -20 0 4 0 2.5 0 0 0 0 -2.5 3-8cyli.dat
1 16 8 0 -20 0 4 0 6.5 0 0 0 0 -6.5 3-8cyli.dat
1 16 8 -3.182 -23.182 0 4 0 -1.4142 0 -1.4142 -1.4142 0 1.4142 2-4cyli.dat
4 16 -12 4.5 -8 -8 4.5 -8 -8 -8.5 -8 -12 -8.5 -8
3 16 -8 6.5 -14 -8 6.5 -10 -12 6.5 -10
3 16 -12 6.5 -20 -8 6.5 -20 -8 6.5 -16
4 16 -12 6.5 -10 -12 6.5 -20 -8 6.5 -16 -8 6.5 -14
4 16 -8 2.5 -18.5 -8 2.5 -20 -12 2.5 -20 -12 2.5 -18.5
4 16 12 -8.5 -8 8 -8.5 -8 8 4.5 -8 12 4.5 -8
3 16 12 6.5 -10 8 6.5 -10 8 6.5 -14
3 16 8 6.5 -16 8 6.5 -20 12 6.5 -20
4 16 8 6.5 -14 8 6.5 -16 12 6.5 -20 12 6.5 -10
4 16 12 2.5 -18.5 12 2.5 -20 8 2.5 -20 8 2.5 -18.5
4 16 -8 6.5 -16 8 6.5 -16 8 6.5 -14 -8 6.5 -14
0 // Inside
2 24 -8 -8.5 -14 8 -8.5 -14
2 24 -8 6.5 -14 8 6.5 -14
2 24 -8 6.5 -16 8 6.5 -16
3 16 -12 -8.5 -4 -12 -8.5 -8 -8 -8.5 -8
3 16 8 -8.5 -8 12 -8.5 -8 12 -8.5 -4
4 16 -12 -8.5 -4 -8 -8.5 -8 8 -8.5 -8 12 -8.5 -4
4 16 -8 -8.5 -8 -8 -8.5 -14 8 -8.5 -14 8 -8.5 -8
4 16 -8 -8.5 -14 -8 6.5 -14 8 6.5 -14 8 -8.5 -14
0 // Rear
3 16 -12 -10.5 -16 -16 -10.5 -16 -16 -12.5 -16
3 16 16 -12.5 -16 16 -10.5 -16 12 -10.5 -16
4 16 -16 -12.5 -16 16 -12.5 -16 12 -10.5 -16 -12 -10.5 -16
3 16 -8 0 -16 -12 0 -16 -12 -10.5 -16
3 16 12 -10.5 -16 12 0 -16 8 0 -16
4 16 -12 -10.5 -16 12 -10.5 -16 8 0 -16 -8 0 -16
4 16 -8 0 -16 8 0 -16 8 6.5 -16 -8 6.5 -16
