0 Constraction Block  5 x  6 x  2 Forked with 3 Fingers
0 Name: 19086.dat
0 Author: Kevin Roach [KROACH]
0 !LDRAW_ORG Unofficial_Part
0 !LICENSE Redistributable under CCAL version 2.0 : see CAreadme.txt

0 BFC CERTIFY CCW

0 !HISTORY 2020-09-05 [PTadmin] Official Update 2020-02
0 !HISTORY 2022-07-08 [SwampKryakwa] Updated part to use new version of npeghol primitives

1 16 0 0 -40 1 0 0 0 1 0 0 0 1 beamhole.dat
1 16 0 -10 -40 -9 0 0 0 20 0 0 0 -9 2-4cylo.dat
1 16 0 0 -20 1 0 0 0 1 0 0 0 1 connhol3.dat
1 16 0 0 0 1 0 0 0 1 0 0 0 1 connhol3.dat

1 16 0 -10 -10 -1 0 0 0 8 0 0 0 -1 npeghole.dat
1 16 0 -10 -20 9 0 0 0 1 0 0 0 9 1-8ndis.dat
1 16 0 -10 -20 -9 0 0 0 1 0 0 0 9 1-8ndis.dat
1 16 10 -10 0 0 0 -1 0 8 0 -1 0 0 npeghole.dat
1 16 -20 -10 0 0 0 9 0 1 0 9 0 0 1-8ndis.dat
1 16 -20 -10 0 0 0 9 0 1 0 -9 0 0 1-8ndis.dat
1 16 -10 -10 0 0 0 -1 0 8 0 -1 0 0 npeghole.dat
1 16 20 -10 0 0 0 -9 0 1 0 9 0 0 1-8ndis.dat
1 16 20 -10 0 0 0 -9 0 1 0 -9 0 0 1-8ndis.dat

1 16 10 10 0 0 0 -1 0 -8 0 -1 0 0 npeghole.dat
1 16 -20 10 0 0 0 9 0 -1 0 9 0 0 1-8ndis.dat
1 16 -20 10 0 0 0 9 0 -1 0 -9 0 0 1-8ndis.dat
1 16 -10 10 0 0 0 -1 0 -8 0 -1 0 0 npeghole.dat
1 16 20 10 0 0 0 -9 0 -1 0 9 0 0 1-8ndis.dat
1 16 20 10 0 0 0 -9 0 -1 0 -9 0 0 1-8ndis.dat

1 16 0 -10 0 0 0 1 0 10.5 0 1 0 0 npeghol15b.dat
1 16 0 -10 0 0 0 -1 0 10.5 0 1 0 0 npeghol15b.dat
1 16 0 10 0 1 0 0 0 -8 0 0 0 1 npeghol6d.dat
1 16 0 10 0 -1 0 0 0 -8 0 0 0 1 npeghol6d.dat

1 16 0 10 0 0.383 0 0.924 0 -1 0 -0.924 0 0.383 7-8ring8.dat
1 16 0 8 0 -0.383 0 0.924 0 -1 0 -0.924 0 -0.383 1-8ring8.dat
0 BFC INVERTNEXT
1 16 0 10 0 3.061 0 7.391 0 -2 0 -7.391 0 3.061 7-8cylo.dat
1 16 0 8 0 2 0 0 0 -1 0 0 0 2 4-4ring3.dat
1 16 0 10 -20 -0.383 0 -0.924 0 -1 0 0.924 0 -0.383 7-8ring8.dat
1 16 0 8 -20 0.383 0 -0.924 0 -1 0 0.924 0 0.383 1-8ring8.dat
0 BFC INVERTNEXT
1 16 0 10 -20 -3.061 0 -7.391 0 -2 0 7.391 0 -3.061 7-8cylo.dat
1 16 0 8 -20 2 0 0 0 -1 0 0 0 2 4-4ring3.dat
1 16 0 10 -20 9 0 0 0 -1 0 0 0 9 1-8ndis.dat
1 16 0 10 -20 -9 0 0 0 -1 0 0 0 9 1-8ndis.dat
4 16 -9 10 -11 -6.364 10 -11.772 -5.247 10 -12.889 -6.364 10 -13.636
4 16 6.364 10 -13.636 5.247 10 -12.889 6.364 10 -11.772 9 10 -11
4 16 -9 10 -11 -9 10 -9 -6.364 10 -8.228 -6.364 10 -11.772
4 16 6.364 10 -11.772 6.364 10 -8.228 9 10 -9 9 10 -11
4 16 -9 10 -9 -6.364 10 -6.364 -5.247 10 -7.11 -6.364 10 -8.228
4 16 6.364 10 -8.228 5.247 10 -7.11 6.364 10 -6.364 9 10 -9
4 16 -5.247 8 -7.11 -5.247 8 -12.889 -6.364 8 -11.772 -6.364 8 -8.228
4 16 -3.444 8 -8.315 -3.444 8 -11.685 -5.247 8 -12.889 -5.247 8 -7.11
4 16 0 8 -9 0 8 -11 -2.272 8 -11.452 -2.272 8 -8.548
4 16 6.364 8 -8.228 6.364 8 -11.772 5.247 8 -12.889 5.247 8 -7.11
4 16 5.247 8 -7.11 5.247 8 -12.889 3.444 8 -11.685 3.444 8 -8.315
4 16 3.444 8 -8.315 3.444 8 -11.685 2.272 8 -11.452 2.272 8 -8.548
1 16 -4.3455 9 -7.7125 0 0 -0.9015 -1 0 0 0 1 0.6025 rect3.dat
1 16 -5.8055 9 -7.669 0 -1 -0.5585 -1 0 0 0 0 -0.559 rect3.dat
1 16 -6.364 9 -10 0 -1 0 -1 0 0 0 0 -1.772 rect3.dat
1 16 -5.8055 9 -12.3305 0 0 0.5585 -1 0 0 0 -1 -0.5585 rect3.dat
1 16 -4.3455 9 -12.287 0.9015 0 0 0 0 1 0.602 -1 0 rect2p.dat
5 24 -3.444 10 -8.315 -3.444 8 -8.315 -5.247 10 -7.11 0 10 -9
5 24 -3.444 10 -11.685 -3.444 8 -11.685 -5.247 10 -12.889 0 10 -11
1 16 4.3455 9 -7.7125 0 0 0.9015 1 0 0 0 1 0.6025 rect3.dat
1 16 5.8055 9 -7.669 0 1 0.5585 1 0 0 0 0 -0.559 rect3.dat
1 16 6.364 9 -10 0 1 0 1 0 0 0 0 -1.772 rect3.dat
1 16 5.8055 9 -12.3305 0 0 -0.5585 1 0 0 0 -1 -0.5585 rect3.dat
1 16 4.3455 9 -12.287 0.9015 0 0 0 0 1 -0.602 -1 0 rect2p.dat
5 24 3.444 10 -8.315 3.444 8 -8.315 5.247 10 -7.11 0 10 -9
5 24 3.444 10 -11.685 3.444 8 -11.685 5.247 10 -12.889 0 10 -11
3 16 -2.081 8 -7.586 -3.062 10 -7.391 -3.062 8 -7.391
4 16 -3.444 10 -8.315 -3.253 10 -8.353 -2.272 8 -8.548 -3.444 8 -8.315
2 24 -2.081 8 -7.586 -3.062 8 -7.391
2 24 -3.444 10 -8.315 -3.253 10 -8.353
2 24 -2.272 8 -8.548 -3.444 8 -8.315
3 16 -3.253 10 -8.353 -3.444 10 -8.315 -3.062 10 -7.391
1 16 -2.667 9 -7.9695 0.0955 -1 0.4905 0 0 -1 0.481 0 -0.0975 rect.dat
3 16 -3.062 10 -12.609 -2.081 8 -12.414 -3.062 8 -12.609
4 16 -3.444 8 -11.685 -2.272 8 -11.452 -3.253 10 -11.647 -3.444 10 -11.685
2 24 -2.081 8 -12.414 -3.062 8 -12.609
2 24 -3.444 10 -11.685 -3.253 10 -11.647
2 24 -2.272 8 -11.452 -3.444 8 -11.685
3 16 -3.062 10 -12.609 -3.444 10 -11.685 -3.253 10 -11.647
1 16 -2.667 9 -12.0305 -0.0955 -1 0.4905 0 0 -1 0.481 0 0.0975 rect.dat
3 16 3.062 10 -7.391 2.081 8 -7.586 3.062 8 -7.391
4 16 3.444 8 -8.315 2.272 8 -8.548 3.253 10 -8.353 3.444 10 -8.315
2 24 2.081 8 -7.586 3.062 8 -7.391
2 24 3.444 10 -8.315 3.253 10 -8.353
2 24 2.272 8 -8.548 3.444 8 -8.315
3 16 3.444 10 -8.315 3.253 10 -8.353 3.062 10 -7.391
1 16 2.667 9 -7.9695 -0.0955 1 0.4905 0 0 1 0.481 0 0.0975 rect.dat
3 16 2.081 8 -12.414 3.062 10 -12.609 3.062 8 -12.609
4 16 3.444 10 -11.685 3.253 10 -11.647 2.272 8 -11.452 3.444 8 -11.685
2 24 2.081 8 -12.414 3.062 8 -12.609
2 24 3.444 10 -11.685 3.253 10 -11.647
2 24 2.272 8 -11.452 3.444 8 -11.685
3 16 3.444 10 -11.685 3.062 10 -12.609 3.253 10 -11.647
1 16 2.667 9 -12.0305 0.0955 1 0.4905 0 0 1 0.481 0 -0.0975 rect.dat
4 16 -3.444 8 -11.685 -3.444 8 -8.315 -2.272 8 -8.548 -2.272 8 -11.452
4 16 0 8 -11 0 8 -9 2.272 8 -8.548 2.272 8 -11.452
5 24 -3.062 10 -7.391 -3.062 8 -7.391 -2.081 8 -7.586 -5.6571 10 -5.65659
5 24 -3.062 8 -12.609 -3.062 10 -12.609 -2.081 8 -12.414 -5.65659 10 -14.3429
5 24 3.062 8 -7.391 3.062 10 -7.391 2.081 8 -7.586 5.65659 10 -5.6571
5 24 3.062 10 -12.609 3.062 8 -12.609 2.081 8 -12.414 5.6571 10 -14.3434
1 16 -9 0 -24.5 0 1 0 -10 0 0 0 0 15.5 rect3.dat
1 16 9 0 -24.5 0 -1 0 10 0 0 0 0 15.5 rect3.dat
1 16 -20 0 0 1 0 0 0 1 0 0 0 1 connhole.dat
1 16 -20 -10 0 0 0 -9 0 1 0 9 0 0 2-4ndis.dat
1 16 -30 10 0 0 0 1 0 -16 0 1 0 0 npeghol7a.dat
1 16 20 0 0 1 0 0 0 1 0 0 0 1 connhole.dat
1 16 20 -10 0 0 0 9 0 1 0 -9 0 0 2-4ndis.dat
1 16 30 10 0 0 0 -1 0 -16 0 -1 0 0 npeghol7a.dat
1 16 -40 -20 0 0 1 0 -1 0 0 0 0 1 connhol3.dat
1 16 -50 -20 0 0 16 0 0 0 1 -1 0 0 npeghol6a.dat
1 16 -50 -20 0 0 16 0 0 0 1 1 0 0 npeghol6d.dat
1 16 -50 -20 0 0 8 0 1 0 0 0 0 1 npeghol6d.dat
1 16 -50 -20 0 0 9 0 0 0 -9 -9 0 0 1-4cyli.dat
1 16 -50 -20 0 0 1 0 0 0 -9 -9 0 0 1-4edge.dat
1 16 -41 -20 0 0 2 0 0 0 -9 -9 0 0 3-16cyli.dat
1 16 -39 -20 0 0 7 0 0 0 -9 -9 0 0 1-4cyli.dat
1 16 -41 -20 0 0 -1 0 -9 0 0 0 0 -9 1-16chrd.dat
1 16 -41 -20 0 0 1 0 -9 0 0 0 0 -9 1-16edge.dat
1 16 -39 -20 0 0 1 0 -9 0 0 0 0 -9 1-16chrd.dat
1 16 -39 -20 0 0 1 0 -9 0 0 0 0 -9 1-16edge.dat
1 16 -30 -20 0 0 -1 0 0 0 1 1 0 0 peghole6.dat
1 16 -30 -20 0 0 -1 0 0 0 8 8 0 0 2-4ndis.dat
1 16 -29.5 -10 0 -0.5 0 0 0 1 0 0 0 -9 rect1.dat
4 16 -30 -10 -9 -30 -10 9 -30 -11 9 -30 -12 -8
4 16 -30 -11 9 -30 -11 40 -30 -12 40 -30 -12 -8
4 16 -30 -12 -8 -30 -20 -8 -30 -20 -9 -30 -10 -9
1 16 -30 -20 -8.5 0 -2 0 0 0 -0.5 -0.5 0 0 8\2-4cylo.dat
1 16 -30 -20 -8.5 0 -1 0 0 0 -0.5 -0.5 0 0 8\2-4chrd.dat
1 16 -50 -20 0 0 8 0 -1 0 0 0 0 1 npeghol6a.dat
1 16 -40 -20 20 0 1 0 -1 0 0 0 0 1 connhol3.dat
1 16 -50 -20 10 0 8 0 -1 0 0 0 0 1 npeghol7a.dat
1 16 -50 -20 30 0 8 0 -1 0 0 0 0 1 npeghol2.dat
1 16 -30 -20 20 0 -1 0 0 0 1 -1 0 0 peghole4.dat
1 16 -30 -20 20 0 -1 0 0 0 8 8 0 0 2-4ndis.dat
1 16 -40 -20 40 0 1 0 -1 0 0 0 0 1 connhol3.dat
1 16 -30 -20 40 0 -1 0 0 0 1 1 0 0 1-4ring8.dat
1 16 -50 -20 40 0 9 0 0 0 -9 9 0 0 1-4cyli.dat
1 16 -50 -20 40 0 1 0 0 0 -9 9 0 0 1-4edge.dat
1 16 -41 -20 40 0 2 0 0 0 -9 9 0 0 3-16cyli.dat
1 16 -39 -20 40 0 7 0 0 0 -9 9 0 0 1-4cyli.dat
1 16 -50 -20 40 0 20 0 9 0 0 0 0 9 1-4cylo.dat
1 16 -41 -20 40 0 -1 0 -9 0 0 0 0 9 1-16chrd.dat
1 16 -41 -20 40 0 1 0 -9 0 0 0 0 9 1-16edge.dat
1 16 -39 -20 40 0 1 0 -9 0 0 0 0 9 1-16chrd.dat
1 16 -39 -20 40 0 1 0 -9 0 0 0 0 9 1-16edge.dat
1 16 -30 -20 40 0 -1 0 0 0 1 -1 0 0 peghole6.dat
1 16 -30 -20 40 0 -1 0 0 0 8 -8 0 0 1-4ndis.dat
1 16 -30 -20 48.5 0 -2 0 0 0 -0.5 -0.5 0 0 8\2-4cylo.dat
1 16 -30 -20 48.5 0 -1 0 0 0 -0.5 -0.5 0 0 8\2-4chrd.dat
1 16 -30 -20.5 10 0 -1 0 -8.5 0 0 0 0 -2 rect1.dat
1 16 -30 -20.5 30 0 -1 0 -8.5 0 0 0 0 -2 rect1.dat
1 16 40 -20 40 0 -1 0 -1 0 0 0 0 -1 connhol3.dat
1 16 30 -20 40 0 1 0 0 0 1 1 0 0 1-4ring8.dat
1 16 50 -20 40 0 -9 0 0 0 -9 9 0 0 1-4cyli.dat
1 16 50 -20 40 0 -1 0 0 0 -9 9 0 0 1-4edge.dat
1 16 41 -20 40 0 -2 0 0 0 -9 9 0 0 3-16cyli.dat
1 16 39 -20 40 0 -7 0 0 0 -9 9 0 0 1-4cyli.dat
1 16 50 -20 40 0 -20 0 9 0 0 0 0 9 1-4cylo.dat
1 16 41 -20 40 0 1 0 -9 0 0 0 0 9 1-16edge.dat
1 16 41 -20 40 0 1 0 -9 0 0 0 0 9 1-16chrd.dat
1 16 39 -20 40 0 -1 0 -9 0 0 0 0 9 1-16chrd.dat
1 16 39 -20 40 0 1 0 -9 0 0 0 0 9 1-16edge.dat
1 16 30 -20 40 0 1 0 0 0 1 -1 0 0 peghole6.dat
1 16 30 -20 40 0 1 0 0 0 8 -8 0 0 1-4ndis.dat
1 16 30 -20 48.5 0 2 0 0 0 -0.5 0.5 0 0 8\2-4cylo.dat
1 16 30 -20 48.5 0 1 0 0 0 -0.5 0.5 0 0 8\2-4chrd.dat
1 16 40 -20 20 0 -1 0 -1 0 0 0 0 -1 connhol3.dat
1 16 50 -20 30 0 -8 0 -1 0 0 0 0 -1 npeghol2.dat
1 16 30 -20 20 0 1 0 0 0 1 1 0 0 peghole4.dat
1 16 30 -20 20 0 1 0 0 0 8 -8 0 0 2-4ndis.dat
1 16 40 -20 0 0 -1 0 -1 0 0 0 0 -1 connhol3.dat
1 16 50 -20 0 0 -16 0 0 0 1 1 0 0 npeghol6d.dat
1 16 50 -20 0 0 -8 0 1 0 0 0 0 1 npeghol6d.dat
1 16 50 -20 0 0 -8 0 -1 0 0 0 0 1 npeghol6a.dat
1 16 50 -20 0 0 -16 0 0 0 1 -1 0 0 npeghol6a.dat
1 16 41 -20 0 0 1 0 -9 0 0 0 0 -9 1-16edge.dat
1 16 41 -20 0 0 1 0 -9 0 0 0 0 -9 1-16chrd.dat
1 16 39 -20 0 0 1 0 -9 0 0 0 0 -9 1-16edge.dat
1 16 39 -20 0 0 -1 0 -9 0 0 0 0 -9 1-16chrd.dat
1 16 41 -20 0 0 -2 0 0 0 -9 -9 0 0 3-16cyli.dat
1 16 50 -20 0 0 -1 0 0 0 -9 -9 0 0 1-4edge.dat
1 16 50 -20 0 0 -9 0 0 0 -9 -9 0 0 1-4cyli.dat
1 16 39 -20 0 0 -7 0 0 0 -9 -9 0 0 1-4cyli.dat
1 16 30 -20 0 0 1 0 0 0 1 1 0 0 peghole6.dat
1 16 30 -20 0 0 1 0 0 0 8 -8 0 0 2-4ndis.dat
1 16 29.5 -10 0 0.5 0 0 0 1 0 0 0 9 rect1.dat
2 24 37.8629 -12.206 4.5 38.435251 -12.778351 5.357739
4 16 30 -12 -8 30 -11 9 30 -10 9 30 -10 -9
4 16 30 -12 -8 30 -12 40 30 -11 40 30 -11 9
4 16 30 -10 -9 30 -20 -9 30 -20 -8 30 -12 -8
1 16 30 -20 -8.5 0 2 0 0 0 -0.5 0.5 0 0 8\2-4cylo.dat
1 16 30 -20 -8.5 0 1 0 0 0 -0.5 0.5 0 0 8\2-4chrd.dat
1 16 30 -20.5 10 0 1 0 -8.5 0 0 0 0 2 rect1.dat
1 16 30 -20.5 30 0 1 0 -8.5 0 0 0 0 2 rect1.dat
1 16 50 -20 10 0 -8 0 1 0 0 0 0 1 npeghol7a.dat
1 16 -40 -11 24.5 10 0 0 0 -1 0 0 0 -15.5 rect3.dat
4 16 -32 -29 0 -32 -29 8 -39 -29 10 -39 -29 0
4 16 -30 -29 8 -30 -29 12 -39 -29 10 -32 -29 8
4 16 -41 -29 0 -41 -29 10 -50 -29 12 -50 -29 0
4 16 -39 -29 10 -30 -29 12 -50 -29 12 -41 -29 10
4 16 -32 -29 12 -32 -29 28 -50 -29 28 -50 -29 12
4 16 -30 -29 28 -39 -29 30 -41 -29 30 -50 -29 28
4 16 -30 -29 28 -30 -29 32 -32 -29 32 -39 -29 30
4 16 -32 -29 32 -32 -29 40 -39 -29 40 -39 -29 30
4 16 -41 -29 30 -41 -29 40 -50 -29 40 -50 -29 28
2 24 -50 -29 0 -50 -29 40
0 BFC INVERTNEXT
1 16 -40 -28.657 3.278 1 0 0 0 0.34255 0 0 0 6.7221 box2-5.dat
4 16 -41 -28.3149 -3.4442 -41 -28.3149 10 -41 -29 10 -41 -29 0
2 24 -41 -29 0 -41 -29 10
4 16 -39 -29 0 -39 -29 10 -39 -28.3149 10 -39 -28.3149 -3.4442
2 24 -39 -29 0 -39 -29 10
0 BFC INVERTNEXT
1 16 -40 -28.657 36.722 -1 0 0 0 0.34255 0 0 0 -6.7221 box2-5.dat
4 16 -41 -28.3149 30 -41 -28.3149 43.4442 -41 -29 40 -41 -29 30
2 24 -41 -29 30 -41 -29 40
4 16 -39 -29 30 -39 -29 40 -39 -28.3149 43.4442 -39 -28.3149 30
2 24 -39 -29 30 -39 -29 40
1 16 40 -11 24.5 10 0 0 0 -1 0 0 0 -15.5 rect3.dat
4 16 39 -29 0 39 -29 10 32 -29 8 32 -29 0
4 16 32 -29 8 39 -29 10 30 -29 12 30 -29 8
4 16 50 -29 0 50 -29 12 41 -29 10 41 -29 0
4 16 41 -29 10 50 -29 12 30 -29 12 39 -29 10
4 16 50 -29 12 50 -29 28 32 -29 28 32 -29 12
4 16 50 -29 28 41 -29 30 39 -29 30 30 -29 28
4 16 39 -29 30 32 -29 32 30 -29 32 30 -29 28
4 16 39 -29 30 39 -29 40 32 -29 40 32 -29 32
4 16 50 -29 28 50 -29 40 41 -29 40 41 -29 30
2 24 50 -29 0 50 -29 40
0 BFC INVERTNEXT
1 16 40 -28.657 3.278 1 0 0 0 0.34255 0 0 0 6.7221 box2-5.dat
4 16 39 -28.3149 -3.4442 39 -28.3149 10 39 -29 10 39 -29 0
2 24 39 -29 0 39 -29 10
4 16 41 -29 0 41 -29 10 41 -28.3149 10 41 -28.3149 -3.4442
2 24 41 -29 0 41 -29 10
0 BFC INVERTNEXT
1 16 40 -28.657 36.722 -1 0 0 0 0.34255 0 0 0 -6.7221 box2-5.dat
4 16 39 -28.3149 30 39 -28.3149 43.4442 39 -29 40 39 -29 30
2 24 39 -29 30 39 -29 40
4 16 41 -29 30 41 -29 40 41 -28.3149 43.4442 41 -28.3149 30
2 24 41 -29 30 41 -29 40
1 16 0 -20 40 -1 0 0 0 1 0 0 0 -1 connhole.dat
1 16 0 -30 40 1 0 0 0 9 0 0 0 -1 npeghol6b.dat
1 16 0 -30 40 -1 0 0 0 9 0 0 0 -1 npeghol6b.dat
1 16 0 -10 30 -1 0 0 0 -11 0 0 0 1 npeghol7a.dat
1 16 0 -20 60 -1 0 0 0 1 0 0 0 -1 beamhole.dat
1 16 0 -30 60 9 0 0 0 20 0 0 0 9 2-4cylo.dat
4 16 -50 -10 -9 -30 10 -9 -9 10 -9 -9 -10 -9
1 16 -40 -15 -9 0 0 10 5 0 0 0 1 0 rect2p.dat
2 24 -9 10 -9 -30 10 -9
2 24 -9 -10 -9 -30 -10 -9
4 16 -9 -10 9 -9 10 9 -30 10 9 -50 -10 9
1 16 -40 -10.5 9 0 0 10 -0.5 0 0 0 -1 0 rect2p.dat
2 24 -9 10 9 -30 10 9
2 24 -9 -10 9 -30 -10 9
4 16 -30 -4.3431 6.364 -35.6569 -10 6.364 -50 -10 6.364 -30 10 6.364
4 16 -30 10 -6.364 -50 -10 -6.364 -35.6569 -10 -6.364 -30 -4.3431 -6.364
4 16 9 -10 -9 9 10 -9 30 10 -9 50 -10 -9
1 16 40 -15 -9 0 0 -10 -5 0 0 0 1 0 rect2p.dat
2 24 9 10 -9 30 10 -9
2 24 9 -10 -9 30 -10 -9
4 16 50 -10 9 30 10 9 9 10 9 9 -10 9
1 16 40 -10.5 9 0 0 -10 0.5 0 0 0 -1 0 rect2p.dat
2 24 9 10 9 30 10 9
2 24 9 -10 9 30 -10 9
4 16 30 10 6.364 50 -10 6.364 35.6569 -10 6.364 30 -4.3431 6.364
4 16 30 -4.3431 -6.364 35.6569 -10 -6.364 50 -10 -6.364 30 10 -6.364
1 16 -40 0 -7.682 -10 1 0 -10 0 0 0 0 1.318 rect.dat
1 16 40 0 -7.682 10 -1 0 -10 0 0 0 0 -1.318 rect.dat
1 16 -40 0 7.682 -10 1 0 -10 0 0 0 0 1.318 rect.dat
1 16 40 0 7.682 10 -1 0 -10 0 0 0 0 -1.318 rect.dat
1 16 -9 0 9.5 0 1 0 10 0 0 0 0 -0.5 rect3.dat
0 // filler1
1 16 -32.82845 -7.17155 0 6.46445 0 0 6.46445 -1 0 0 0 -6.364 rect2p.dat
1 16 -20 5.657 0 -9 0 0 -9 1 0 0 0 -9 1-8edge.dat
1 16 -20 5.657 0 -9 0 0 -9 -1 0 0 0 9 1-8edge.dat
0 // filler2
1 16 32.82845 -7.17155 0 6.46445 0 0 -6.46445 -1 0 0 0 -6.364 rect2p.dat
1 16 -9 -10 20 0 1 0 -10 0 10 10 0 0 rect2p.dat
1 16 -6.364 -4 20 0 -1 0 4 0 -10 0 0 10 rect1.dat
1 16 -6.36 -16 20 0 -1 0 -4 0 10 0 0 -10 rect1.dat
1 16 9 0 9.5 0 -1 0 -10 0 0 0 0 -0.5 rect3.dat
1 16 9 -10 20 0 -1 0 -10 0 -10 10 0 0 rect2p.dat
1 16 6.364 -4 20 0 1 0 4 0 10 0 0 -10 rect1.dat
1 16 6.36 -16 20 0 1 0 -4 0 -10 0 0 10 rect1.dat
1 16 -1.8 -16 20 0 1 0 -4 0 -10 0 0 10 rect1.dat
1 16 1.8 -16 20 0 -1 0 -4 0 10 0 0 -10 rect1.dat
2 24 -1.8 -1.4704 8.642 -1.8 -24.1865 31.358
2 24 1.8 -1.4704 8.642 1.8 -24.1865 31.358
1 16 -7.68 -20 20 -1.32 0 0 0 1 10 0 0 -10 rect2p.dat
1 16 7.68 -20 20 -1.32 0 0 0 1 10 0 0 -10 rect2p.dat
1 16 0 -20 20 -1.8 0 0 0 1 10 0 0 -10 rect2p.dat
1 16 -7.682 0 20 1.318 0 0 0 -1 10 0 0 -10 rect2p.dat
1 16 7.682 0 20 1.318 0 0 0 -1 10 0 0 -10 rect2p.dat
4 16 -6.364 6.4645 6.364 -6.364 -20.8076 33.636 6.364 -20.8076 33.636 6.364 6.4645 6.364
2 4 -6.364 2 10 6.364 2 10
2 24 -6.364 -18 30 6.364 -18 30
4 16 -6.3639 -26.4641 33.6361 -6.3639 .8081 6.3639 -1.8 -1.4704 8.642 -1.8 -24.1865 31.358
4 16 6.3639 .8081 6.3639 6.3639 -26.4641 33.6361 1.8 -24.1865 31.358 1.8 -1.4704 8.642

1 16 0 12.828 0 0 0 -9 -9 1 0 9 0 0 1-16edge.dat
1 16 0 12.828 0 0 0 9 -9 -1 0 9 0 0 1-16edge.dat
1 16 0 -27.172 40 0 0 9 9 1 0 -9 0 0 1-16edge.dat
1 16 0 -27.172 40 0 0 -9 9 -1 0 -9 0 0 1-16edge.dat


1 16 9 -20 55 0 -1 0 0 0 10 -5 0 0 rect2p.dat
1 16 9 -28.302 40 0 -1 0 -1.698 0 0 0 0 -10 rect1.dat


2 24 9 -10 50 9 -10 60
1 16 9 -26.604 29.5 0 2 0 0 0 -1.5 1.5 0 0 3-8cyli.dat
1 16 9 -26.604 29.5 0 1 0 0 0 -1.5 1.5 0 0 3-8edge.dat
1 16 11 -26.604 29.5 0 0.37 0 -1.5 0 0 0 0 1.5 1-4cyls.dat
1 16 11 -26.604 29.5 0 0.37 0 -1.5 0 0 0 0 -1.5 1-8cyls.dat
1 16 11.37 -26.604 29.5 0 -1 -0.37 0 0 -1.5 1.5 0 0 3-8edge.dat
1 16 11.37 -26.604 29.5 0 -1 -0.37 0 0 -1.5 1.5 0 0 3-8chrd.dat
5 24 11 -27.66465 28.43935 9 -27.66465 28.43935 11 -27.98985 28.92595 11 -27.17805 28.11415
0 BFC INVERTNEXT
1 16 10 -20 40 0 3 0 0 0 9 -9 0 0 1-8cylo.dat
1 16 13 -20 40 0 -1 0 0 0 9 -9 0 0 1-8tang.dat
1 16 9 -20 40 0 4 0 0 0 14.142 -14.142 0 0 1-8cylo.dat
1 16 13 -20 40 0 -1 0 0 0 14.142 -14.142 0 0 1-8ering.dat
5 24 13 -20 25.858 9 -20 25.858 13 -14.588 26.934 11.664 -25.412 26.934
4 16 9 -20 25.858 13 -20 25.858 11.664 -25.412 26.934 9 -25.412 26.934
2 24 9 -20 25.858 9 -25.412 26.934
2 24 13 -20 25.858 11.664 -25.412 26.934
4 16 9 -25.412 26.934 11.664 -25.412 26.934 11.108 -27.664 28.439 9 -27.664 28.439
2 24 9 -25.412 26.934 9 -27.664 28.439
2 24 11.664 -25.412 26.934 11.108 -27.664 28.439
5 24 9 -25.412 26.934 11.664 -25.412 26.934 9 -30 30 9 -20 25.858
1 16 11 -10 31.818 2 0 0 0 -1 0 0 0 -1.818 rect2a.dat
1 16 11.5 -11.818 33.636 1.5 0 0 0 0 1.818 0 -1 0 rect.dat
4 16 10 -26.604 31 11.37 -26.604 31 13 -20 31 10 -20 31
2 24 10 -20 31 10 -26.604 31
2 24 13 -20 31 11.37 -26.604 31
0 // face1
4 16 13 -20 31 11.37 -26.604 31 11.664 -25.412 26.934 13 -20 25.858
3 16 11.37 -26.604 31 11.108 -27.664 28.439 11.664 -25.412 26.934
2 24 13 -20 25.858 13 -20 31
3 16 13 -10 33.636 13 -13.636 33.636 13 -10 30
0 // 2
1 16 9 -26.604 50.5 0 2 0 0 0 -1.5 -1.5 0 0 3-8cyli.dat
1 16 9 -26.604 50.5 0 1 0 0 0 -1.5 -1.5 0 0 3-8edge.dat
1 16 11 -26.604 50.5 0 0.37 0 -1.5 0 0 0 0 -1.5 1-4cyls.dat
1 16 11 -26.604 50.5 0 0.37 0 -1.5 0 0 0 0 1.5 1-8cyls.dat
1 16 11.37 -26.604 50.5 0 1 -0.37 0 0 -1.5 -1.5 0 0 3-8edge.dat
1 16 11.37 -26.604 50.5 0 -1 -0.37 0 0 -1.5 -1.5 0 0 3-8chrd.dat
5 24 11 -27.66465 51.56065 9 -27.66465 51.56065 11 -27.17805 51.88585 11 -27.98985 51.07405
0 BFC INVERTNEXT
1 16 10 -20 40 0 3 0 0 0 9 9 0 0 1-8cylo.dat
1 16 13 -20 40 0 -1 0 0 0 9 9 0 0 1-8tang.dat
1 16 9 -20 40 0 4 0 0 0 14.142 14.142 0 0 1-8cylo.dat
1 16 13 -20 40 0 -1 0 0 0 14.142 14.142 0 0 1-8ering.dat
5 24 9 -20 54.142 13 -20 54.142 11.664 -25.412 53.066 13 -14.588 53.066
4 16 9 -25.412 53.066 11.664 -25.412 53.066 13 -20 54.142 9 -20 54.142
2 24 9 -20 54.142 9 -25.412 53.066
2 24 13 -20 54.142 11.664 -25.412 53.066
4 16 9 -27.664 51.561 11.108 -27.664 51.561 11.664 -25.412 53.066 9 -25.412 53.066
2 24 9 -25.412 53.066 9 -27.664 51.561
2 24 11.664 -25.412 53.066 11.108 -27.664 51.561
5 24 9 -25.412 53.066 11.664 -25.412 53.066 9 -30 50 9 -20 54.142
1 16 11 -10 48.182 0 0 2 0 -1 0 1.818 0 0 rect2a.dat
1 16 11.5 -11.818 46.364 1.5 0 0 0 0 -1.818 0 1 0 rect.dat
4 16 10 -20 49 13 -20 49 11.37 -26.604 49 10 -26.604 49
2 24 10 -20 49 10 -26.604 49
2 24 13 -20 49 11.37 -26.604 49
0 // face2
4 16 13 -20 54.142 11.664 -25.412 53.066 11.37 -26.604 49 13 -20 49
3 16 11.664 -25.412 53.066 11.108 -27.664 51.561 11.37 -26.604 49
2 24 13 -20 54.142 13 -20 49
3 16 13 -10 50 13 -13.636 46.364 13 -10 46.364
0 // middle
2 24 9 -26.604 31 9 -26.604 49
1 16 9.5 -20.12 40 0 0.5 0 0 0 -6.484 -9 0 0 box2-11.dat
1 16 9.5 -11.818 40 0 0.5 0 0 0 1.818 6.364 0 0 box2-11.dat
2 24 9 -26.604 31 10 -26.604 31
2 24 9 -26.604 49 10 -26.604 49

1 16 -9 -20 55 0 1 0 0 0 10 -5 0 0 rect2p.dat
1 16 -9 -28.302 40 0 1 0 -1.698 0 0 0 0 -10 rect1.dat
1 16 -9 -26.604 29.5 0 -2 0 0 0 -1.5 1.5 0 0 3-8cyli.dat
1 16 -9 -26.604 29.5 0 -1 0 0 0 -1.5 1.5 0 0 3-8edge.dat
1 16 -11 -26.604 29.5 0 -0.37 0 -1.5 0 0 0 0 1.5 1-4cyls.dat
1 16 -11 -26.604 29.5 0 -0.37 0 -1.5 0 0 0 0 -1.5 1-8cyls.dat
1 16 -11.37 -26.604 29.5 0 1 0.37 0 0 -1.5 1.5 0 0 3-8edge.dat
1 16 -11.37 -26.604 29.5 0 1 0.37 0 0 -1.5 1.5 0 0 3-8chrd.dat
5 24 -11 -27.66465 28.43935 -9 -27.66465 28.43935 -11 -27.98985 28.92595 -11 -27.17805 28.11415
0 BFC INVERTNEXT
1 16 -10 -20 40 0 -3 0 0 0 9 -9 0 0 1-8cylo.dat
1 16 -13 -20 40 0 1 0 0 0 9 -9 0 0 1-8tang.dat
1 16 -9 -20 40 0 -4 0 0 0 14.142 -14.142 0 0 1-8cylo.dat
1 16 -13 -20 40 0 1 0 0 0 14.142 -14.142 0 0 1-8ering.dat
5 24 -13 -20 25.858 -9 -20 25.858 -13 -14.588 26.934 -11.664 -25.412 26.934

4 16 -9 -25.412 26.934 -11.664 -25.412 26.934 -13 -20 25.858 -9 -20 25.858
2 24 -9 -20 25.858 -9 -25.412 26.934
2 24 -13 -20 25.858 -11.664 -25.412 26.934
4 16 -9 -27.664 28.439 -11.108 -27.664 28.439 -11.664 -25.412 26.934 -9 -25.412 26.934
2 24 -9 -25.412 26.934 -9 -27.664 28.439
2 24 -11.664 -25.412 26.934 -11.108 -27.664 28.439
5 24 -9 -25.412 26.934 -11.664 -25.412 26.934 -9 -30 30 -9 -20 25.858
1 16 -11 -10 31.818 0 0 -2 0 -1 0 -1.818 0 0 rect2a.dat
1 16 -11.5 -11.818 33.636 -1.5 0 0 0 0 -1.818 0 -1 0 rect.dat
4 16 -10 -20 31 -13 -20 31 -11.37 -26.604 31 -10 -26.604 31
2 24 -10 -20 31 -10 -26.604 31
2 24 -13 -20 31 -11.37 -26.604 31
0 // face1
4 16 -13 -20 25.858 -11.664 -25.412 26.934 -11.37 -26.604 31 -13 -20 31
3 16 -11.664 -25.412 26.934 -11.108 -27.664 28.439 -11.37 -26.604 31
2 24 -13 -20 25.858 -13 -20 31
3 16 -13 -10 30 -13 -13.636 33.636 -13 -10 33.636
0 // 2
1 16 -9 -26.604 50.5 0 -2 0 0 0 -1.5 -1.5 0 0 3-8cyli.dat
1 16 -9 -26.604 50.5 0 -1 0 0 0 -1.5 -1.5 0 0 3-8edge.dat
1 16 -11 -26.604 50.5 0 -0.37 0 -1.5 0 0 0 0 -1.5 1-4cyls.dat
1 16 -11 -26.604 50.5 0 -0.37 0 -1.5 0 0 0 0 1.5 1-8cyls.dat
1 16 -11.37 -26.604 50.5 0 -1 0.37 0 0 -1.5 -1.5 0 0 3-8edge.dat
1 16 -11.37 -26.604 50.5 0 1 0.37 0 0 -1.5 -1.5 0 0 3-8chrd.dat
5 24 -11 -27.66465 51.56065 -9 -27.66465 51.56065 -11 -27.17805 51.88585 -11 -27.98985 51.07405

0 BFC INVERTNEXT
1 16 -10 -20 40 0 -3 0 0 0 9 9 0 0 1-8cylo.dat
1 16 -13 -20 40 0 1 0 0 0 9 9 0 0 1-8tang.dat
1 16 -9 -20 40 0 -4 0 0 0 14.142 14.142 0 0 1-8cylo.dat
1 16 -13 -20 40 0 1 0 0 0 14.142 14.142 0 0 1-8ering.dat
5 24 -13 -20 54.142 -9 -20 54.142 -11.664 -25.412 53.066 -13 -14.588 53.066

4 16 -9 -20 54.142 -13 -20 54.142 -11.664 -25.412 53.066 -9 -25.412 53.066
2 24 -9 -20 54.142 -9 -25.412 53.066
2 24 -13 -20 54.142 -11.664 -25.412 53.066
4 16 -9 -25.412 53.066 -11.664 -25.412 53.066 -11.108 -27.664 51.561 -9 -27.664 51.561
2 24 -9 -25.412 53.066 -9 -27.664 51.561
2 24 -11.664 -25.412 53.066 -11.108 -27.664 51.561
5 24 -9 -25.412 53.066 -11.664 -25.412 53.066 -9 -30 50 -9 -20 54.142
1 16 -11 -10 48.182 -2 0 0 0 -1 0 0 0 1.818 rect2a.dat
1 16 -11.5 -11.818 46.364 -1.5 0 0 0 0 1.818 0 1 0 rect.dat
4 16 -10 -26.604 49 -11.37 -26.604 49 -13 -20 49 -10 -20 49
2 24 -10 -20 49 -10 -26.604 49
2 24 -13 -20 49 -11.37 -26.604 49
0 // face2
4 16 -13 -20 49 -11.37 -26.604 49 -11.664 -25.412 53.066 -13 -20 54.142
3 16 -11.37 -26.604 49 -11.108 -27.664 51.561 -11.664 -25.412 53.066
2 24 -13 -20 54.142 -13 -20 49
3 16 -13 -10 46.364 -13 -13.636 46.364 -13 -10 50
0 // middle
2 24 -9 -26.604 31 -9 -26.604 49
1 16 -9.5 -20.12 40 0 -0.5 0 0 0 -6.484 -9 0 0 box2-11.dat
1 16 -9.5 -11.818 40 0 -0.5 0 0 0 1.818 6.364 0 0 box2-11.dat
2 4 -10 -26.604 49 -9 -26.604 49
2 4 -10 -26.604 31 -9 -26.604 31
4 16 6.3639 -10 -13.6361 9 -10 -11 9 -10 -9 6.3639 -10 -6.3639
4 16 13.63603 -10 -6.36396 6.3639 -10 -6.3639 9 -10 -9 11 -10 -9
4 16 -9 -10 -9 -9 -10 -11 -6.36396 -10 -13.63603 -6.36397 -10 -6.36396
4 16 -11 -10 -9 -9 -10 -9 -6.36397 -10 -6.36396 -13.6361 -10 -6.3639
4 16 -9 -10 9 -11 -10 9 -13.6361 -10 6.3639 -6.36397 -10 6.36396
4 16 6.3639 -10 6.3639 13.63603 -10 6.36396 11 -10 9 9 -10 9
2 24 6.3603 -30 31.5321 6.3603 -30 30.00004
2 24 6.3603 -21 30.00004 6.3603 -21 31.5321
2 24 3.44419 -21 31.68512 5.09821 -21 32.37028
2 24 1.8 -23.828498 31 1.8 -22.828494 30
2 24 6.20124 -24.960864 32.13283 5.67845 -25.308084 32.48
2 24 5.67845 -25.308084 32.48 5.098164 -25.198392 32.370246
2 24 5.09821 -25.198426 32.37028 1.8 -23.832524 31.004025
2 24 6.3603 .5 9.99996 6.3603 .5 8.4679
2 24 6.3603 -2.82796 9.99996 6.3603 -1.29584 8.46784
2 24 6.20124 -.695188 7.86717 5.67845 -.348064 7.52
2 24 5.098164 -.457868 7.629754 5.67845 -.348064 7.52
2 24 1.8 -1.824376 8.995975 5.09821 -.457834 7.62972
2 24 6.3603 -1.29588 8.46788 6.20124 -.695188 7.86717
2 24 3.44419 .5 8.31488 5.09821 .5 7.62972
2 24 1.8 -1.828402 9 1.8 -2.828406 10
2 24 -6.3603 -30 30.00004 -6.3603 -30 31.5321
2 24 -5.67845 -.34806 7.52 -6.20124 -.695184 7.86717
2 24 -5.67845 -.34806 7.52 -5.098164 -.457865 7.629754
2 24 -6.20124 -.695184 7.86717 -6.3603 -1.29588 8.46788
2 24 -1.8 -23.828498 31 -1.8 -22.828494 30
2 24 -6.3603 .5 9.99996 -6.3603 .5 8.4679
2 24 -6.3603 -2.82796 9.99996 -6.3603 -1.29584 8.46784
2 24 -5.09821 .5 7.62972 -3.44419 .5 8.31488
2 24 -1.8 -23.832524 31.004025 -5.09821 -25.198416 32.37028
2 24 -3.44419 -21 31.68512 -5.09821 -21 32.37028
2 24 -5.098164 -25.198382 32.370246 -5.67845 -25.308072 32.48
2 24 -6.20124 -24.960844 32.13283 -6.3603 -24.36012 31.53212
2 24 -6.20124 -24.960844 32.13283 -5.67845 -25.308072 32.48
2 24 -6.3603 -22.82804 30.00004 -6.3603 -24.36016 31.53216
2 24 -6.3603 -21 31.5321 -6.3603 -21 30.00004
2 24 -6.3603 -2.82796 9.99996 -6.3603 -22.82804 30.00004
2 24 5.098265 -30 32.370265 5.67845 -30 32.48
2 24 6.201206 -30 32.132853 5.871922 -30 32.351521
2 24 3.445241 -30 31.685555 5.098207 -30 32.370279
2 24 6.20124 -30 32.13283 6.3603 -30 31.53212
2 24 3.444073 -30 31.685065 2.806904 -30 31.421124
2 24 5.09821 -25.198419 32.37028 1.8 -23.832524 31.004025
2 24 5.67845 -25.308075 32.48 5.098164 -25.198385 32.370246
2 24 6.3603 -24.36012 31.53212 6.20124 -24.960848 32.13283
2 24 5.67845 -25.308075 32.48 6.20124 -24.960848 32.13283
2 24 6.3603 -24.36012039439952672056793531847762206909520506808 31.53212 6.3603 -2.82796 9.99996
2 24 -5.098164 -.457865 7.629754 -1.8 -1.828402 9
4 16 -9 10 -9 -11 10 -9 -13.6361 10 -6.3639 -6.364 10 -6.364
4 16 11 10 -9 9 10 -9 6.3639 10 -6.3639 13.63603 10 -6.36396
4 16 9 10 9 11 10 9 13.63603 10 6.36396 6.3639 10 6.3639
4 16 -11 10 9 -9 10 9 -6.3672165 10 6.3639855 -13.6361 10 6.3639
2 24 -28.314917 -6 3.444165 -29.000217 -6 0
2 24 -29.000231 -6 -.00007 -28.479275 -6 -2.61784
2 24 -34 -12.206 4.5 -34 -12.778351 5.357739
2 24 -28.46788 -6 -6.3603 -30 -6 -6.3603
2 24 -27.86717 -2.21027 -6.20124 -27.52 -1.8631 -5.67845
2 24 -27.629754 -1.972854 -5.098164 -27.52 -1.8631 -5.67845
2 24 -30 -6 6.3603 -28.4679 -6 6.3603
2 24 -30 -4.3431 6.3603 -28.46788 -2.81098 6.3603
2 24 -27.62972 -1.97282 5.09821 -28.31488 -2.65798 3.44419
2 24 -28.46788 -2.81098 -6.3603 -27.86717 -2.21027 -6.20124
2 24 -30 -4.3431 -6.3603 -28.46788 -2.81098 -6.3603
2 24 -27.52 -1.8631 5.67845 -27.86717 -2.21027 6.20124
2 24 -27.52 -1.8631 5.67845 -27.629754 -1.972854 5.098164
2 24 -28.46788 -2.81098 6.3603 -27.86717 -2.21027 6.20124
2 24 -27.62972 -1.97282 -5.09821 -28.31488 -2.65798 -3.44419
2 24 -28.314838 -2.657938 -3.444121 -29.000231 -3.343331 -.00007
2 24 -29.000231 -3.343331 -.00007 -28.31492 -2.65802 3.44415
2 24 -34 -12.206 4.5 -34 -11.6849 3.4443
4 16 -50 -11 10 -50 -11 9 -50 -13.6361 6.3639 -50 -13.6397 10
4 16 50 -11 9 50 -11 10 50 -13.6397 10 50 -13.6361 6.3639
4 16 50 -10 6.3603 50 -10 9 50 -11 9 50 -13.6361 6.3639
4 16 -50 -10 9 -50 -10 6.3603 -50 -13.6361 6.3639 -50 -11 9
2 24 -34 -10.999783 0 -34 -11.685083 -3.444165
2 24 -36.656669 -10.999769 .00007 -37.34198 -11.68508 -3.44415
2 24 -38.1369 -12.48 -5.67845 -38.027146 -12.370246 -5.098164
2 24 -38.1369 -12.48 -5.67845 -37.78973 -12.13283 -6.20124
2 24 -37.18902 -11.53212 -6.3603 -37.78973 -12.13283 -6.20124
2 24 -37.34202 -11.68512 -3.44419 -38.02718 -12.37028 -5.09821
2 24 -37.18902 -11.53212 -6.3603 -35.6569 -10 -6.3603
2 24 -34 -11.5321 -6.3603 -34 -10 -6.3603
2 24 -34 -11.685083 3.444165 -34 -10.999783 0
2 24 -34 -10 6.3603 -34 -11.53212 6.3603
2 24 -37.18902 -11.53212 6.3603 -35.6569 -10 6.3603
2 24 -37.34198 -11.68508 3.44415 -36.656669 -10.999769 -.00007
2 24 -38.1369 -12.48 5.67845 -37.78973 -12.13283 6.20124
2 24 -37.78973 -12.13283 6.20124 -37.18902 -11.53212 6.3603
2 24 -38.027146 -12.370246 5.098164 -38.1369 -12.48 5.67845
2 24 -37.34202 -11.68512 3.44419 -38.02718 -12.37028 5.09821
2 24 50 -11.685555 3.445241 50 -12.37028 5.09821
2 24 29.000217 -6 0 28.314917 -6 -3.444165
2 24 34 -11.685083 3.444165 34 -10.999783 0
2 24 28.479275 -6 2.61784 29.000231 -6 .00007
2 24 34 -10.999783 0 34 -11.68508 -3.44415
2 24 30 -4.3431 -6.3603 28.46788 -2.81098 -6.3603
2 24 28.4679 -6 -6.3603 30 -6 -6.3603
2 24 36.656669 -10.999769 .00007 37.34198 -11.68508 -3.44415
2 24 27.62972 -1.97282 -5.09821 28.31488 -2.65798 -3.44419
2 24 28.46788 -2.81098 6.3603 27.86717 -2.21027 6.20124
2 24 27.86717 -2.21027 6.20124 27.52 -1.8631 5.67845
2 24 27.52 -1.8631 5.67845 27.629754 -1.972854 5.098164
2 24 30 -4.3431 6.3603 28.46788 -2.81098 6.3603
2 24 38.1369 -12.48 -5.67845 37.78973 -12.13283 -6.20124
2 24 37.18902 -11.53212 -6.3603 37.78973 -12.13283 -6.20124
2 24 38.1369 -12.48 -5.67845 38.027146 -12.370246 -5.098164
2 24 38.02718 -12.37028 5.09821 37.34202 -11.68512 3.44419
2 24 37.18902 -11.53212 6.3603 35.6569 -10 6.3603
2 24 27.62972 -1.97282 5.09821 28.31488 -2.65798 3.44419
2 24 38.02718 -12.37028 -5.09821 37.34202 -11.68512 -3.44419
2 24 28.46788 -2.81098 -6.3603 27.86717 -2.21027 -6.20124
2 24 27.86717 -2.21027 -6.20124 27.52 -1.8631 -5.67845
2 24 27.52 -1.8631 -5.67845 27.629754 -1.972854 -5.098164
2 24 37.34198 -11.68508 3.44415 36.656669 -10.999769 -.00007
2 24 28.31492 -2.65802 -3.44415 29.000231 -3.343331 .00007
2 24 29.000231 -3.343331 .00007 28.314838 -2.657938 3.444121
2 24 38.027146 -12.370246 5.098164 38.1369 -12.48 5.67845
2 24 37.78973 -12.13283 6.20124 38.1369 -12.48 5.67845
2 24 37.78973 -12.13283 6.20124 37.18902 -11.53212 6.3603
2 24 37.18902 -11.53212 -6.3603 35.6569 -10 -6.3603
2 24 30 -6 6.3603 28.46788 -6 6.3603
2 24 34 -11.53212 6.3603 34 -10 6.3603
2 24 34 -10 -6.3603 34 -11.53212 -6.3603
4 16 -13 -20 25.858 -13 -20 31 -13 -18.2099 31 -13 -14.5878566 26.9342062
3 16 -13 -18.2099 31 -13 -16.5557 31.6849 -13 -14.5878566 26.9342062
3 16 -13 -14.5878566 26.9342062 -13 -16.5557 31.6849 -13 -14.9015 32.3698
4 16 -13 -14.9015 32.3698 -13 -13.6361 33.6361 -13 -10.0001918 30.0001918 -13 -14.5878566 26.9342062
4 16 -13 -13.6361 46.3639 -13 -14.9015 47.6302 -13 -14.5878566 53.0657938 -13 -10.0001918 49.9998082
4 16 -13 -18.2099 49 -13 -20 49 -13 -20 54.142 -13 -14.5878566 53.0657938
3 16 -13 -16.5557 48.3151 -13 -18.2099 49 -13 -14.5878566 53.0657938
3 16 -13 -14.9015 47.6302 -13 -16.5557 48.3151 -13 -14.5878566 53.0657938
4 16 13 -14.5878566 53.0657938 13 -14.9015 47.6302 13 -13.6361 46.3639 13 -10.0001918 49.9998082
4 16 13 -20 54.142 13 -20 49 13 -18.2099 49 13 -14.5878566 53.0657938
3 16 13 -16.5557 48.3151 13 -14.9015 47.6302 13 -14.5878566 53.0657938
3 16 13 -16.5557 48.3151 13 -14.5878566 53.0657938 13 -18.2099 49
4 16 13 -13.6361 33.6361 13 -14.9015 32.3698 13 -14.5878566 26.9342062 13 -10.0001918 30.0001918
4 16 13 -18.2099 31 13 -20 31 13 -20 25.858 13 -14.5878566 26.9342062
3 16 13 -14.9015 32.3698 13 -16.5557 31.6849 13 -14.5878566 26.9342062
3 16 13 -16.5557 31.6849 13 -18.2099 31 13 -14.5878566 26.9342062
4 16 6.3603 10 10 9 10 10 9 10 9 6.3639 10 6.3639
4 16 -9 10 9 -9 10 10 -6.364 10 10 -6.3672165 10 6.3639855
2 24 0 2 9.000217 3.44415 2 8.31492
2 24 3.445241 10 8.314445 5.09821 10 7.62972
2 24 0 -21 30.999783 -3.44415 -21 31.68508
2 24 .00007 -21 30.999769 2.61784 -21 31.520725
2 24 -6.3603 -10 31.53212 -6.20124 -10 32.13283
2 24 -5.871922 -10 32.351521 -6.201206 -10 32.132853
2 24 -5.67845 -10 32.48 -5.098265 -10 32.370265
2 24 -3.445241 -10 31.685555 -5.098207 -10 32.370279
2 24 6.3603 -10 31.53212 6.20124 -10 32.13283
2 24 5.871922 -10 32.351521 6.201206 -10 32.132853
2 24 6.20124 10 7.86717 6.3603 10 8.46788
2 24 5.098265 -10 32.370265 5.67845 -10 32.48
2 24 5.871922 10 7.648479 6.201206 10 7.867147
2 24 5.098207 -10 32.370279 3.445241 -10 31.685555
2 24 5.67845 10 7.52 5.098265 10 7.629735
2 24 6.3603 -10 31.5321 6.3603 -10 30
2 24 -6.3603 -10 30 -6.3603 -10 31.5321
2 24 0 2 9.000217 -3.44415 2 8.31492
2 24 -5.098265 10 7.629735 -5.67845 10 7.52
2 24 -3.445241 10 8.314445 -5.098207 10 7.629721
2 24 -6.20124 10 7.86717 -6.3603 10 8.46788
2 24 -5.871922 10 7.648479 -6.201206 10 7.867147
2 24 6.3603 2 10 6.3603 2 8.46788
2 24 -5.09821 5.198775 7.62972 -3.44419 4.513613 8.31488
2 24 -5.67845 -19.651596 32.48 -5.098164 -19.541841 32.370246
2 24 -6.20124 -19.304425 32.13283 -5.67845 -19.651596 32.48
2 24 -6.20124 -19.304425 32.13283 -6.3603 -18.703712 31.53212
2 24 -6.3603 2 8.4679 -6.3603 2 10
2 24 -6.3603 -21 31.5321 -6.3603 -21 30
2 24 6.20124 -19.304425 32.13283 6.3603 -18.703712 31.53212
2 24 6.20124 4.961325 7.86717 5.67845 5.308496 7.52
2 24 -3.44419 -18.856713 31.68512 -5.09821 -19.541875 32.37028
2 24 6.3603 4.360612 8.46788 6.20124 4.961325 7.86717
2 24 6.3603 -21 31.5321 6.3603 -21 30
2 24 -5.67845 5.308496 7.52 -5.098164 5.198741 7.629754
2 24 -6.20124 4.961325 7.86717 -5.67845 5.308496 7.52
2 24 -6.3603 4.360612 8.46788 -6.20124 4.961325 7.86717
2 24 5.67845 -19.651596 32.48 5.098164 -19.541841 32.370246
2 24 5.67845 -19.651596 32.48 6.20124 -19.304425 32.13283
2 24 5.67845 5.308496 7.52 5.098164 5.198741 7.629754
2 24 5.09821 -19.541875 32.37028 3.44419 -18.856713 31.68512
2 24 5.09821 5.198775 7.62972 3.44419 4.513613 8.31488
2 24 6.3603 4.361 8.46788 6.3603 -18.704 31.53212
2 24 -6.3603 4.361 8.46788 -6.3603 -18.704 31.53212
