0 Sticker Funnel Blue with Yellow Stripes and Star  2 x  3 x  2 (Formed)
0 Name: 191485ac01.dat
0 Author: Rene Rechthaler [Blechtaler]
0 !LDRAW_ORG Unofficial_Part
0 !LICENSE Redistributable under CCAL version 2.0 : see CAreadme.txt

0 BFC CERTIFY CCW

0 !KEYWORDS Set 1554

0 // Sticky Sides
4 16 20 44 30 20 44 -30 20 0 -10 20 0 30
4 16 -20 44 -30 -20 44 30 -20 0 30 -20 0 -10
4 16 20 44 -30 -20 44 -30 -20 0 -10 20 0 -10

0 // Edge Sides
4 16 20 44 -30 20 44 30 20.25 44 30 20.25 44 -30
4 16 -20 44 30 -20 44 -30 -20.25 44 -30 -20.25 44 30
4 16 20.25 44 30 20 44 30 20 0 30 20.25 0 30
4 16 -20 44 30 -20.25 44 30 -20.25 0 30 -20 0 30
4 16 20 0 -10 20.25 0 -10 20.25 0 30 20 0 30
4 16 -20.25 0 -10 -20 0 -10 -20 0 30 -20.25 0 30
4 16 -20.25 44 -30 20.25 44 -30 20 43.8965 -30.2276 -20 43.8965 -30.2276
4 16 -20 -0.1035 -10.2276 20 -0.1035 -10.2276 20.25 0 -10 -20.25 0 -10

0 // lower yellow Stripe
4 14 -20.25 44 30 -20.25 44 -30 -20.25 34 -25.4545 -20.25 34 30
4 14 20.25 44 -30 20.25 44 30 20.25 34 30 20.25 34 -25.4545
4 14 -20.25 44 -30 -20 43.8965 -30.2276 -20 33.8965 -25.6821 -20.25 34 -25.4545
4 14 20 43.8965 -30.2276 20.25 44 -30 20.25 34 -25.4545 20 33.8965 -25.6821
4 14 -20 43.8965 -30.2276 20 43.8965 -30.2276 20 33.8965 -25.6821 -20 33.8965 -25.6821

0 // blue front Stripe
4 9 -20.25 34 -25.4545 -20 33.8965 -25.6821 -20 9.8965 -14.773 -20.25 10 -14.5455
4 9 20 33.8965 -25.6821 20.25 34 -25.4545 20.25 10 -14.5455 20 9.8965 -14.773
4 9 -20 33.8965 -25.6821 20 33.8965 -25.6821 20 9.8965 -14.773 -20 9.8965 -14.773

0 // undecorated side Stripes
0 // 4 9 -20.25 34 30 -20.25 34 -25.4545 -20.25 10 -14.5455 -20.25 10 30
0 // 4 9 20.25 34 -25.4545 20.25 34 30 20.25 10 30 20.25 10 -14.5455

0 // blue right Stripe
4 9 -20.25 34 30 -20.25 34 -25.4545 -20.25 31.7557 3.8197 -20.25 31.7557 16.1803
3 9 -20.25 31.7557 16.1803 -20.25 31.7557 3.8197 -20.25 27.2654 10
4 9 -20.25 34 30 -20.25 31.7557 16.1803 -20.25 24.4903 13.8197 -20.25 20 20
3 9 -20.25 34 30 -20.25 20 20 -20.25 10 30
4 9 -20.25 10 30 -20.25 20 20 -20.25 20 12.3607 -20.25 12.7346 10
3 9 -20.25 10 30 -20.25 12.7346 10 -20.25 10 -14.5455
4 9 -20.25 12.7346 10 -20.25 20 7.6393 -20.25 20 0 -20.25 10 -14.5455
3 9 -20.25 20 0 -20.25 34 -25.4545 -20.25 10 -14.5455
4 9 -20.25 24.4903 6.1803 -20.25 31.7557 3.8197 -20.25 34 -25.4545 -20.25 20 0

0 // Star
3 14 -20.25 31.7557 16.1803 -20.25 27.2654 10 -20.25 24.4903 13.8197
3 14 -20.25 20 20 -20.25 24.4903 13.8197 -20.25 20 12.3607
3 14 -20.25 20 12.3607 -20.25 20 7.6393 -20.25 12.7346 10
3 14 -20.25 24.4903 6.1803 -20.25 20 0 -20.25 20 7.6393
3 14 -20.25 27.2654 10 -20.25 31.7557 3.8197 -20.25 24.4903 6.1803
0 // Here should be a black "J" on yellow ground
3 14 -20.25 24.4903 13.8197 -20.25 27.2654 10 -20.25 24.4903 6.1803
4 14 -20.25 24.4903 13.8197 -20.25 24.4903 6.1803 -20.25 20 7.6393 -20.25 20 12.3607

0 // blue left Stripe
4 9 20.25 31.7557 3.8197 20.25 34 -25.4545 20.25 34 30 20.25 31.7557 16.1803
3 9 20.25 31.7557 3.8197 20.25 31.7557 16.1803 20.25 27.2654 10
4 9 20.25 24.4903 13.8197 20.25 31.7557 16.1803 20.25 34 30 20.25 20 20
3 9 20.25 20 20 20.25 34 30 20.25 10 30
4 9 20.25 20 12.3607 20.25 20 20 20.25 10 30 20.25 12.7346 10
3 9 20.25 12.7346 10 20.25 10 30 20.25 10 -14.5455
4 9 20.25 20 0 20.25 20 7.6393 20.25 12.7346 10 20.25 10 -14.5455
3 9 20.25 34 -25.4545 20.25 20 0 20.25 10 -14.5455
4 9 20.25 34 -25.4545 20.25 31.7557 3.8197 20.25 24.4903 6.1803 20.25 20 0

0 // Star
3 14 20.25 27.2654 10 20.25 31.7557 16.1803 20.25 24.4903 13.8197
3 14 20.25 24.4903 13.8197 20.25 20 20 20.25 20 12.3607
3 14 20.25 20 7.6393 20.25 20 12.3607 20.25 12.7346 10
3 14 20.25 20 0 20.25 24.4903 6.1803 20.25 20 7.6393
3 14 20.25 31.7557 3.8197 20.25 27.2654 10 20.25 24.4903 6.1803
0 // Here should be a black "J" on yellow ground
3 14 20.25 27.2654 10 20.25 24.4903 13.8197 20.25 24.4903 6.1803
4 14 20.25 20 7.6393 20.25 24.4903 6.1803 20.25 24.4903 13.8197 20.25 20 12.3607

0 // upper yellow Stripe
4 14 -20.25 10 30 -20.25 10 -14.5455 -20.25 0 -10 -20.25 0 30
4 14 20.25 10 -14.5455 20.25 10 30 20.25 0 30 20.25 0 -10
4 14 -20.25 10 -14.5455 -20 9.8965 -14.773 -20 -0.1035 -10.2276 -20.25 0 -10
4 14 20 9.8965 -14.773 20.25 10 -14.5455 20.25 0 -10 20 -0.1035 -10.2276
4 14 -20 9.8965 -14.773 20 9.8965 -14.773 20 -0.1035 -10.2276 -20 -0.1035 -10.2276
