0 ~Electric Light & Sound Sign Front with Blue Circle and White Arrow Pattern
0 Name: 2384p06.dat
0 Author: Takeshi Takahashi [RainbowDolphin]
0 !LDRAW_ORG Unofficial_Part
0 !LICENSE Redistributable under CCAL version 2.0 : see CAreadme.txt

0 BFC CERTIFY CCW

0 !KEYWORDS Construction, Set 6481, Set 846, Set 5030, Bricklink 2384pb06

0 !HISTORY 2022-02-19 [RainbowDolphin] Pattern copied from 3068bp05 by Tore Eriksson [Tore_Eriksson]

1 16 0 0 0 1 0 0 0 1 0 0 0 1 s\2384s01.dat

1 16 0 20 -12 -18 0 0 0 0 18 0 1 0 4-4ndis.dat
1 1 0 20 -12 0 0 18 18 0 0 0 1 0 1-4chrd.dat
1 1 0 20 -12 0 0 -18 -18 0 0 0 1 0 1-4chrd.dat
1 1 0 20 -12 12.728 0 -12.728 -12.728 0 -12.728 0 1 0 1-8chrd.dat
1 1 0 20 -12 18 0 0 0 0 -18 0 1 0 1-8chrd.dat
1 1 0 20 -12 -12.728 0 12.728 12.728 0 12.728 0 1 0 1-8chrd.dat
1 1 0 20 -12 -18 0 0 0 0 18 0 1 0 1-8chrd.dat
4 16 -18 38 -12 -20 40 -12 20 40 -12 18 38 -12
4 16 18 38 -12 20 40 -12 20 0 -12 18 2 -12
4 16 18 2 -12 20 0 -12 -20 0 -12 -18 2 -12
4 16 -18 2 -12 -20 0 -12 -20 40 -12 -18 38 -12
3 16 -9.6 21 -12 -10.8 30.8 -12 -7 25 -12
4 1 -10.8 30.8 -12 -9.6 21 -12 -18 20 -12 -12.728 32.728 -12
3 1 -9.6 21 -12 0 2 -12 -18 20 -12
3 1 0 38 -12 18 20 -12 -1 29.6 -12
3 1 8.2 9 -12 12.728 7.272 -12 0 2 -12
3 1 18 20 -12 12.728 7.272 -12 11 11.8 -12
3 1 11 11.8 -12 12.728 7.272 -12 9.6 10.4 -12
3 1 9.6 10.4 -12 12.728 7.272 -12 8.2 9 -12
4 1 -10.8 30.8 -12 -12.728 32.728 -12 0 38 -12 -1 29.6 -12
4 16 8.2 9 -12 -7 25 -12 -10.8 30.8 -12 9.6 10.4 -12
4 1 0 2 -12 -9.6 21 -12 -7 25 -12 8.2 9 -12
4 1 11 11.8 -12 -5 27 -12 -1 29.6 -12 18 20 -12
3 16 -5 27 -12 -10.8 30.8 -12 -1 29.6 -12
4 16 9.6 10.4 -12 -10.8 30.8 -12 -5 27 -12 11 11.8 -12
