0 Minifig Stand Hinge Pin
0 Name: 30491.dat
0 Author: Philippe Hurbain [Philo]
0 !LDRAW_ORG Unofficial_Part
0 !LICENSE Redistributable under CCAL version 2.0 : see CAreadme.txt

0 BFC CERTIFY CCW

0 !CATEGORY Minifig Accessory
0 !KEYWORDS Sports, Soccer

1 16 0 10 0 -1 0 0 0 -1 0 0 0 1 connect4.dat
1 16 0 10 0 -6 0 0 0 -8 0 0 0 6 4-4cyli.dat
1 16 0 2 0 -6 0 0 0 -1 0 0 0 6 4-4edge.dat
1 16 0 2 0 -8 0 0 0 -2 0 0 0 8 4-4cylo.dat
0 BFC INVERTNEXT
1 16 0 2 0 -4 0 0 0 8 0 0 0 4 4-4cyli.dat
1 16 0 2 0 -2 0 0 0 -1 0 0 0 2 4-4ring3.dat
0 BFC INVERTNEXT
1 16 0 -1 0 2 0 0 0 3 0 0 0 2 4-4con2.dat
0 BFC INVERTNEXT
1 16 0 -2.5 0 1 0 0 0 1.5 0 0 0 1 4-4con6.dat
1 16 0 -2.5 0 7 0 0 0 1 0 0 0 7 4-4edge.dat
1 16 0 2 0 4 0 0 0 1 0 0 0 4 4-4edge.dat
1 16 0 -2.5 0 7 0 0 0 1 0 0 0 7 4-4ndis.dat
0 BFC INVERTNEXT
1 16 7 -10.5 0 0 4 0 2 0 0 0 0 2 4-4cylo.dat
1 16 7 -10.5 0 0 1 0 2 0 0 0 0 2 4-4ndis.dat
1 16 11 -10.5 0 0 -1 0 2 0 0 0 0 2 4-4ndis.dat
2 24 11 -12.1789 -6.4673 11 -3 -8.376126
1 16 11 -9.5 0 0 1 0 -7 0 0 0 0 -7 3-16edge.dat
1 16 11 -9.5 0 0 -1 0 -7 0 0 0 0 -7 3-16chrd.dat
1 16 9 -9.5 0 0 2 0 -7 0 0 0 0 -7 3-16cyli.dat
1 16 7 -9.4999999999999999999999999999999 .0000000000000000000000000000002 0 1 0 -6.4671567275790073727460223070687 0 2.6787840265556282093273099484044 -2.6787840265556282093273099484044 0 -6.4671567275790073727460223070687 1-8edge.dat
1 16 7 -9.4999999999999999999999999999999 .0000000000000000000000000000002 0 1 0 -6.4671567275790073727460223070687 0 2.6787840265556282093273099484044 -2.6787840265556282093273099484044 0 -6.4671567275790073727460223070687 1-8chrd.dat
1 16 7 -9.4999999999999999999999999999999 .0000000000000000000000000000002 0 2 0 -6.4671567275790073727460223070687 0 2.6787840265556282093273099484044 -2.6787840265556282093273099484044 0 -6.4671567275790073727460223070687 1-8cyli.dat
2 24 8.734866 -16.1023 -2 7 -16.1023 -2
2 24 9 -16.5 0 8.734866 -16.1023 -2
2 24 7 -16.1023 -2 7 -15.96716 -2.678784
4 16 8.734866 -16.1023 -2 7 -16.1023 -2 7 -15.96716 -2.678784 9 -15.9673 -2.6789
3 16 11 -12.1789 -6.4673 9 -12.1789 -6.4673 11 -3 -8.376126
1 16 8 -3 -8.376125922702378704152263340695825769836664 0 0 3 3 0 0 0 16.75225184540475740830452668 0 1-4cyli.dat
1 16 8 -3 -8.376125922702378704152263340695825769836664 0 0 3 -3 0 0 0 -0.6238740772976212958 0 1-4cyls2.dat
1 16 8 -3 -8.376125922702378704152263340695825769836664 0 0 3 3 0 0 -0.6238740772976212958 1 0 1-4edge.dat
1 16 8 -3 -8.376125922702378704152263340695825769836664 0 0 3 3 0 0 -0.6238740772976212958 1 0 1-4chrd.dat
3 16 8.734866 -16.1023 -2 9 -15.9673 -2.6789 9 -16.5 0
3 16 8.734866 -16.1023 -2 7 -13.5 -2 7 -16.1023 -2
2 24 7 -16.1023 -2 7 -13.5 -2
4 16 7 -12.17876 -6.467095 7 -15.96716 -2.678784 7 -16.1023 -2 7 -13.5 -2
4 16 11 -8.5 -2 11 -12.5 -2 11 -12.1789 -6.4673 11 -3 -8.376126
2 24 7 -2.5 -8.480105 7 -12.17876 -6.467095
4 16 9 -12.1789 -6.4673 7 -12.17876 -6.467095 7 -2.5 -8.480105 11 -3 -8.376126
3 16 7 -2.5 -8.480105 8 0 -9 11 -3 -8.376126
3 16 7 -13.5 -2 7 -12.5 -2 7 -12.17876 -6.467095
4 16 7 -12.17876 -6.467095 7 -12.5 -2 7 -8.5 -2 7 -2.5 -8.480105
1 16 11 -9.5 0 0 1 0 -7 0 0 0 0 7 3-16edge.dat
1 16 11 -9.5 0 0 -1 0 -7 0 0 0 0 7 3-16chrd.dat
1 16 9 -9.5 0 0 2 0 -7 0 0 0 0 7 3-16cyli.dat
1 16 7.0000000000000000000000000000004 -9.5000000000000000000000000000004 .00000000000000000000000000000009343134551580147454920446141374 0 1 0 -6.4671567275790073727460223070687 0 2.6787840265556282093273099484044 2.6787840265556282093273099484044 0 6.4671567275790073727460223070687 1-8edge.dat
1 16 7.0000000000000000000000000000004 -9.5000000000000000000000000000004 .00000000000000000000000000000009343134551580147454920446141374 0 1 0 -6.4671567275790073727460223070687 0 2.6787840265556282093273099484044 2.6787840265556282093273099484044 0 6.4671567275790073727460223070687 1-8chrd.dat
1 16 7.0000000000000000000000000000002 -9.5000000000000000000000000000004 .00000000000000000000000000000009343134551580147454920446141374 0 2 0 -6.4671567275790073727460223070687 0 2.6787840265556282093273099484044 2.6787840265556282093273099484044 0 6.4671567275790073727460223070687 1-8cyli.dat
2 24 8.734866 -16.1023 2 7 -16.1023 2
2 24 9 -16.5 0 8.734866 -16.1023 2
2 24 7 -16.1023 2 7 -15.96716 2.678784
4 16 7 -15.96716 2.678784 7 -16.1023 2 8.734866 -16.1023 2 9 -15.9673 2.6789
3 16 9 -12.1789 6.4673 11 -12.1789 6.4673 11 -3 8.376126
1 16 7.9999999999999999999999999999995 -3 8.376125922702378704152263340696 0 0 3 -3 0 0 0 .6238740772976212958 0 1-4cyls2.dat
1 16 7.9999999999999999999999999999995 -3 8.3761259227023787041522633406958 0 0 3 3 0 0 .6238740772976212958 -1 0 1-4edge.dat
1 16 7.9999999999999999999999999999995 -3 8.3761259227023787041522633406958 0 0 3 3 0 0 .6238740772976212958 -1 0 1-4chrd.dat
3 16 9 -15.9673 2.6789 8.734866 -16.1023 2 9 -16.5 0
3 16 7 -13.5 2 8.734866 -16.1023 2 7 -16.1023 2
2 24 7 -16.1023 2 7 -13.5 2
4 16 7 -16.1023 2 7 -15.96716 2.678784 7 -12.17876 6.467095 7 -13.5 2
4 16 11 -12.1789 6.4673 11 -12.5 2 11 -8.5 2 11 -3 8.376126
2 24 7 -2.5 8.480105 7 -12.17876 6.467095
4 16 7 -2.5 8.480105 7 -12.17876 6.467095 9 -12.1789 6.4673 11 -3 8.376126
3 16 8 0 9 7 -2.5 8.480105 11 -3 8.376126
3 16 7 -12.5 2 7 -13.5 2 7 -12.17876 6.467095
4 16 7 -8.5 2 7 -12.5 2 7 -12.17876 6.467095 7 -2.5 8.480105
1 16 7 -13 0 0 1 0 -0.5 0 0 0 0 2 rect1.dat
1 16 7.867433 -14.80115 0 -0.867433 1 0 1.301149 0 0 0 0 -2 rect2p.dat
3 16 8.734866 -16.1023 2 8.734866 -16.1023 -2 9 -16.5 0
4 16 7 -2.5 -8.480105 7 -8.5 -2 7 -8.5 2 7 -2.5 8.480105
2 24 7 -2.5 -8.480105 7 -2.5 8.480105
3 16 11 -12.1789 -6.4673 11 -12.5 -2 11 -16.5 0
3 16 11 -16.5 0 11 -12.5 -2 11 -12.5 2
3 16 11 -16.5 0 11 -12.5 2 11 -12.1789 6.4673
4 16 11 -8.5 -2 11 -3 -8.376126 11 -3 8.376126 11 -8.5 2
2 24 11 -12.1789 6.4673 11 -3 8.376126
0 BFC INVERTNEXT
1 16 -7 -10.5 0 0 -4 0 2 0 0 0 0 2 4-4cylo.dat
1 16 -7 -10.5 0 0 -1 0 2 0 0 0 0 2 4-4ndis.dat
1 16 -11 -10.5 0 0 1 0 2 0 0 0 0 2 4-4ndis.dat
2 24 -11 -12.1789 -6.4673 -11 -3 -8.376126
1 16 -11 -9.5 0 0 -1 0 -7 0 0 0 0 -7 3-16edge.dat
1 16 -11 -9.5 0 0 1 0 -7 0 0 0 0 -7 3-16chrd.dat
1 16 -9 -9.5 0 0 -2 0 -7 0 0 0 0 -7 3-16cyli.dat
1 16 -7.0000000000000000000000000000004 -9.5000000000000000000000000000004 -.00000000000000000000000000000009343134551580147454920446141374 0 -1 0 -6.4671567275790073727460223070687 0 2.6787840265556282093273099484044 -2.6787840265556282093273099484044 0 -6.4671567275790073727460223070687 1-8edge.dat
1 16 -7.0000000000000000000000000000004 -9.5000000000000000000000000000004 -.00000000000000000000000000000009343134551580147454920446141374 0 -1 0 -6.4671567275790073727460223070687 0 2.6787840265556282093273099484044 -2.6787840265556282093273099484044 0 -6.4671567275790073727460223070687 1-8chrd.dat
1 16 -7.0000000000000000000000000000002 -9.5000000000000000000000000000004 -.00000000000000000000000000000009343134551580147454920446141374 0 -2 0 -6.4671567275790073727460223070687 0 2.6787840265556282093273099484044 -2.6787840265556282093273099484044 0 -6.4671567275790073727460223070687 1-8cyli.dat
2 24 -8.734866 -16.1023 -2 -7 -16.1023 -2
2 24 -9 -16.5 0 -8.734866 -16.1023 -2
2 24 -7 -16.1023 -2 -7 -15.96716 -2.678784
4 16 -7 -15.96716 -2.678784 -7 -16.1023 -2 -8.734866 -16.1023 -2 -9 -15.9673 -2.6789
3 16 -9 -12.1789 -6.4673 -11 -12.1789 -6.4673 -11 -3 -8.376126
1 16 -7.9999999999999999999999999999995 -3 -8.376125922702378704152263340696 0 0 -3 3 0 0 0 16.75225184540475740830452668 0 1-4cyli.dat
1 16 -7.9999999999999999999999999999995 -3 -8.376125922702378704152263340696 0 0 -3 -3 0 0 0 -.6238740772976212958 0 1-4cyls2.dat
1 16 -7.9999999999999999999999999999995 -3 -8.3761259227023787041522633406958 0 0 -3 3 0 0 -.6238740772976212958 1 0 1-4edge.dat
1 16 -7.9999999999999999999999999999995 -3 -8.3761259227023787041522633406958 0 0 -3 3 0 0 -.6238740772976212958 1 0 1-4chrd.dat
3 16 -9 -15.9673 -2.6789 -8.734866 -16.1023 -2 -9 -16.5 0
3 16 -7 -13.5 -2 -8.734866 -16.1023 -2 -7 -16.1023 -2
2 24 -7 -16.1023 -2 -7 -13.5 -2
4 16 -7 -16.1023 -2 -7 -15.96716 -2.678784 -7 -12.17876 -6.467095 -7 -13.5 -2
4 16 -11 -12.1789 -6.4673 -11 -12.5 -2 -11 -8.5 -2 -11 -3 -8.376126
2 24 -7 -2.5 -8.480105 -7 -12.17876 -6.467095
4 16 -7 -2.5 -8.480105 -7 -12.17876 -6.467095 -9 -12.1789 -6.4673 -11 -3 -8.376126
3 16 -8 0 -9 -7 -2.5 -8.480105 -11 -3 -8.376126
3 16 -7 -12.5 -2 -7 -13.5 -2 -7 -12.17876 -6.467095
4 16 -7 -8.5 -2 -7 -12.5 -2 -7 -12.17876 -6.467095 -7 -2.5 -8.480105
1 16 -11 -9.5 0 0 -1 0 -7 0 0 0 0 7 3-16edge.dat
1 16 -11 -9.5 0 0 1 0 -7 0 0 0 0 7 3-16chrd.dat
1 16 -9 -9.5 0 0 -2 0 -7 0 0 0 0 7 3-16cyli.dat
1 16 -7.0000000000000000000000000000004 -9.5000000000000000000000000000002 .00000000000000000000000000000047574876534152551255756096867873 0 -1 0 -6.4671567275790073727460223070687 0 2.6787840265556282093273099484044 2.6787840265556282093273099484044 0 6.4671567275790073727460223070687 1-8edge.dat
1 16 -7.0000000000000000000000000000004 -9.5000000000000000000000000000002 .00000000000000000000000000000047574876534152551255756096867873 0 -1 0 -6.4671567275790073727460223070687 0 2.6787840265556282093273099484044 2.6787840265556282093273099484044 0 6.4671567275790073727460223070687 1-8chrd.dat
1 16 -7.0000000000000000000000000000002 -9.4999999999999999999999999999999 -.000000000000000000000000000000060008039969600129307901021002149 0 -2 0 -6.4671567275790073727460223070687 0 2.6787840265556282093273099484044 2.6787840265556282093273099484044 0 6.4671567275790073727460223070687 1-8cyli.dat
2 24 -8.734866 -16.1023 2 -7 -16.1023 2
2 24 -9 -16.5 0 -8.734866 -16.1023 2
2 24 -7 -16.1023 2 -7 -15.96716 2.678784
4 16 -8.734866 -16.1023 2 -7 -16.1023 2 -7 -15.96716 2.678784 -9 -15.9673 2.6789
3 16 -11 -12.1789 6.4673 -9 -12.1789 6.4673 -11 -3 8.376126
1 16 -7.999999999999999999999999999999 -2.9999999999999999999999999999995 8.376125922702378704152263340696 0 0 -3 -3 0 0 0 .6238740772976212958 0 1-4cyls2.dat
1 16 -7.9999999999999999999999999999994 -3.0000000000000000000000000000005 8.3761259227023787041522633406958 0 0 -3 3 0 0 .6238740772976212958 -1 0 1-4edge.dat
1 16 -7.9999999999999999999999999999994 -3.0000000000000000000000000000005 8.3761259227023787041522633406958 0 0 -3 3 0 0 .6238740772976212958 -1 0 1-4chrd.dat
3 16 -8.734866 -16.1023 2 -9 -15.9673 2.6789 -9 -16.5 0
3 16 -8.734866 -16.1023 2 -7 -13.5 2 -7 -16.1023 2
2 24 -7 -16.1023 2 -7 -13.5 2
4 16 -7 -12.17876 6.467095 -7 -15.96716 2.678784 -7 -16.1023 2 -7 -13.5 2
4 16 -11 -8.5 2 -11 -12.5 2 -11 -12.1789 6.4673 -11 -3 8.376126
2 24 -7 -2.5 8.480105 -7 -12.17876 6.467095
4 16 -9 -12.1789 6.4673 -7 -12.17876 6.467095 -7 -2.5 8.480105 -11 -3 8.376126
3 16 -7 -2.5 8.480105 -8 0 9 -11 -3 8.376126
3 16 -7 -13.5 2 -7 -12.5 2 -7 -12.17876 6.467095
4 16 -7 -12.17876 6.467095 -7 -12.5 2 -7 -8.5 2 -7 -2.5 8.480105
1 16 -7 -13 0 0 -1 0 -0.5 0 0 0 0 -2 rect1.dat
1 16 -7.867433 -14.80115 0 -0.867433 -1 0 -1.301149 0 0 0 0 -2 rect2p.dat
3 16 -8.734866 -16.1023 -2 -8.734866 -16.1023 2 -9 -16.5 0
4 16 -7 -8.5 2 -7 -8.5 -2 -7 -2.5 -8.480105 -7 -2.5 8.480105
2 24 -7 -2.5 -8.480105 -7 -2.5 8.480105
3 16 -11 -12.5 -2 -11 -12.1789 -6.4673 -11 -16.5 0
3 16 -11 -12.5 -2 -11 -16.5 0 -11 -12.5 2
3 16 -11 -12.5 2 -11 -16.5 0 -11 -12.1789 6.4673
4 16 -11 -3 8.376126 -11 -3 -8.376126 -11 -8.5 -2 -11 -8.5 2
2 24 -11 -12.1789 6.4673 -11 -3 8.376126
4 16 -7 -2.5 -8.480105 -8 0 -9 8 0 -9 7 -2.5 -8.480105
1 16 0 -2.5 -7.740053 0 0 7 0 1 0 -0.7400525 0 0 rect1.dat
1 16 0 0 -8.688063 0 0 -8 0 -1 0 -0.311937 0 0 rect1.dat
4 16 -5.6568 0 -5.6568 5.6568 0 -5.6568 8 0 -8.376126 -8 0 -8.376126
4 16 8 0 9 -8 0 9 -7 -2.5 8.480105 7 -2.5 8.480105
1 16 0 -2.5 7.740053 0 0 -7 0 1 0 0.7400525 0 0 rect1.dat
1 16 0 0 8.688063 0 0 8 0 -1 0 0.311937 0 0 rect1.dat
4 16 5.6568 0 5.6568 -5.6568 0 5.6568 -8 5e-031 8.376126 8 0 8.376126
4 16 5.6568 0 -5.6568 5.6568 0 5.6568 8 0 8.376126 8 0 -8.376126
4 16 -5.6568 0 -5.6568 -8 0 -8.376126 -8 5e-031 8.376126 -5.6568 0 5.6568
5 24 7 -15.9672 -2.67878 9 -15.9673 -2.6789 8.73487 -16.1023 -2 7 -14.4498 -4.94991
5 24 11 -12.1789 -6.4673 9 -12.1789 -6.4673 11 -3 -8.37613 9 -14.4497 -4.9497
5 24 9 -12.1789 -6.4673 7 -12.1788 -6.46709 7 -2.5 -8.48011 7 -14.4498 -4.94991
5 24 9 -15.9673 2.6789 7 -15.9672 2.67878 7 -16.1023 2 9 -14.4498 4.94991
5 24 9 -12.1789 6.4673 11 -12.1789 6.4673 11 -3 8.37613 9 -14.4497 4.9497
5 24 7 -12.1788 6.46709 9 -12.1789 6.4673 7 -2.5 8.48011 7 -14.4498 4.94991
5 24 -9 -15.9673 -2.6789 -7 -15.9672 -2.67878 -7 -16.1023 -2 -9 -14.4498 -4.94991
5 24 -9 -12.1789 -6.4673 -11 -12.1789 -6.4673 -11 -3 -8.37613 -9 -14.4497 -4.9497
5 24 -7 -12.1788 -6.46709 -9 -12.1789 -6.4673 -7 -2.5 -8.48011 -7 -14.4498 -4.94991
5 24 -7 -15.9672 2.67878 -9 -15.9673 2.6789 -8.73487 -16.1023 2 -7 -14.4498 4.94991
5 24 -11 -12.1789 6.4673 -9 -12.1789 6.4673 -11 -3 8.37613 -9 -14.4497 4.9497
5 24 -9 -12.1789 6.4673 -7 -12.1788 6.46709 -7 -2.5 8.48011 -7 -14.4498 4.94991
