0 ~Technic Tread Crawler - border segment
0 Name: 3096k03.dat
0 Author: Max Murtazin [SwampKryakwa]
0 !LDRAW_ORG Unofficial_Part Flexible_Section
0 !LICENSE Redistributable under CCAL version 2.0 : see CAreadme.txt

0 BFC CERTIFY CCW

1 16 0 -24 0 3.75 0 0 0 -7.5 0 0 0 9 box5-2p.dat
1 16 5.125 -22 0 1.375 0 0 0 -2 0 0 0 9 box3u8p.dat
1 16 0 -23 -9 0 0 3.75 1 0 0 0 1 0 rect1.dat
1 16 0 -23 9 0 0 3.75 1 0 0 0 -1 0 rect1.dat
1 16 1.375 -22 8 0 0 5.125 0 -1 0 -1 0 0 rect1.dat
1 16 1.375 -22 -8 0 0 5.125 0 -1 0 1 0 0 rect1.dat
4 16 -3.75 -19 -6 -3.75 -19 6 6.5 -19 6 6.5 -19 -6
4 16 6.5 -19 -6 6.5 -22 -7 -3.75 -22 -7 -3.75 -19 -6
4 16 -3.75 -19 6 -3.75 -22 7 6.5 -22 7 6.5 -19 6

2 24 -3.75 -19 -6 6.5 -19 -6
2 24 6.5 -19 6 -3.75 -19 6
5 24 -3.75 -22 9 -3.75 -22 7 -8.041987084354821571076372591498 -21.577276168871069944743420788843 9 3.75 -22 9
5 24 -3.75 -19 -6 -3.75 -19 6 -7.456716118306436811384139965385 -18.634920327661378588642045226728 6 6.5 -19 6
4 16 -3.75 -22 -7 -5.79 -21.582 -7 -5.205 -18.639 -6 -3.75 -19 -6
4 16 -3.75 -19 -6 -5.205 -18.639 -6 -5.205 -18.639 6 -3.75 -19 6
4 16 -6.18 -23.544 -9 -5.79 -21.582 -9 -3.75 -22 -9 -3.75 -24 -9
4 16 -3.75 -22 -9 -5.79 -21.582 -9 -5.79 -21.582 -7 -3.75 -22 -7
4 16 -6.18 -23.544 9 -6.18 -23.544 -9 -3.75 -24 -9 -3.75 -24 9
4 16 -6.18 -23.544 9 -3.75 -24 9 -3.75 -22 9 -5.79 -21.582 9
4 16 -3.75 -22 7 -5.79 -21.582 7 -5.79 -21.582 9 -3.75 -22 9
4 16 -5.205 -18.639 6 -5.79 -21.582 7 -3.75 -22 7 -3.75 -19 6
2 24 -5.79 -21.582 9 -3.75 -22 9
2 24 -5.79 -21.582 7 -3.75 -22 7
2 24 -5.205 -18.639 6 -3.75 -19 6
2 24 -5.205 -18.639 -6 -3.75 -19 -6
2 24 -6.18 -23.544 9 -3.75 -24 9
2 24 -6.18 -23.544 -9 -3.75 -24 -9
2 24 -5.79 -21.582 -9 -3.75 -22 -9
2 24 -5.79 -21.582 -7 -3.75 -22 -7
5 24 -6.18 -23.544 -9 -6.18 -23.544 9 -7.041144 -23.187228 -9 -3.75 -24 -9
