0 Fence Lattice  1 x  4 x  2
0 Name: 3185.dat
0 Author: James Jessiman
0 !LDRAW_ORG Unofficial_Part
0 !LICENSE Redistributable under CCAL version 2.0 : see CAreadme.txt

0 BFC CERTIFY CCW

0 !HISTORY 2007-12-20 [PTadmin] Header formatted for Contributor Agreement
0 !HISTORY 2008-07-01 [PTadmin] Official Update 2008-01
0 !HISTORY 2010-11-15 [Philo] BFCed, used proper lattice size to match studs, more primitives
0 !HISTORY 2011-02-28 [Brickaneer] Reduced to 4 digits.
0 !HISTORY 2011-07-25 [PTadmin] Official Update 2011-01
0 !HISTORY 2022-09-25 [CG75] Fixed overlapping geometry

1 16 20 44 0 1 0 0 0 -1 0 0 0 1 stud3.dat
1 16 0 44 0 1 0 0 0 -1 0 0 0 1 stud3.dat
1 16 -20 44 0 1 0 0 0 -1 0 0 0 1 stud3.dat
0 BFC INVERTNEXT
1 16 0 48 0 36 0 0 0 -4 0 0 0 6 box5.dat
4 16 40 48 10 36 48 6 -36 48 6 -40 48 10
4 16 -40 48 10 -36 48 6 -36 48 -6 -40 48 -10
4 16 -40 48 -10 -36 48 -6 36 48 -6 40 48 -10
4 16 40 48 -10 36 48 -6 36 48 6 40 48 10
1 16 40 44 0 0 -1 0 4 0 0 0 0 10 rect1.dat
1 16 -40 44 0 0 1 0 4 0 0 0 0 -10 rect1.dat
4 16 -40 40 3 -36 36 3 36 36 3 40 40 3
4 16 40 40 -3 36 36 -3 -36 36 -3 -40 40 -3
4 16 -40 0 3 -36 4 3 -36 36 3 -40 40 3
4 16 40 40 3 36 36 3 36 4 3 40 0 3
4 16 40 0 -3 36 4 -3 36 36 -3 40 40 -3
4 16 -40 40 -3 -36 36 -3 -36 4 -3 -40 0 -3
4 16 40 0 3 36 4 3 -36 4 3 -40 0 3
4 16 -40 0 -3 -36 4 -3 36 4 -3 40 0 -3
1 16 0 44 6.5 40 0 0 0 0 -4 0 3.5 0 box2-5.dat
1 16 0 44 -6.5 -40 0 0 0 0 -4 0 -3.5 0 box2-5.dat
1 16 0 40 0 0 0 40 0 -40 0 3 0 0 box3u4a.dat
0 BFC INVERTNEXT
1 16 0 20 -3 4.2426 0 -4.2426 -4.2426 0 -4.2426 0 6 0 box4.dat
0 BFC INVERTNEXT
1 16 20 20 -3 4.2426 0 -4.2426 -4.2426 0 -4.2426 0 6 0 box4.dat
0 BFC INVERTNEXT
1 16 -20 20 -3 4.2426 0 -4.2426 -4.2426 0 -4.2426 0 6 0 box4.dat
0 BFC INVERTNEXT
1 16 10 30 0 0 -4.2426 4.2426 0 -4.2426 -4.2426 3 0 0 box2-5.dat
0 BFC INVERTNEXT
1 16 -10 30 0 0 -4.2426 4.2426 0 -4.2426 -4.2426 3 0 0 box2-5.dat
0 BFC INVERTNEXT
1 16 -10 10 0 0 4.2426 -4.2426 0 4.2426 4.2426 3 0 0 box2-5.dat
0 BFC INVERTNEXT
1 16 10 10 0 0 4.2426 -4.2426 0 4.2426 4.2426 3 0 0 box2-5.dat
0 BFC INVERTNEXT
1 16 0 8.485 -3 4.4853 0 -4.4853 -4.4853 0 -4.4853 0 6 0 tri3.dat
0 BFC INVERTNEXT
1 16 -20 8.485 -3 4.4853 0 -4.4853 -4.4853 0 -4.4853 0 6 0 tri3.dat
0 BFC INVERTNEXT
1 16 20 8.485 -3 4.4853 0 -4.4853 -4.4853 0 -4.4853 0 6 0 tri3.dat
0 BFC INVERTNEXT
1 16 31.515 20 -3 4.4853 0 4.4853 4.4853 0 -4.4853 0 6 0 tri3.dat
0 BFC INVERTNEXT
1 16 0 31.515 -3 -4.4853 0 4.4853 4.4853 0 4.4853 0 6 0 tri3.dat
0 BFC INVERTNEXT
1 16 20 31.515 -3 -4.4853 0 4.4853 4.4853 0 4.4853 0 6 0 tri3.dat
0 BFC INVERTNEXT
1 16 -20 31.515 -3 -4.4853 0 4.4853 4.4853 0 4.4853 0 6 0 tri3.dat
0 BFC INVERTNEXT
1 16 -31.515 20 -3 -4.4853 0 -4.4853 -4.4853 0 4.4853 0 6 0 tri3.dat
0 //
1 16 -15.485 7 0 0 -1 3 0 -1 -3 3 0 0 rect3.dat
1 16 -4.515 7 0 0 1 -3 0 -1 -3 -3 0 0 rect3.dat
1 16 -10 4 0 2.4853 0 0 0 -1.0284 0 0 0 -3 rect2p.dat
1 16 4.515 7 0 0 -1 3 0 -1 -3 3 0 0 rect3.dat
1 16 15.485 7 0 0 1 -3 0 -1 -3 -3 0 0 rect3.dat
1 16 10 4 0 2.4853 0 0 0 -1.0284 0 0 0 -3 rect2p.dat
1 16 15.485 33 0 0 1 -3 0 1 3 3 0 0 rect3.dat
1 16 4.515 33 0 0 -1 3 0 1 3 -3 0 0 rect3.dat
1 16 10 36 0 -2.4853 0 0 0 1.0284 0 0 0 -3 rect2p.dat
1 16 -4.515 33 0 0 1 -3 0 1 3 3 0 0 rect3.dat
1 16 -15.485 33 0 0 -1 3 0 1 3 -3 0 0 rect3.dat
1 16 -10 36 0 -2.4853 0 0 0 1.0284 0 0 0 -3 rect2p.dat
0 BFC INVERTNEXT
1 16 -31.757 8.243 0 0 6 4.2426 0 6 -4.2426 -3 0 0 box3u2p.dat
0 BFC INVERTNEXT
1 16 -31.757 8.257 0 0 0 -4.2426 0 -4.2426 0 3 0 0 box2-5.dat
0 BFC INVERTNEXT
1 16 -31.757 31.757 0 0 6 -4.2426 0 -6 -4.2426 -3 0 0 box3u2p.dat
0 BFC INVERTNEXT
1 16 -31.743 31.757 0 0 -4.2426 0 0 0 4.2426 3 0 0 box2-5.dat
0 BFC INVERTNEXT
1 16 31.757 31.757 0 0 -6 -4.2426 0 -6 4.2426 -3 0 0 box3u2p.dat
0 BFC INVERTNEXT
1 16 31.757 31.743 0 0 0 4.2426 0 4.2426 0 3 0 0 box2-5.dat
0 BFC INVERTNEXT
1 16 31.757 8.243 0 0 -6 4.2426 0 6 4.2426 -3 0 0 box3u2p.dat
0 BFC INVERTNEXT
1 16 31.743 8.243 0 0 4.2426 0 0 0 -4.2426 3 0 0 box2-5.dat
4 16 -7.515 4 -3 24.485 36 -3 27.514 36 -3 -4.485 4 -3
4 16 -27.515 4 -3 4.485 36 -3 7.514 36 -3 -24.485 4 -3
4 16 -4.485 4 3 27.514 36 3 24.485 36 3 -7.515 4 3
4 16 -24.485 4 3 7.514 36 3 4.485 36 3 -27.515 4 3
4 16 15.515 4 -3 12.485 4 -3 36 27.514 -3 36 24.485 -3
4 16 -15.515 36 -3 -12.485 36 -3 -36 12.486 -3 -36 15.515 -3
4 16 36 24.485 3 36 27.514 3 12.485 4 3 15.515 4 3
4 16 -36 15.515 3 -36 12.486 3 -12.485 36 3 -15.515 36 3
0
4 16 -31.515 20 -3 -36.0003 24.4853 -3 -35.9996 27.5144 -3 -29.9996 21.5144 -3
4 16 -20 11.5148 -3 -21.5144 10.0004 -3 -29.9996 18.4856 -3 -28.4852 20 -3
4 16 -12.4853 4 -3 -15.5147 3.9997 -3 -20 8.485 -3 -18.4852 10 -3
4 16 -20 31.515 -3 -21.5144 29.9996 -3 -27.5144 35.9996 -3 -24.4853 36.0003 -3
4 16 -10 21.5148 -3 -11.5148 20 -3 -20 28.4852 -3 -18.4852 30 -3
4 16 0 11.5148 -3 -1.515 10 -3 -10 18.4852 -3 -8.4852 20 -3
4 16 7.5147 4 -3 4.4853 3.9997 -3 0 8.485 -3 1.5148 10 -3
4 16 0 31.515 -3 -1.515 30 -3 -7.515 36 -3 -4.4853 36.0003 -3
4 16 10 21.5148 -3 8.4852 20 -3 0 28.4852 -3 1.5148 30 -3
4 16 20 11.5148 -3 18.485 10 -3 10 18.4852 -3 11.5148 20 -3
4 16 27.5004 4.0004 -3 24.4853 3.9997 -3 20 8.485 -3 21.5144 10.0004 -3
4 16 35.9856 12.4856 -3 29.9996 18.4856 -3 31.515 20 -3 36.0003 15.5147 -3
4 16 29.9996 21.5144 -3 28.4852 20 -3 20 28.4852 -3 21.5144 29.9996 -3
4 16 15.5147 36.0003 -3 20 31.515 -3 18.485 30 -3 12.485 36 -3
4 16 -36.0003 24.4853 3 -31.515 20 3 -29.9996 21.5144 3 -35.9996 27.5144 3
4 16 -29.9996 18.4856 3 -21.5144 10.0004 3 -20 11.5148 3 -28.4852 20 3
4 16 -20 8.485 3 -15.5147 3.9997 3 -12.4853 4 3 -18.4852 10 3
4 16 -20 28.4852 3 -11.5148 20 3 -10 21.5148 3 -18.4852 30 3
4 16 -27.5144 35.9996 3 -21.5144 29.9996 3 -20 31.515 3 -24.4853 36.0003 3
4 16 -10 18.4852 3 -1.515 10 3 0 11.5148 3 -8.4852 20 3
4 16 0 8.485 3 4.4853 3.9997 3 7.5147 4 3 1.5148 10 3
4 16 -7.515 36 3 -1.515 30 3 0 31.515 3 -4.4853 36.0003 3
4 16 0 28.4852 3 8.4852 20 3 10 21.5148 3 1.5148 30 3
4 16 10 18.4852 3 18.485 10 3 20 11.5148 3 11.5148 20 3
4 16 20 8.485 3 24.4853 3.9997 3 27.5004 4.0004 3 21.5144 10.0004 3
4 16 12.485 36 3 18.485 30 3 20 31.515 3 15.5147 36.0003 3
4 16 20 28.4852 3 28.4852 20 3 29.9996 21.5144 3 21.5144 29.9996 3
4 16 29.9996 18.4856 3 35.9856 12.4856 3 36.0003 15.5147 3 31.515 20 3
0
