0 ~Electric Mindstorms RCX Module - Top Housing with "RCX 1.0" Pattern
0 Name: 32058.dat
0 Author: Magnus Forsberg [MagFors]
0 !LDRAW_ORG Unofficial_Part
0 !LICENSE Redistributable under CCAL version 2.0 : see CAreadme.txt

0 BFC CERTIFY CCW


1 16 0 0 0 1 0 0 0 1 0 0 0 1 s\32058s01.dat

0 // A/C Plug-in hole
4 16 12 34 117 12 2 117 12 0 120 12 34 120
3 16 12 0 120 12 2 117 12 0 109
2 24 12 0 120 12 34 120
2 24 12 0 120 12 0 109
2 24 12 2 117 12 34 117
4 16 -12 0 120 -12 2 117 -12 34 117 -12 34 120
3 16 -12 2 117 -12 0 120 -12 0 109
2 24 -12 0 120 -12 34 120
2 24 -12 0 120 -12 0 109
2 24 -12 2 117 -12 34 117
1 16 0 1 113 12 0 0 0 1 1 0 0 4 rect.dat
1 16 0 0 105.5 0 0 -12 0 1 0 3.5 0 0 rect1.dat
1 16 0 3 117 12 0 0 0 0 1 0 -1 0 rect.dat
1 16 0 34 118.5 12 0 0 0 1 0 0 0 1.5 rect.dat

0 // Label "RCX 1.0"
0 // Letter R
1 0 61 0.4 73.5 0 0.7 0 0 0.28 1 0.5 0 0 s\letra.dat
4 16 68.59346 3.437384 74.8827 66.00654 2.402616 74.8827 65.9 2.36 74.5 68.7 3.48 74.5
4 16 68.28994 3.315976 75.2071 66.31006 2.524024 75.2071 66.00654 2.402616 74.8827 68.59346 3.437384 74.8827
4 16 67.83578 3.134312 75.4239 66.76422 2.705688 75.4239 66.31006 2.524024 75.2071 68.28994 3.315976 75.2071
3 16 67.3 2.92 75.5 66.76422 2.705688 75.4239 67.83578 3.134312 75.4239
3 16 69.88692 3.954768 75.2654 70.1 4.04 74.5 74.3 5.72 76.5
3 16 69.27988 3.711952 75.9142 69.88692 3.954768 75.2654 74.3 5.72 76.5
3 16 68.37156 3.348624 76.3478 69.27988 3.711952 75.9142 69.4 3.76 78.75
3 16 67.3 2.92 76.5 68.37156 3.348624 76.3478 69.4 3.76 78.75
3 16 66.22844 2.491376 76.3478 67.3 2.92 76.5 67.5247 3.00988 79.0165
3 16 65.32012 2.128048 75.9142 66.22844 2.491376 76.3478 65.935 2.374 79.775
3 16 64.71308 1.885232 75.2654 65.32012 2.128048 75.9142 64.8731 1.94924 80.9105
3 16 64.5 1.8 74.5 64.71308 1.885232 75.2654 60 0 77.75
4 16 74.3 5.72 70.5 64.5 1.8 70.5 60 0 60 80 8 60
3 16 74.3 5.72 76.5 74.3 5.72 75.5 80 8 77.75
4 16 74.3 5.72 71.5 80 8 60 80 8 77.75 74.3 5.72 75.5
3 16 74.3 5.72 70.5 80 8 60 74.3 5.72 71.5
3 16 74.3 5.72 76.5 80 8 77.75 72.865 5.146 79.775
3 16 74.3 5.72 76.5 69.4 3.76 78.75 69.27988 3.711952 75.9142
3 16 67.3 2.92 76.5 69.4 3.76 78.75 67.5247 3.00988 79.0165
4 16 64.5 1.8 70.5 64.5 1.8 74.5 60 0 77.75 60 0 60
4 16 65.9 2.36 74.5 65.9 2.36 71.5 68.7 3.48 71.5 68.7 3.48 74.5
4 16 74.3 5.72 75.5 70.1 4.04 73.5 70.1 4.04 71.5 74.3 5.72 71.5
0 // Letter C
1 0 61 10.4 82 0 0.7 0 0 0.28 1 0.5 0 0 s\letca.dat
4 16 65.935 2.374 84.725 72.865 5.146 84.725 80 8 86 60 0 86
3 16 65.935 2.374 84.725 60 0 86 64.8731 1.94924 83.5895
4 16 64.8731 1.94924 83.5895 60 0 86 60 0 77.75 64.5 1.8 82.25
3 16 64.8731 1.94924 80.9105 64.5 1.8 82.25 60 0 77.75
3 16 64.8731 1.94924 80.9105 60 0 77.75 64.71308 1.885232 75.2654
3 16 65.32012 2.128048 75.9142 65.935 2.374 79.775 64.8731 1.94924 80.9105
3 16 66.22844 2.491376 76.3478 67.5247 3.00988 79.0165 65.935 2.374 79.775
3 16 71.2753 4.51012 79.0165 69.4 3.76 78.75 74.3 5.72 76.5
3 16 72.865 5.146 79.775 71.2753 4.51012 79.0165 74.3 5.72 76.5
3 16 72.865 5.146 79.775 80 8 77.75 73.9269 5.57076 80.9105
3 16 73.9269 5.57076 80.9105 80 8 77.75 74.3 5.72 82.25
4 16 73.9269 5.57076 83.5895 74.3 5.72 82.25 80 8 77.75 80 8 86
3 16 73.9269 5.57076 83.5895 80 8 86 72.865 5.146 84.725
4 16 72.865 5.146 84.725 65.935 2.374 84.725 66.9255 2.7702 84.018 71.8745 4.7498 84.018
3 16 69.4 3.76 82.25 66.9255 2.7702 84.018 66.166 2.4664 83.207
4 16 69.4 3.76 82.25 66.166 2.4664 83.207 65.9 2.36 82.25 66.166 2.4664 81.2935
4 16 69.4 3.76 82.25 66.166 2.4664 81.2935 66.9255 2.7702 80.482 68.0609 3.22436 79.94
4 16 69.4 3.76 82.25 68.0609 3.22436 79.94 69.4 3.76 79.75 70.7391 4.29564 79.94
4 16 69.4 3.76 82.25 70.7391 4.29564 79.94 71.8745 4.7498 80.482 72.6333 5.05332 81.2935
4 16 69.4 3.76 82.25 72.6333 5.05332 81.2935 72.9 5.16 82.25 72.6333 5.05332 83.207
4 16 69.4 3.76 82.25 72.6333 5.05332 83.207 71.8745 4.7498 84.018 66.9255 2.7702 84.018
0 // Letter X
1 0 61 10.4 90 0 0.7 0 0 0.28 1 0.5 0 0 s\letxa.dat
4 16 74.3 5.72 87 64.5 1.8 87.25 60 0 86 80 8 86
3 16 74.3 5.72 93 74.3 5.72 92 80 8 94.75
4 16 74.3 5.72 88 80 8 86 80 8 94.75 74.3 5.72 92
3 16 74.3 5.72 87 80 8 86 74.3 5.72 88
4 16 64.5 1.8 92.75 74.3 5.72 93 80 8 94.75 60 0 94.75
3 16 64.5 1.8 87.25 64.5 1.8 88.25 60 0 86
4 16 64.5 1.8 91.75 60 0 94.75 60 0 86 64.5 1.8 88.25
3 16 64.5 1.8 92.75 60 0 94.75 64.5 1.8 91.75
3 16 69.14212 3.656848 89.5 64.5 1.8 87.25 74.3 5.72 87
3 16 70.17371 4.069484 90 74.3 5.72 88 74.3 5.72 92
3 16 69.14212 3.656848 90.5 74.3 5.72 93 64.5 1.8 92.75
3 16 68.11053 3.244212 90 64.5 1.8 91.75 64.5 1.8 88.25
0 // Number 1 and .
1 0 61 10.4 99.5 0 0.7 0 0 0.28 1 0.5 0 0 s\numb1a.dat
1 0 73.2 5.28 103 -1 0 0 -0.4 1 0 0 0 -1 4-4disc.dat
1 16 73.2 5.28 103 -1 0 0 -0.4 1 0 0 0 -1 4-4ndis.dat
4 16 60 0 94.75 65.2 2.08 98 64.85 1.94 99 64.5 1.8 99
4 16 60 0 94.75 64.5 1.8 99 64.5 1.8 100 60 0 103.75
4 16 60 0 103.75 64.5 1.8 100 72.2 4.88 102 72.2 4.88 103
4 16 64.5 1.8 100 74.3 5.72 100 73.2 5.28 102 72.2 4.88 102
3 16 74.3 5.72 100 74.2 5.68 102 73.2 5.28 102
3 16 80 8 103.75 74.2 5.68 102 74.3 5.72 100
3 16 74.2 5.68 103 74.2 5.68 102 80 8 103.75
3 16 80 8 103.75 74.2 5.68 104 74.2 5.68 103
4 16 80 8 103.75 74.3 5.72 100 74.3 5.72 99 80 8 94.75
4 16 80 8 94.75 74.3 5.72 99 66.25 2.5 99 66.6 2.64 98
4 16 80 8 94.75 66.6 2.64 98 65.2 2.08 98 60 0 94.75
0 // Numeral 0
1 0 61 10.4 108 0 0.7 0 0 0.28 1 0.5 0 0 s\numb0a.dat
3 16 60 0 120 67.5247 3.00988 111.1585 69.4 3.76 111.4
3 16 67.5247 3.00988 111.1585 60 0 120 65.935 2.374 110.425
3 16 64.8731 1.94924 109.3145 65.935 2.374 110.425 60 0 120
4 16 60 0 103.75 64.5 1.8 108 64.8731 1.94924 109.3145 60 0 120
3 16 60 0 103.75 64.8731 1.94924 106.6855 64.5 1.8 108
3 16 60 0 103.75 65.935 2.374 105.575 64.8731 1.94924 106.6855
4 16 72.2 4.88 104 73.2 5.28 104 71.2753 4.51012 104.8415 69.4 3.76 104.6
4 16 72.2 4.88 104 69.4 3.76 104.6 67.5247 3.00988 104.8415 72.2 4.88 103
3 16 67.5247 3.00988 104.8415 65.935 2.374 105.575 60 0 103.75
3 16 60 0 103.75 72.2 4.88 103 67.5247 3.00988 104.8415
4 16 74.2 5.68 104 72.865 5.146 105.575 71.2753 4.51012 104.8415 73.2 5.28 104
4 16 74.2 5.68 104 80 8 103.75 73.9269 5.57076 106.6855 72.865 5.146 105.575
4 16 73.9269 5.57076 106.6855 80 8 103.75 80 8 120 74.3 5.72 108
3 16 80 8 120 73.9269 5.57076 109.3145 74.3 5.72 108
3 16 80 8 120 72.865 5.146 110.425 73.9269 5.57076 109.3145
3 16 71.2753 4.51012 111.1585 72.865 5.146 110.425 80 8 120
4 16 60 0 120 69.4 3.76 111.4 71.2753 4.51012 111.1585 80 8 120
4 16 69.4 3.76 108 69.4 3.76 110.4 68.0609 3.22436 110.235 66.9255 2.7702 109.7175
4 16 69.4 3.76 108 66.9255 2.7702 109.7175 66.166 2.4664 108.9315 65.9 2.36 108
4 16 69.4 3.76 108 65.9 2.36 108 66.166 2.4664 107.0685 66.9255 2.7702 106.2825
4 16 69.4 3.76 108 66.9255 2.7702 106.2825 68.0609 3.22436 105.765 69.4 3.76 105.6
4 16 69.4 3.76 108 69.4 3.76 105.6 70.7391 4.29564 105.765 71.8745 4.7498 106.2825
4 16 69.4 3.76 108 71.8745 4.7498 106.2825 72.6333 5.05332 107.0685 72.9 5.16 108
4 16 69.4 3.76 108 72.9 5.16 108 72.6333 5.05332 108.9315 71.8745 4.7498 109.7175
4 16 69.4 3.76 108 71.8745 4.7498 109.7175 70.7391 4.29564 110.235 69.4 3.76 110.4

0 // Serial Number "045270"
0 // Numeral 0
1 0 -62 10.8 106 0 -0.5 0 0 0.2 1 -0.4 0 0 s\numb0a.dat
3 16 -66.6605 2.6642 103.4732 -68 3.2 103.28 -64.5 1.8 98.6
3 16 -66.6605 2.6642 103.4732 -60 0 102.6 -65.525 2.21 104.06
3 16 -64.7665 1.9066 104.9484 -65.525 2.21 104.06 -60 0 102.6
3 16 -64.5 1.8 106 -64.7665 1.9066 104.9484 -60 0 102.6
3 16 -60 0 102.6 -60 0 120 -64.5 1.8 106
3 16 -60 0 120 -64.7665 1.9066 107.0516 -64.5 1.8 106
3 16 -60 0 120 -65.525 2.21 107.94 -64.7665 1.9066 107.0516
3 16 -66.6605 2.6642 108.5268 -65.525 2.21 107.94 -60 0 120
4 16 -66.6605 2.6642 108.5268 -60 0 120 -80 8 120 -68 3.2 108.72
3 16 -80 8 120 -69.3395 3.7358 108.5268 -68 3.2 108.72
3 16 -69.3395 3.7358 108.5268 -80 8 120 -70.475 4.19 107.94
3 16 -71.2335 4.4934 107.0516 -70.475 4.19 107.94 -80 8 120
4 16 -71.2335 4.4934 107.0516 -80 8 120 -80 8 102.6 -71.5 4.6 106
3 16 -80 8 102.6 -71.2335 4.4934 104.9484 -71.5 4.6 106
3 16 -80 8 102.6 -70.475 4.19 104.06 -71.2335 4.4934 104.9484
3 16 -70.475 4.19 104.06 -80 8 102.6 -70 4 101.6
3 16 -70 4 101.6 -69.3395 3.7358 103.4732 -70.475 4.19 104.06
3 16 -69 3.6 101.6 -68 3.2 103.28 -69.3395 3.7358 103.4732
4 16 -68 3.2 106 -68 3.2 104.08 -67.0435 2.8174 104.212 -66.2325 2.493 104.626
4 16 -68 3.2 106 -66.2325 2.493 104.626 -65.69 2.276 105.2548 -65.5 2.2 106
4 16 -68 3.2 106 -65.5 2.2 106 -65.69 2.276 106.7452 -66.2325 2.493 107.374
4 16 -68 3.2 106 -66.2325 2.493 107.374 -67.0435 2.8174 107.788 -68 3.2 107.92
4 16 -68 3.2 106 -68 3.2 107.92 -68.9565 3.5826 107.788 -69.7675 3.907 107.374
4 16 -68 3.2 106 -69.7675 3.907 107.374 -70.3095 4.1238 106.7452 -70.5 4.2 106
4 16 -68 3.2 106 -70.5 4.2 106 -70.3095 4.1238 105.2548 -69.7675 3.907 104.626
4 16 -68 3.2 106 -69.7675 3.907 104.626 -68.9565 3.5826 104.212 -68 3.2 104.08
0 // Numeral 4
1 0 -62 10.8 99.2 0 -0.5 0 0 0.2 1 -0.4 0 0 s\numb4a.dat
3 16 -64.5 1.8 98.6 -60 0 102.6 -66.6605 2.6642 103.4732
4 16 -60 0 102.6 -64.5 1.8 98.6 -64.5 1.8 97.6 -60 0 96.4
4 16 -60 0 96.4 -64.5 1.8 97.6 -69 3.6 97.6 -69 3.6 96.8
3 16 -69 3.6 96.8 -70 4 96.8 -70.73935 4.29568 94.54
3 16 -70 4 96.8 -80 8 95.8 -70.73935 4.29568 94.54
4 16 -80 8 95.8 -70 4 96.8 -70 4 97.6 -71.25 4.5 97.6
4 16 -80 8 95.8 -71.25 4.5 97.6 -71.25 4.5 98.4 -80 8 102.6
4 16 -80 8 102.6 -71.25 4.5 98.4 -70 4 98.4 -70 4 101.6
3 16 -70 4 101.6 -69 3.6 101.6 -69.3395 3.7358 103.4732
3 16 -68 3.2 103.28 -69 3.6 101.6 -64.5 1.8 98.6
3 16 -69 3.6 100.6 -69 3.6 98.4 -65.75 2.3 98.4
0 // Numeral 5
1 0 -60.1579 10.0631 92.4 0 -0.6655 0 0 0.2662 1 -0.4 0 0 s\numb5a.dat
4 16 -69.707825 3.88307 94.08 -68.34355 3.33736 93.78 -67.711325 3.08447 94.12 -70.73935 4.29568 94.54
4 16 -70.1404 4.0561 93.76 -68.0108 3.20426 93.18 -68.34355 3.33736 93.78 -69.707825 3.88307 94.08
4 16 -67.910975 3.16433 92.68 -68.0108 3.20426 93.18 -70.1404 4.0561 93.76 -70.373325 4.14927 93.24
4 16 -70.506425 4.20251 92.68 -68.110625 3.24419 91.94 -67.910975 3.16433 92.68 -70.373325 4.14927 93.24
4 16 -70.2735 4.10934 91.96 -68.47665 3.3906 91.62 -68.110625 3.24419 91.94 -70.506425 4.20251 92.68
4 16 -69.94075 3.97624 91.7 -68.9425 3.57694 91.46 -68.47665 3.3906 91.62 -70.2735 4.10934 91.96
3 16 -67.711325 3.08447 90.98 -68.8094 3.5237 90.72 -65.448625 2.17939 90.84
3 16 -66.87945 2.75172 91.76 -67.711325 3.08447 90.98 -65.448625 2.17939 90.84
4 16 -65.315525 2.12615 93.44 -66.8129 2.7251 92.84 -66.87945 2.75172 91.76 -65.448625 2.17939 90.84
3 16 -66.946 2.77834 93.5 -66.8129 2.7251 92.84 -65.315525 2.12615 93.44
4 16 -64.35055 1.74016 94.1 -64.35055 1.74016 90.82 -60 0 89 -60 0 96.4
4 16 -66.779625 2.71179 94.1 -64.35055 1.74016 94.1 -60 0 96.4 -67.711325 3.08447 94.12
3 16 -67.711325 3.08447 94.12 -60 0 96.4 -69 3.6 96.8
3 16 -69 3.6 96.8 -70.73935 4.29568 94.54 -67.711325 3.08447 94.12
3 16 -70.73935 4.29568 94.54 -80 8 95.8 -71.171925 4.46871 93.8
3 16 -71.171925 4.46871 93.8 -80 8 95.8 -71.371575 4.54857 93.2
4 16 -71.371575 4.54857 92.12 -71.371575 4.54857 93.2 -80 8 95.8 -80 8 89
3 16 -71.371575 4.54857 92.12 -80 8 89 -71.13865 4.4554 91.44
3 16 -71.13865 4.4554 91.44 -80 8 89 -71.2994 4.5198 87.14
3 16 -71.2994 4.5198 87.14 -70.240225 4.09603 90.76 -71.13865 4.4554 91.44
3 16 -71.2994 4.5198 87.14 -68.8094 3.5237 90.72 -70.240225 4.09603 90.76
3 16 -65.448625 2.17939 90.84 -68.8094 3.5237 90.72 -65.5804 2.2322 87.38
3 16 -65.448625 2.17939 90.84 -60 0 89 -64.35055 1.74016 90.82
0 // Numeral 2
1 0 -61.7679 10.7072 85.6 0 -0.5 0 0 0.2 1 -0.4 0 0 s\numb2a.dat
4 16 -67.5494 3.0198 83.88 -68.4869 3.3948 84.46 -70.2994 4.1198 83.68 -70.1429 4.0572 83.48
3 16 -68.4869 3.3948 84.46 -69.4554 3.7822 85.54 -70.2994 4.1198 83.68
4 16 -69.4554 3.7822 85.54 -69.9244 3.9698 86.02 -70.2679 4.1072 86.18 -70.2994 4.1198 83.68
3 16 -68.8094 3.5237 90.72 -71.2994 4.5198 87.14 -70.5179 4.2072 87.02
3 16 -65.5804 2.2322 87.38 -60 0 89 -65.448625 2.17939 90.84
4 16 -65.5804 2.2322 87.38 -70.5179 4.2072 87.02 -69.2679 3.7072 86.62 -66.7994 2.7198 86.84
4 16 -69.2679 3.7072 86.62 -68.7369 3.4948 86.18 -65.7679 2.3072 85.8 -66.7994 2.7198 86.84
4 16 -68.7369 3.4948 86.18 -67.7994 3.1198 85.12 -65.7679 2.3072 85.12 -65.7679 2.3072 85.8
4 16 -67.7994 3.1198 85.12 -67.2369 2.8948 84.66 -65.9869 2.3948 84.76 -65.7679 2.3072 85.12
4 16 -67.2369 2.8948 84.66 -66.6429 2.6572 84.56 -66.2679 2.5072 84.6 -65.9869 2.3948 84.76
3 16 -60 0 89 -65.5804 2.2322 87.38 -65.0179 2.0072 86.46
4 16 -60 0 89 -65.0179 2.0072 86.46 -64.5804 1.8322 85.46 -60 0 82
3 16 -60 0 82 -64.5804 1.8322 85.46 -64.8304 1.9322 84.5
3 16 -64.8304 1.9322 84.5 -65.5179 2.2072 83.92 -64.5 1.8 80.8
3 16 -65.5179 2.2072 83.92 -66.5804 2.6322 83.72 -65.5 2.2 80.8
3 16 -66.5804 2.6322 83.72 -67.5494 3.0198 83.88 -70.1429 4.0572 83.48
3 16 -66.5804 2.6322 83.72 -70.1429 4.0572 83.48 -65.5 2.2 80.8
3 16 -71.5179 4.6072 83.44 -80 8 82 -71.5 4.6 79.6
3 16 -70.1429 4.0572 83.48 -71.5179 4.6072 83.44 -71.5 4.6 79.6
4 16 -80 8 82 -71.5179 4.6072 83.44 -71.4554 4.5822 83.74 -71.2994 4.5198 85.32
4 16 -80 8 82 -71.2994 4.5198 85.32 -71.2994 4.5198 87.14 -80 8 89
3 16 -68.8094 3.5237 90.72 -70.5179 4.2072 87.02 -65.5804 2.2322 87.38
0 // Numeral 7
1 0 -62 10.8 78.4 0 -0.5 0 0 0.2 1 -0.4 0 0 s\numb7a.dat
4 16 -64.5 1.8 76.4 -60 0 74.8 -60 0 82 -64.5 1.8 80.8
3 16 -71.5 4.6 78.8 -80 8 74.8 -70.475 4.19 73.14
3 16 -68 3.2 73.92 -64.5 1.8 76.4 -71.5 4.6 78.8
4 16 -71.5 4.6 78.8 -71.5 4.6 79.6 -80 8 82 -80 8 74.8
3 16 -71.5 4.6 79.6 -65.5 2.2 77.6 -65.5 2.2 80.8
3 16 -71.5 4.6 79.6 -65.5 2.2 80.8 -70.1429 4.0572 83.48
3 16 -65.5179 2.2072 83.92 -65.5 2.2 80.8 -64.5 1.8 80.8
3 16 -64.5 1.8 80.8 -60 0 82 -64.8304 1.9322 84.5
0 // Numeral 0
1 0 -62 10.8 71.2 0 -0.5 0 0 0.2 1 -0.4 0 0 s\numb0a.dat
3 16 -60 0 60 -66.6605 2.6642 68.6732 -68 3.2 68.48
3 16 -66.6605 2.6642 68.6732 -60 0 60 -65.525 2.21 69.26
3 16 -64.7665 1.9066 70.1484 -65.525 2.21 69.26 -60 0 60
4 16 -60 0 74.8 -64.5 1.8 71.2 -64.7665 1.9066 70.1484 -60 0 60
3 16 -60 0 74.8 -64.7665 1.9066 72.2516 -64.5 1.8 71.2
3 16 -64.7665 1.9066 72.2516 -60 0 74.8 -64.5 1.8 76.4
3 16 -64.5 1.8 76.4 -65.525 2.21 73.14 -64.7665 1.9066 72.2516
3 16 -64.5 1.8 76.4 -66.6605 2.6642 73.7268 -65.525 2.21 73.14
3 16 -64.5 1.8 76.4 -68 3.2 73.92 -66.6605 2.6642 73.7268
3 16 -69.3395 3.7358 73.7268 -68 3.2 73.92 -71.5 4.6 78.8
3 16 -70.475 4.19 73.14 -69.3395 3.7358 73.7268 -71.5 4.6 78.8
3 16 -71.2335 4.4934 72.2516 -70.475 4.19 73.14 -80 8 74.8
4 16 -71.2335 4.4934 72.2516 -80 8 74.8 -80 8 60 -71.5 4.6 71.2
3 16 -80 8 60 -71.2335 4.4934 70.1484 -71.5 4.6 71.2
3 16 -80 8 60 -70.475 4.19 69.26 -71.2335 4.4934 70.1484
3 16 -69.3395 3.7358 68.6732 -70.475 4.19 69.26 -80 8 60
4 16 -60 0 60 -68 3.2 68.48 -69.3395 3.7358 68.6732 -80 8 60
4 16 -68 3.2 71.2 -68 3.2 69.28 -67.0435 2.8174 69.412 -66.2325 2.493 69.826
4 16 -68 3.2 71.2 -66.2325 2.493 69.826 -65.69 2.276 70.4548 -65.5 2.2 71.2
4 16 -68 3.2 71.2 -65.5 2.2 71.2 -65.69 2.276 71.9452 -66.2325 2.493 72.574
4 16 -68 3.2 71.2 -66.2325 2.493 72.574 -67.0435 2.8174 72.988 -68 3.2 73.12
4 16 -68 3.2 71.2 -68 3.2 73.12 -68.9565 3.5826 72.988 -69.7675 3.907 72.574
4 16 -68 3.2 71.2 -69.7675 3.907 72.574 -70.3095 4.1238 71.9452 -70.5 4.2 71.2
4 16 -68 3.2 71.2 -70.5 4.2 71.2 -70.3095 4.1238 70.4548 -69.7675 3.907 69.826
4 16 -68 3.2 71.2 -69.7675 3.907 69.826 -68.9565 3.5826 69.412 -68 3.2 69.28
