0 Technic Bionicle Limb  2 x  6 with  2 Ball Joints
0 Name: 32173.dat
0 Author: Marc Klein [marckl]
0 !LDRAW_ORG Unofficial_Part
0 !LICENSE Redistributable under CCAL version 2.0 : see CAreadme.txt

0 BFC CERTIFY CCW
0 !KEYWORDS slizer, throwbots, arm, thigh, hip, towball

0 !HISTORY 2001-12-31 [PTadmin] Official Update 2001-03
0 !HISTORY 2007-06-25 [PTadmin] Header formatted for Contributor Agreement
0 !HISTORY 2008-07-01 [PTadmin] Official Update 2008-01
0 !HISTORY 2014-11-24 [MagFors] Made BFC compliant, primitive substitution
0 !HISTORY 2014-12-23 [PTadmin] Official Update 2014-02
0 !HISTORY 2022-07-13 [SwampKryakwa] Improved part detalisation, fixed condline placement

1 16 0 0 0 0 1 0 -1 0 0 0 0 1 beamhole.dat
1 16 0 0 20 0 1 0 -1 0 0 0 0 1 connhole.dat
1 16 10 0 0 0 -1 0 -9 0 0 0 0 -9 2-4ndis.dat
1 16 -10 0 0 0 1 0 9 0 0 0 0 -9 2-4ndis.dat

1 16 -5 -16 -2 0 10 0 -2.83 0 -2.83 -2.83 0 2.83 3-8cylc.dat
1 16 -4.5 -16 -2 0 9 0 0 0 4.3 4.3 0 0 4-4cylo.dat
1 16 -4.5 -16 -2 0 1 0 0 0 4.3 4.3 0 0 4-4disc.dat
1 16 4.5 -16 -2 0 -1 0 0 0 4.3 4.3 0 0 4-4disc.dat
1 16 4.5 -16 -2 0 -1 0 0 0 4 4 0 0 4-4edge.dat
1 16 -4.5 -16 -2 0 -1 0 0 0 4 4 0 0 4-4edge.dat
1 16 -5.8 -16 -2 0 11.6 0 0 0 3.4 3.4 0 0 4-4cylo.dat
1 16 -5.8 -16 -2 0 1 0 0 0 3.4 3.4 0 0 4-4disc.dat
1 16 5.8 -16 -2 0 -1 0 0 0 3.4 3.4 0 0 4-4disc.dat
1 16 5 -16 -2 0 -1 0 0 0 3.4 3.4 0 0 4-4edge.dat
1 16 -5 -16 -2 0 -1 0 0 0 3.4 3.4 0 0 4-4edge.dat
1 16 -5 -16 -2 0 1 0 -2.83 0 -2.83 -2.83 0 2.83 3-8chrd.dat
1 16 5 -16 -2 0 -1 0 -2.83 0 -2.83 -2.83 0 2.83 3-8chrd.dat
1 16 0 -12.5 2 5 0 0 0 0 3.5 0 -1 0 rect3.dat
1 16 0 -18.18 -5.263 0 0 -5 -0.65 0 0 0.435 1 0 rect2p.dat
5 24 -5 -17.53 -5.698 5 -17.53 -5.698 5 -18.83 -4.828 -5 -9 -9
1 16 0 -13.265 -7.349 -5 0 0 0 0 4.265 0 1 -1.651 rect3.dat
5 24 -5 -18.83 -4.828 5 -18.83 -4.828 5 -19.69768 -3.531596 -5 -17.53 -5.698
2 24 5 -9 -9 5 -9 2
3 16 5 -18.83 -4.828 5 -17.53 -5.698 5 -16 2
4 16 5 -16 2 5 -17.53 -5.698 5 -9 -9 5 -9 2
2 24 -5 -9 -9 -5 -9 2
3 16 -5 -16 2 -5 -17.53 -5.698 -5 -18.83 -4.828
4 16 -5 -9 2 -5 -9 -9 -5 -17.53 -5.698 -5 -16 2

1 16 -4 15 5.5 0 8 0 0 0 3.5 3.5 0 0 2-4cylo.dat
1 16 -3.5 15 5.5 0 1 0 0 0 3.5 3.5 0 0 4-4edge.dat
1 16 3.5 15 5.5 0 1 0 0 0 3.5 3.5 0 0 4-4edge.dat
1 16 -3.5 15 5.5 0 7 0 0 0 3.9 3.9 0 0 4-4cylo.dat
1 16 3.5 15 5.5 0 -1 0 0 0 3.9 3.9 0 0 4-4disc.dat
1 16 -3.5 15 5.5 0 1 0 0 0 3.9 3.9 0 0 4-4disc.dat
1 16 -4.5 15 5.5 0 9 0 0 0 2.7 2.7 0 0 4-4cylo.dat
1 16 4.5 15 5.5 0 -1 0 0 0 2.7 2.7 0 0 4-4disc.dat
1 16 -4.5 15 5.5 0 1 0 0 0 2.7 2.7 0 0 4-4disc.dat
1 16 4 15 5.5 0 -1 0 0 0 2.7 2.7 0 0 4-4edge.dat
1 16 -4 15 5.5 0 1 0 0 0 2.7 2.7 0 0 4-4edge.dat
1 16 -4 15 5.5 0 1 0 0 0 3.5 3.5 0 0 2-4chrd.dat
1 16 4 15 5.5 0 -1 0 0 0 3.5 3.5 0 0 2-4chrd.dat
1 16 0 9 5.5 0 0 4 0 6 0 -3.5 0 0 box4o4a.dat

1 16 -3 -24 51.42 0 6 0 0.574 0 -2.94 -2.94 0 -0.574 2-4cylo.dat
1 16 -3 -24 51.42 0 1 0 0.574 0 -2.94 -2.94 0 -0.574 2-4chrd.dat
1 16 3 -24 51.42 0 -1 0 0.574 0 -2.94 -2.94 0 -0.574 2-4chrd.dat
1 16 -2.6 -24 51.42 0 5.2 0 -.624 0 3.139 3.139 0 .624 4-4cylo.dat
1 16 -2.6 -24 51.42 0 -1 0 0.574 0 -2.94 -2.94 0 -0.574 4-4edge.dat
1 16 2.6 -24 51.42 0 -1 0 0.574 0 -2.94 -2.94 0 -0.574 4-4edge.dat
1 16 -2.6 -24 51.42 0 1 0 -.624 0 3.139 3.139 0 .624 4-4disc.dat
1 16 2.6 -24 51.42 0 -1 0 -.624 0 3.139 3.139 0 .624 4-4disc.dat
1 16 -3.4 -24 51.42 0 6.8 0 -.488 0 2.452 2.452 0 .488 4-4cylo.dat
1 16 -3 -24 51.42 0 1 0 -.488 0 2.452 2.452 0 .488 4-4edge.dat
1 16 3 -24 51.42 0 1 0 -.488 0 2.452 2.452 0 .488 4-4edge.dat
1 16 -3.4 -24 51.42 0 1 0 -.488 0 2.452 2.452 0 .488 4-4disc.dat
1 16 3.4 -24 51.42 0 -1 0 -.488 0 2.452 2.452 0 .488 4-4disc.dat
1 16 0 -19.715 49.2 -3 0 0 0 0 3.715 0 1 0.72 rect3.dat
1 16 0 -20.287 55.2 3 0 0 0 0 4.287 0 -1 0.84 rect3.dat
2 24 -3 -16 49.92 -3 -16 56.04
2 24 3 -16 56.04 3 -16 49.92
4 16 -3 -24.574 54.36 -3 -16 56.04 -3 -16 49.92 -3 -23.43 48.48
4 16 3 -16 49.92 3 -16 56.04 3 -24.574 54.36 3 -23.43 48.48

1 16 -5 25.5 -13 0 1 0 0 0 4 4 0 0 2-4chrd.dat
1 16 -5 25.5 -13 0 10 0 0 0 4 4 0 0 2-4cylo.dat
1 16 -4.5 25.5 -13 0 1 0 0 0 4 4 0 0 4-4edge.dat
1 16 4.5 25.5 -13 0 1 0 0 0 4 4 0 0 4-4edge.dat
1 16 -4.5 25.5 -13 0 9 0 0 0 4.3 4.3 0 0 4-4cylo.dat
1 16 -4.5 25.5 -13 0 1 0 0 0 4.3 4.3 0 0 4-4disc.dat
1 16 4.5 25.5 -13 0 -1 0 0 0 4.3 4.3 0 0 4-4disc.dat
1 16 5 25.5 -13 0 -1 0 0 0 4 4 0 0 2-4chrd.dat
1 16 -6 25.5 -13 0 12 0 0 0 3.3 3.3 0 0 4-4cylo.dat
1 16 -6 25.5 -13 0 1 0 0 0 3.3 3.3 0 0 4-4disc.dat
1 16 6 25.5 -13 0 -1 0 0 0 3.3 3.3 0 0 4-4disc.dat
4 16 -5.464 23.97 -16.7 -5.464 23.97 -9.304 -5 25.5 -9 -5 25.5 -17
5 24 -5 25.5 -9 -5 25.5 -17 -5.464 23.97 -9.304 -5 27.0308 -9.3044
2 24 -5.464 23.97 -9.304 -5 25.5 -9
2 24 -5 25.5 -17 -5.464 23.97 -16.7
4 16 -5.787 22.9 -16.04 -5.776 22.94 -9.927 -5.464 23.97 -9.304 -5.464 23.97 -16.7
2 24 -5.776 22.94 -9.927 -5.464 23.97 -9.304
2 24 -5.464 23.97 -16.7 -5.787 22.9 -16.04
3 16 -7.576 17 -11 -5.776 22.94 -9.927 -5.787 22.9 -16.04
2 24 -5.787 22.9 -16.04 -7.576 17 -11
4 16 -10 9 -9 -10 9 0 -5.776 22.94 -9.927 -7.576 17 -11
2 24 -10 9 0 -5.776 22.94 -9.927
2 24 -10 9 -9 -10 9 0
2 24 -7.576 17 -11 -10 9 -9
4 16 5 25.5 -17 5 25.5 -9 5.464 23.97 -9.304 5.464 23.97 -16.7
2 24 5.464 23.97 -9.304 5 25.5 -9
2 24 5 25.5 -17 5.464 23.97 -16.7
5 24 5 25.5 -9 5 25.5 -17 5.464 23.97 -9.304 5 27.0308 -9.3044
4 16 5.464 23.97 -16.7 5.464 23.97 -9.304 5.776 22.94 -9.927 5.787 22.9 -16.04
2 24 5.776 22.94 -9.927 5.464 23.97 -9.304
2 24 5.464 23.97 -16.7 5.787 22.9 -16.04
3 16 5.787 22.9 -16.04 5.776 22.94 -9.927 7.576 17 -11
2 24 5.787 22.9 -16.04 7.576 17 -11
4 16 7.576 17 -11 5.776 22.94 -9.927 10 9 0 10 9 -9
2 24 10 9 0 5.776 22.94 -9.927
2 24 10 9 -9 10 9 0
2 24 7.576 17 -11 10 9 -9

4 16 -2 -14 47.26 -2 -12.22 47.6 -2 -10.56 39.09 -2 -14 39.47
3 16 -2 -6.3639 26.36293 -2 -7.057 25.59 -2 -14 39.47
3 16 -2 -1.649 28.85 -2 -3.4443 28.3151 -2 -10.56 39.09
4 16 -2 -3.4443 28.3151 -2 -6.3639 26.36293 -2 -14 39.47 -2 -10.56 39.09

4 16 2 -12.22 47.6 2 -14 47.26 2 -14 39.47 2 -10.56 39.09
3 16 2 -14 39.47 2 -7.057 25.59 2 -6.3639 26.36098
3 16 2 -10.56 39.09 2 -3.4443 28.3151 2 -1.649 28.85

1 16 6 -2.54665 28.58255 4 0 0 0 0 0.89765 0 -1 0.26745 rect3.dat
1 16 6 -6.71045 25.97695 -4 0 0 0 1 -.34655 0 0 -.38695 rect3.dat
1 16 10 0 20 0 -8 0 -6.364 0 6.364 6.364 0 6.364 1-16cylo.dat
1 16 2 0 20 0 -1 0 -6.364 0 6.364 6.364 0 6.364 1-16tang.dat
4 16 2 -14 39.47 2 -6.3639 26.361 2 -5.098 27.63 2 -10.56 39.09
3 16 2 -3.4443 28.3151 2 -10.56 39.09 2 -5.098 27.63
5 24 2 -3.4443 28.3151 10 -3.4443 28.3151 2 -1.649 28.85 2 -6.3639 26.36098
5 24 2 -6.3639 26.36098 10 -6.3639 26.3639 2 -7.057 25.59 2 -3.4443 28.3151

1 16 -6 -2.54665 28.58255 4 0 0 0 0 0.89765 0 -1 0.26745 rect3.dat
1 16 -6 -4.9041 27.33853 0 0 4 -1.4598 0 0 -0.9756 -1 0 rect2p.dat
1 16 -6 -6.71045 25.97695 -4 0 0 0 1 -0.34655 0 0 -0.38695 rect3.dat
5 24 -2 -3.4443 28.3151 -10 -3.4443 28.3151 -2 -1.649 28.85 -2 -6.3639 26.36293
5 24 -2 -6.3639 26.36293 -10 -6.3639 26.36293 -2 -7.057 25.59 -2 -3.4443 28.3151

1 16 6 -10.5285 32.53 -4 0 0 0 -1 -3.4715 0 0 6.94 rect3.dat
1 16 6 -14 43.365 -4 0 0 0 -1 0 0 0 3.895 rect3.dat
1 16 6 -13.11 47.43 -4 0 0 0 0 0.89 0 1 0.17 rect3.dat
1 16 6 -11.39 43.345 -4 0 0 0 1 0.83 0 0 -4.255 rect3.dat
1 16 6 -6.1045 33.97 0 0 4 4.4555 1 0 -5.12 0 0 rect2p.dat

1 16 -6 -6.1045 33.97 4 0 0 0 1 -4.4555 0 0 5.12 rect3.dat
1 16 -6 -11.39 43.345 4 0 0 0 1 -0.83 0 0 4.255 rect3.dat
1 16 -6 -13.11 47.43 4 0 0 0 0 -0.89 0 1 -0.17 rect3.dat
1 16 -6 -14 43.365 4 0 0 0 -1 0 0 0 -3.895 rect3.dat
1 16 -6 -10.5285 32.53 0 0 -4 3.4715 -1 0 -6.94 0 0 rect2p.dat

4 16 5 -9 -9 10 -9 -9 10 -9 25 5 -9 2
2 24 10 -9 -9 5 -9 -9
2 24 10 -9 25 10 -9 -9
4 16 5 -9 2 10 -9 25 -10 -9 25 -5 -9 2
4 16 -5 -9 2 -10 -9 25 -10 -9 -9 -5 -9 -9
2 24 -10 -9 -9 -10 -9 25
2 24 -5 -9 -9 -10 -9 -9

4 16 10 -16 61.13 -10 -16 61.13 -3 -16 56.04 3 -16 56.04
4 16 -3 -16 56.04 -10 -16 61.13 -10 -16 39 -3 -16 49.92
2 24 -10 -16 39 -10 -16 61.13
4 16 -3 -16 49.92 -10 -16 39 10 -16 39 3 -16 49.92
4 16 3 -16 49.92 10 -16 39 10 -16 61.13 3 -16 56.04
2 24 10 -16 61.13 10 -16 39
4 16 4 9 9 10 9 28 10 9 0 4 9 2
2 24 10 9 0 10 9 28
4 16 4 9 2 10 9 0 -10 9 0 -4 9 2
2 24 -10 9 0 10 9 0
4 16 -4 9 2 -10 9 0 -10 9 28 -4 9 9
2 24 -10 9 28 -10 9 0
4 16 -4 9 9 -10 9 28 10 9 28 4 9 9

1 16 0 0 -9 1 0 0 0 0 1 0 -1 0 axlehol2.dat
1 16 0 0 -9 1 0 0 0 0 1 0 -1 0 axlehol9.dat
4 16 -5 -9 -9 -2 -5.602 -9 0 -6 -9 5 -9 -9
4 16 -2 -2 -9 -2 -5.602 -9 -5 -9 -9 -5.602 -2 -9
4 16 -5 -9 -9 -10 -9 -9 -6 0 -9 -5.602 -2 -9
4 16 -6 0 -9 -10 -9 -9 -10 9 -9 -5.602 2 -9
2 24 -10 9 -9 -10 -9 -9
4 16 -5.602 2 -9 -10 9 -9 -2 5.602 -9 -2 2 -9
4 16 0 6 -9 -2 5.602 -9 -10 9 -9 10 9 -9
3 16 10 9 -9 2 5.602 -9 0 6 -9
4 16 5.602 2 -9 2 2 -9 2 5.602 -9 10 9 -9
2 24 10 -9 -9 10 9 -9
4 16 5.602 2 -9 10 9 -9 10 -9 -9 6 0 -9
4 16 5.602 -2 -9 6 0 -9 10 -9 -9 5 -9 -9
4 16 5.602 -2 -9 5 -9 -9 2 -5.602 -9 2 -2 -9
3 16 0 -6 -9 2 -5.602 -9 5 -9 -9
1 16 0 0 -9 1 0 0 0 0 1 0 -18.19 0 axlehol8.dat
1 16 0 0 -40 1 0 0 0 0 1 0 -1 0 axlesphe.dat

1 16 0 -11.41 53.88 1 0 0 0 1 -0.191 0 0 0.982 axlehol2.dat
1 16 0 -11.41 53.88 1 0 0 0 1 -0.191 0 0 0.982 axlehol9.dat
3 16 -6 -11.41 53.88 -5.602 -11.028 51.916 -10 -8.703 40
4 16 -10 -8.703 40 -5.602 -11.028 51.916 -2 -11.028 51.916 -2 -10.34002 48.37884
4 16 -10 -8.703 40 -2 -10.34002 48.37884 0 -10.264 47.988 10 -8.703 40
3 16 10 -8.703 40 0 -10.264 47.988 2 -10.34002 48.37884
4 16 5.602 -11.792 55.844 2 -11.792 55.844 2 -12.47998 59.38116 10 -12.94 61.73
3 16 10 -12.94 61.73 0 -12.556 59.772 -10 -12.94 61.73
3 16 10 -12.94 61.73 2 -12.47998 59.38116 0 -12.556 59.772
3 16 -10 -12.94 61.73 0 -12.556 59.772 -2 -12.47998 59.38116
4 16 -10 -12.94 61.73 -5.602 -11.792 55.844 -6 -11.41 53.88 -10 -8.703 40
2 24 -10 -12.94 61.73 -10 -8.703 40
4 16 -5.602 -11.792 55.844 -10 -12.94 61.73 -2 -12.47998 59.38116 -2 -11.792 55.844
4 16 10 -8.703 40 5.602 -11.028 51.916 6 -11.41 53.88 10 -12.94 61.73
2 24 10 -8.703 40 10 -12.94 61.73
3 16 10 -12.94 61.73 6 -11.41 53.88 5.602 -11.792 55.844
4 16 2 -11.028 51.916 5.602 -11.028 51.916 10 -8.703 40 2 -10.34002 48.37884
1 16 0 -11.41 53.88 1 0 0 0 18.836 -0.191 0 3.67 0.982 axlehol8.dat
1 16 0 19.999 60 1 0 0 0 0.982 -0.191 0 0.191 0.982 axlesphe.dat

4 16 10 9 28 10 0 30 10 0 29 10 3.4443 28.3151
3 16 10 9 28 10 3.4443 28.3151 10 6.3639 26.3639
3 16 10 9 28 10 6.3639 26.3639 10 8.3151 23.4443
3 16 10 9 28 10 8.3151 23.4443 10 9 20
3 16 10 -9 20 10 -8.3151 23.4443 10 -9 25
3 16 10 -8.3151 23.4443 10 -6.3639 26.3639 10 -7.057 25.59
3 16 10 -9 25 10 -8.3151 23.4443 10 -7.057 25.59
3 16 10 -3.4443 28.3151 10 0 29 10 -1.649 28.85
4 16 10 -9 25 10 -7.057 25.59 10 -14 39.47 10 -16 39
3 16 10 -16 39 10 -14 39.47 10 -14 47.26
3 16 10 -1.649 28.85 10 0 29 10 -10.56 39.09
4 16 10 -10.56 39.09 10 0 29 10 0 30 10 -8.703 40
4 16 10 -12.22 47.6 10 -10.56 39.09 10 -8.703 40 10 -12.94 61.73
3 16 10 -12.22 47.6 10 -12.94 61.73 10 -14 47.26
4 16 10 -14 47.26 10 -12.94 61.73 10 -16 61.13 10 -16 39

4 16 -10 3.4443 28.3151 -10 0 29 -10 0 30 -10 9 28
3 16 -10 6.3639 26.3639 -10 3.4443 28.3151 -10 9 28
3 16 -10 8.3151 23.4443 -10 6.3639 26.3639 -10 9 28
3 16 -10 9 20 -10 8.3151 23.4443 -10 9 28
3 16 -10 -9 25 -10 -8.3151 23.4443 -10 -9 20
3 16 -10 -7.057 25.59 -10 -6.3639 26.36293 -10 -8.3151 23.4443
3 16 -10 -7.057 25.59 -10 -8.3151 23.4443 -10 -9 25
3 16 -10 -1.649 28.85 -10 0 29 -10 -3.4443 28.3151
4 16 -10 -16 39 -10 -14 39.47 -10 -7.057 25.59 -10 -9 25
3 16 -10 -14 47.26 -10 -14 39.47 -10 -16 39
3 16 -10 -10.56 39.09 -10 0 29 -10 -1.649 28.85
4 16 -10 -8.703 40 -10 0 30 -10 0 29 -10 -10.56 39.09
4 16 -10 -8.703 40 -10 -10.56 39.09 -10 -12.22 47.6 -10 -12.94 61.73
3 16 -10 -14 47.26 -10 -12.94 61.73 -10 -12.22 47.6
4 16 -10 -16 39 -10 -16 61.13 -10 -12.94 61.73 -10 -14 47.26

4 16 5.464 23.97 -16.7 -5.464 23.97 -16.7 -5 25.5 -17 5 25.5 -17
5 24 -5.464 23.97 -16.7 5.464 23.97 -16.7 5.787 22.9 -16.04 -5 25.5 -17
5 24 -5 25.5 -17 5 25.5 -17 5.464 23.97 -16.7 -5 27.0308 -16.6956
5 24 -5 25.5 -9 5 25.5 -9 5 27.0308 -9.3044 -5.464 23.97 -9.304
4 16 -5 25.5 -9 -5.464 23.97 -9.304 5.464 23.97 -9.304 5 25.5 -9
5 24 -5.464 23.97 -9.304 5.464 23.97 -9.304 5 25.5 -9 -5.776 22.94 -9.927
4 16 7.576 17 -11 10 9 -9 -10 9 -9 -7.576 17 -11
2 24 10 9 -9 -10 9 -9
5 24 -7.576 17 -11 7.576 17 -11 -10 9 -9 -5.787 22.9 -16.04
4 16 7.576 17 -11 -7.576 17 -11 -5.787 22.9 -16.04 5.787 22.9 -16.04
5 24 -5.787 22.9 -16.04 5.787 22.9 -16.04 7.576 17 -11 -5.464 23.97 -16.7
4 16 5.787 22.9 -16.04 -5.787 22.9 -16.04 -5.464 23.97 -16.7 5.464 23.97 -16.7
4 16 -5.776 22.94 -9.927 5.776 22.94 -9.927 5.464 23.97 -9.304 -5.464 23.97 -9.304
2 24 -5.776 22.94 -9.927 5.776 22.94 -9.927
4 16 -5.776 22.94 -9.927 -10 9 0 10 9 0 5.776 22.94 -9.927

1 16 0 4.5 29 10 0 0 0 0 4.5 0 -1 -1 rect.dat
1 16 0 -4.3515 35 -10 0 0 0 -1 -4.3515 0 0 5 rect3.dat
1 16 0 -14.47 61.43 10 0 0 0 0 1.53 0 -1 0.3 rect.dat
1 16 0 -12.5 32 10 0 0 0 1 -3.5 0 0 7 rect.dat

0 // piston 1 edges
1 16 0 -16.09 -1.414 0 0 3 2.97 -4.36 0 0.444 29.1 0 4-4cyli.dat
1 16 0 -23.98 51.29 0 0 2 -1.989 3.54 0 -0.296 -23.6 0 4-4cyli.dat
1 16 0 -20.441 27.67 0 0 3 2.97 -1 0 0.444 0 0 4-4edge.dat
1 16 0 -20.441 27.67 0 0 2 -1.989 1 0 -0.296 0 0 4-4edge.dat
1 16 0 -20.441 27.67 0 0 1 -0.989 1 0 -0.148 0 0 4-4ring2.dat
0 // piston 2 edges
1 16 0 19.58 -2.564 0 0 3 -2.61 5.92 0 -1.48 -10.4 0 4-4cyli.dat
2 24 0 18.5319 -6.7879 1.1481 18.9737 -7.1025
2 24 1.1481 18.9737 -7.1025 2.1213 20.2325 -7.9989
2 24 2.1213 20.2325 -7.9989 2.7717 22.116 -9.3402
2 24 -2.1213 20.2325 -7.9989 -2.7717 22.116 -9.3402
2 24 -1.1481 18.9737 -7.1025 -2.1213 20.2325 -7.9989
2 24 -1.1481 18.9737 -7.1025 0 18.5319 -6.7879
1 16 0 15.311 4.954 -2 0 0 0 4.27 -1.74 0 -7.52 -0.987 4-4cyli.dat
1 16 0 19.58 -2.564 0 0 3 -2.61 1 0 -1.48 0 0 4-4edge.dat
1 16 0 19.58 -2.564 -2 0 0 0 1 -1.74 0 0 -0.987 4-4edge.dat
1 16 0 19.58 -2.564 -1 0 0 0 1 -0.87 0 0 -0.494 4-4ring2.dat

1 16 0 0 -40 12.81 0 0 0 12.81 0 0 0 12.81 8-8sphe.dat
1 16 0 20 60 12.81 0 0 0 12.574 -2.45 0 2.45 12.574 8-8sphe.dat
2 24 -2.6000 -22.4247 48.6748 2.6000 -22.4247 48.6748
2 24 -2.6000 -23.5587 54.5589 2.6000 -23.5587 54.5589
2 24 0.7654 -21.7293 48.8096 1.4142 -22.1577 48.7266
2 24 1.8478 -22.7871 48.5248 1.5948 -22.4247 48.6748
2 24 -0.7654 -25.4592 48.6269 0.0000 -25.6242 48.6953
2 24 -0.7654 -25.4592 48.6269 -1.4142 -24.9892 48.4321
2 24 1.4142 -22.1577 48.7266 1.5948 -22.4247 48.6748
2 24 1.9701 -23.3760 48.2810 1.8478 -22.7871 48.5248
2 24 0.7654 -25.4592 48.6269 1.4142 -24.9892 48.4321
2 24 1.6388 -24.6248 48.2811 1.8478 -24.3069 48.2810
2 24 2.0000 -23.5287 48.2810 1.9701 -23.3760 48.2810
2 24 -1.4142 -22.1577 48.7266 -1.5948 -22.4247 48.6748
2 24 -1.4142 -22.1577 48.7266 -0.7654 -21.7293 48.8096
2 24 -2.0000 -23.5287 48.2810 -1.9701 -23.3760 48.2810
2 24 -1.4142 -24.9892 48.4321 -1.6388 -24.6248 48.2811
2 24 1.4142 -24.9892 48.4321 1.6388 -24.6248 48.2811
2 24 1.8478 -24.3069 48.2810 2.0000 -23.5287 48.2810
2 24 -0.7654 -21.7293 48.8096 0.0000 -21.5789 48.8388
2 24 0.0000 -21.5789 48.8388 0.7654 -21.7293 48.8096
2 24 -1.8478 -24.3069 48.2810 -1.6388 -24.6248 48.2811
2 24 -1.8478 -24.3069 48.2810 -2.0000 -23.5287 48.2810
2 24 0.0000 -25.6242 48.6953 0.7654 -25.4592 48.6269
2 24 -1.8478 -22.7871 48.5248 -1.5948 -22.4247 48.6748
2 24 -1.8478 -22.7871 48.5248 -1.9701 -23.3760 48.2810
2 24 -1.1481 -13.7962 2.0008 0.0000 -13.5652 2.0011
2 24 -1.1481 -13.7962 2.0008 -2.1213 -14.4545 2.0006
2 24 0.0000 -13.5652 2.0011 1.1481 -13.7963 2.0013
2 24 2.7717 -17.7491 1.9036 2.7941 -17.6456 1.9728
2 24 -2.7717 -15.4685 2.1943 -2.8730 -16.0000 2.3000
2 24 2.7717 -15.4685 2.1943 2.8730 -16.0000 2.3000
2 24 -2.1213 -18.6445 1.3052 -1.4773 -19.0405 1.0405
2 24 1.1481 -19.2224 0.7684 1.4773 -19.0405 1.0405
2 24 1.1481 -19.2224 0.7684 0.0000 -19.4112 0.4859
2 24 -2.1213 -14.4545 2.0006 -2.1477 -14.4944 2.0006
2 24 -2.7717 -17.7491 1.9036 -2.7941 -17.6456 1.9728
2 24 2.7717 -15.4685 2.1943 2.1507 -14.4991 2.0015
2 24 3.0000 -16.6278 2.1752 2.7941 -17.6456 1.9728
2 24 3.0000 -16.6278 2.1752 2.8730 -16.0000 2.3000
2 24 -2.8730 -16.0000 2.3000 -3.0000 -16.6278 2.1752
2 24 2.7717 -17.7491 1.9036 2.1213 -18.6445 1.3052
2 24 2.1213 -14.4546 2.0015 2.1507 -14.4991 2.0015
2 24 -3.0000 -16.6278 2.1752 -2.7941 -17.6456 1.9728
2 24 -2.7717 -17.7491 1.9036 -2.1213 -18.6445 1.3052
2 24 -2.7717 -15.4685 2.1943 -2.1477 -14.4944 2.0006
2 24 -1.4773 -19.0405 1.0405 -1.1481 -19.2224 0.7684
2 24 -1.1481 -19.2224 0.7684 0.0000 -19.4112 0.4859
2 24 2.1213 -18.6445 1.3052 1.4773 -19.0405 1.0405
2 24 2.1213 -14.4546 2.0015 1.1481 -13.7963 2.0013
2 24 -4.5000 -16.0000 -6.3000 4.5000 -16.0000 -6.3000
2 24 -4.5000 -14.4919 2.0001 4.5000 -14.4999 2.0017
2 24 -2.1213 20.2325 -7.9989 -1.1481 18.9738 -7.1025
2 24 2.1213 20.2325 -7.9989 1.1481 18.9738 -7.1025
2 24 1.1481 18.9738 -7.1025 0.0000 18.5319 -6.7879
2 24 -1.1481 26.3599 -8.8710 -0.7560 26.4610 -8.8911
2 24 -1.1481 26.3599 -8.8710 -2.1213 25.5158 -8.7031
2 24 -2.7717 22.1159 -9.3402 -2.8349 22.7309 -9.7781
2 24 2.8971 23.8544 -9.0272 2.8387 24.1582 -8.9668
2 24 2.8387 24.1582 -8.9668 2.7717 24.5065 -8.8975
2 24 -3.0000 23.4231 -9.3154 -2.9543 23.6148 -9.1873
2 24 -2.1213 25.5158 -8.7031 -2.1294 25.5000 -8.7000
2 24 -2.1294 25.5000 -8.7000 -2.3800 25.1124 -8.7771
2 24 0.0000 26.6561 -8.9299 1.1481 26.3599 -8.8710
2 24 2.1213 25.5158 -8.7031 1.5089 26.0469 -8.8087
2 24 2.7717 24.5065 -8.8975 2.1294 25.5000 -8.7000
2 24 3.0000 23.4231 -9.3154 2.8349 22.7309 -9.7781
2 24 2.1213 25.5158 -8.7031 2.1294 25.5000 -8.7000
2 24 -0.7560 26.4610 -8.8911 0.0000 26.6561 -8.9299
2 24 -3.0000 23.4231 -9.3154 -2.8349 22.7309 -9.7781
2 24 2.7717 22.1159 -9.3402 2.8349 22.7309 -9.7781
2 24 2.8971 23.8544 -9.0272 3.0000 23.4231 -9.3154
2 24 -2.8971 23.8544 -9.0272 -2.7717 24.5065 -8.8975
2 24 -2.8971 23.8544 -9.0272 -2.9543 23.6148 -9.1873
2 24 -2.7717 24.5065 -8.8975 -2.3800 25.1124 -8.7771
2 24 -2.7717 22.1159 -9.3402 -2.1213 20.2325 -7.9989
2 24 1.1481 26.3599 -8.8710 1.5089 26.0469 -8.8087
2 24 2.7717 22.1159 -9.3402 2.1213 20.2325 -7.9989
2 24 -1.1481 18.9738 -7.1025 0.0000 18.5319 -6.7879
2 24 -4.5000 22.7309 -9.7781 -4.5000 22.9400 -9.9270
2 24 4.5000 22.7309 -9.7781 4.5000 22.9400 -9.9270
2 24 -4.5000 22.7309 -9.7781 4.5000 22.7309 -9.7781
2 24 -4.5000 21.8726 -15.1623 4.5000 21.8726 -15.1623
2 24 3.5000 13.3530 2.0000 -3.5000 13.3530 2.0000
2 24 3.5000 13.3530 9.0000 -3.5000 13.3530 9.0000
2 24 1.4142 15.5291 1.7052 1.8478 16.1996 1.8386
2 24 1.4142 15.5291 1.7052 0.7654 15.0810 1.6161
2 24 -0.3715 15.0000 1.6000 -0.7654 15.0810 1.6161
2 24 -1.8478 16.1996 1.8386 -1.4142 15.5291 1.7052
2 24 -1.4142 17.9933 3.0948 -1.6674 17.7577 2.7423
2 24 -2.0000 16.8944 2.1654 -1.9042 16.4925 1.8968
2 24 2.0000 16.8944 2.1654 1.8478 17.5326 2.5919
2 24 2.0000 16.8944 2.1654 1.9042 16.4925 1.8968
2 24 -0.7654 15.0810 1.6161 -1.4142 15.5291 1.7052
2 24 1.8478 17.5326 2.5919 1.6674 17.7577 2.7423
2 24 -0.7654 18.2629 3.4983 0.0000 18.3576 3.6400
2 24 0.7654 15.0810 1.6161 0.3715 15.0000 1.6000
2 24 1.8478 16.1996 1.8386 1.9042 16.4925 1.8968
2 24 1.4142 17.9933 3.0948 1.6674 17.7577 2.7423
2 24 0.7654 18.2629 3.4983 0.0000 18.3576 3.6400
2 24 -0.3715 15.0000 1.6000 0.3715 15.0000 1.6000
2 24 -1.8478 16.1996 1.8386 -1.9042 16.4925 1.8968
2 24 -1.6674 17.7577 2.7423 -1.8478 17.5326 2.5919
2 24 -1.8478 17.5326 2.5919 -2.0000 16.8944 2.1654
2 24 -1.4142 17.9933 3.0948 -0.7654 18.2629 3.4983
2 24 1.4142 17.9933 3.0948 0.7654 18.2629 3.4983
