0 Sticker  1.1 x  3.0 with Red Construction Helmet and Black "7905"
0 Name: 4297022b.dat
0 Author: Evert-Jan Boer [ejboer]
0 !LDRAW_ORG Unofficial_Part
0 !LICENSE Redistributable under CCAL version 2.0 : see CAreadme.txt

0 BFC CERTIFY CCW

0 !KEYWORDS Set 7905, Tower Crane

1 15 29 -.25 10.25 1 0 0 0 1 0 0 0 1 1-4chrd.dat
1 15 29 -.251 -10.25 0 0 1 0 1 0 -1 0 0 1-4chrd.dat
1 15 -29 -.25 -10.25 -1 0 0 0 1 0 0 0 -1 1-4chrd.dat
1 15 -29 -.25 10.25 0 0 -1 0 1 0 1 0 0 1-4chrd.dat
4 15 -15.1915 -.25 -1.2855 -12 -.25 -3.3 -8.7 -.25 -3.3 -8.65 -.25 -1.3
3 15 0 -.25 8 -3.3 -.25 5.3 -2 -.25 5.5
3 15 0 -.25 8 -2 -.25 5.5 -1 -.25 5.55
3 15 0 -.25 8 -1 -.25 5.55 0 -.25 5.55
3 15 0 -.25 8 0 -.25 5.55 .9 -.25 5.55
3 15 0 -.25 8 .9 -.25 5.55 1.9 -.25 5.5
4 15 0 -.25 -11.25 29 -.25 -11.25 30 -.25 -10.25 0 -.25 -9.5
3 15 30 -.25 -9.5 0 -.25 -9.5 30 -.25 -10.25
4 15 0 -.25 -5.4 0 -.25 -8 30 -.25 -8 9.2 -.25 -5.4
4 15 0 -.25 11.251 0 -.25 9.5 30 -.25 10.25 29 -.25 11.25
3 15 30 -.25 10.25 0 -.25 9.5 30 -.25 9.5
3 15 0 -.25 8 1.9 -.25 5.5 3.3 -.25 5.3
4 15 -30 -.25 -10.25 -29 -.25 -11.25 0 -.25 -9.5 -30 -.25 -9.5
3 15 0 -.25 -9.5 -29 -.25 -11.25 0 -.25 -11.25
4 15 -30 -.25 10.25 -30 -.25 9.5 0 -.25 11.251 -29 -.25 11.25
3 15 0 -.25 11.251 -30 -.25 9.5 0 -.25 9.5
4 15 -30 -.25 -8 0 -.25 -8 0 -.25 -5.4 -12 -.25 -5.4
3 15 -24.7788 -.25 2.1349 -28.7955 -.25 2.1349 -25.2471 -.25 1.5277
3 15 -28.7955 -.25 2.1349 -25.6621 -.25 .9358 -25.2471 -.25 1.5277
3 15 -28.7955 -.25 2.1349 -26.0239 -.25 .3589 -25.6621 -.25 .9358
3 15 -28.7955 -.25 2.1349 -26.3321 -.25 -.2032 -26.0239 -.25 .3589
3 15 -28.7955 -.25 2.1349 -26.5874 -.25 -.75 -26.3321 -.25 -.2032
3 15 -28.7955 -.25 2.1349 -26.7696 -.25 -1.2172 -26.5874 -.25 -.75
3 15 -28.7955 -.25 2.1349 -26.9343 -.25 -1.72 -26.7696 -.25 -1.2172
3 15 -28.7955 -.25 2.1349 -27.0824 -.25 -2.2589 -26.9343 -.25 -1.72
3 15 -28.7955 -.25 2.1349 -27.2137 -.25 -2.8334 -27.0824 -.25 -2.2589
3 15 -28.7955 -.25 2.1349 -27.3281 -.25 -3.4437 -27.2137 -.25 -2.8334
4 15 -27.3281 -.25 -3.4437 -28.7955 -.25 2.1349 -30 -.25 -8 -27.425 -.25 -4.0896
3 15 -27.425 -.25 -4.0896 -30 -.25 -8 -25.1729 -.25 -4.0896
4 15 -30 -.25 -8 -28.7955 -.25 2.1349 -28.7955 -.25 4.0433 -30 -.25 8
3 15 -30 -.25 8 -28.7955 -.25 4.0433 -22.1993 -.25 4.0433
4 15 -22.1993 -.25 4.0433 -19.7303 -.25 3.9037 -19.1845 -.25 4.014 -30 -.25 8
3 15 -30 -.25 8 -19.1845 -.25 4.014 -18.5649 -.25 4.0508
4 15 -18.5649 -.25 4.0508 -17.827 -.25 4.0057 0 -.25 8 -30 -.25 8
4 15 -3.3 -.25 5.3 0 -.25 8 -17.827 -.25 4.0057 -4.4 -.25 5.05
4 15 -17.1933 -.25 3.8703 -5.8 -.25 4.2 -4.4 -.25 5.05 -17.827 -.25 4.0057
4 15 -17.1933 -.25 3.8703 -16.664 -.25 3.6442 -6.9 -.25 3 -5.8 -.25 4.2
3 15 -16.664 -.25 3.6442 -16.2184 -.25 3.3203 -6.9 -.25 3
3 15 -16.2184 -.25 3.3203 -15.8373 -.25 2.8895 -6.9 -.25 3
4 15 -15.8373 -.25 2.8895 -15.5199 -.25 2.3519 -7.8 -.25 1.7 -6.9 -.25 3
3 15 -15.5199 -.25 2.3519 -15.3324 -.25 1.8736 -7.8 -.25 1.7
4 15 -15.3324 -.25 1.8736 -15.1987 -.25 1.3243 -8.4 -.25 .2 -7.8 -.25 1.7
3 15 -15.1987 -.25 1.3243 -15.1184 -.25 .7036 -8.4 -.25 .2
4 15 -8.65 -.25 -1.3 -8.4 -.25 .2 -15.1184 -.25 .7036 -15.0915 -.25 .0123
3 15 -15.0915 -.25 .0123 -15.1167 -.25 -.6683 -8.65 -.25 -1.3
3 15 -15.1167 -.25 -.6683 -15.1915 -.25 -1.2855 -8.65 -.25 -1.3
3 15 -15.1915 -.25 -1.2855 -15.3165 -.25 -1.8393 -12 -.25 -3.3
4 15 -15.3165 -.25 -1.8393 -15.4913 -.25 -2.3293 -12 -.25 -5.4 -12 -.25 -3.3
3 15 -15.4913 -.25 -2.3293 -15.716 -.25 -2.7559 -12 -.25 -5.4
3 15 -22.1993 -.25 4.0433 -20.2018 -.25 3.7197 -19.7303 -.25 3.9037
3 15 -22.1993 -.25 4.0433 -20.7831 -.25 3.3096 -20.2018 -.25 3.7197
4 15 -22.1993 -.25 2.5176 -21.2246 -.25 2.7423 -20.7831 -.25 3.3096 -22.1993 -.25 4.0433
4 15 -21.2246 -.25 2.7423 -22.1993 -.25 2.5176 -22.6115 -.25 2.1214 -21.5034 -.25 2.061
4 15 -22.9882 -.25 1.7092 -21.5961 -.25 1.3101 -21.5034 -.25 2.061 -22.6115 -.25 2.1214
4 15 -22.9882 -.25 1.7092 -23.3298 -.25 1.281 -23.6358 -.25 .8368 -21.5961 -.25 1.3101
4 15 -23.9671 -.25 .2719 -21.5506 -.25 .7588 -21.5961 -.25 1.3101 -23.6358 -.25 .8368
4 15 -21.5506 -.25 .7588 -23.9671 -.25 .2719 -24.2614 -.25 -.3242 -21.4138 -.25 .2573
4 15 -21.4138 -.25 .2573 -24.2614 -.25 -.3242 -24.5192 -.25 -.9513 -21.1856 -.25 -.1941
4 15 -21.1856 -.25 -.1941 -24.5192 -.25 -.9513 -21.4293 -.25 -2.2059 -20.8665 -.25 -.5959
3 15 -20.8665 -.25 -.5959 -21.4293 -.25 -2.2059 -20.3434 -.25 -1.015
4 15 -19.2486 -.25 -1.9313 -19.7465 -.25 -1.2662 -20.3434 -.25 -1.015 -21.4293 -.25 -2.2059
3 15 -19.7465 -.25 -1.2662 -19.2486 -.25 -1.9313 -19.0763 -.25 -1.3499
4 15 -18.9577 -.25 -2.5774 -18.457 -.25 -2.7659 -17.9873 -.25 -2.6329 -18.5649 -.25 -1.3027
4 15 -17.9873 -.25 -2.6329 -17.633 -.25 -2.2328 -17.5017 -.25 -1.8734 -18.5649 -.25 -1.3027
4 15 -18.5649 -.25 -1.3027 -17.5017 -.25 -1.8734 -17.3939 -.25 -1.3189 -18.1179 -.25 -1.1614
3 15 -17.7085 -.25 -.9192 -18.1179 -.25 -1.1614 -17.3939 -.25 -1.3189
3 15 -17.3101 -.25 -.569 -17.7085 -.25 -.9192 -17.3939 -.25 -1.3189
4 15 -24.5192 -.25 -.9513 -24.7401 -.25 -1.6099 -24.8878 -.25 -2.1581 -21.4293 -.25 -2.2059
4 15 -24.8878 -.25 -2.1581 -25.0092 -.25 -2.7539 -25.104 -.25 -3.3979 -21.4293 -.25 -2.2059
4 15 -25.1729 -.25 -4.0896 -21.1936 -.25 -2.7835 -21.4293 -.25 -2.2059 -25.104 -.25 -3.3979
4 15 -21.1936 -.25 -2.7835 -25.1729 -.25 -4.0896 -30 -.25 -8 -20.8748 -.25 -3.256
3 15 -20.8748 -.25 -3.256 -30 -.25 -8 -20.4682 -.25 -3.6258
3 15 -20.4682 -.25 -3.6258 -30 -.25 -8 -19.9702 -.25 -3.8942
3 15 -19.9702 -.25 -3.8942 -30 -.25 -8 -19.3265 -.25 -4.0575
3 15 -15.716 -.25 -2.7559 -15.991 -.25 -3.1188 -12 -.25 -5.4
3 15 -15.991 -.25 -3.1188 -16.3783 -.25 -3.4762 -12 -.25 -5.4
3 15 -16.3783 -.25 -3.4762 -16.8215 -.25 -3.7546 -12 -.25 -5.4
3 15 -16.8215 -.25 -3.7546 -17.3198 -.25 -3.9531 -12 -.25 -5.4
3 15 -17.3198 -.25 -3.9531 -17.8743 -.25 -4.0724 -12 -.25 -5.4
3 15 -17.8743 -.25 -4.0724 -18.4839 -.25 -4.1123 -12 -.25 -5.4
4 15 -19.3265 -.25 -4.0575 -30 -.25 -8 -12 -.25 -5.4 -18.4839 -.25 -4.1123
4 15 -19.4405 -.25 1.9442 -17.714 -.25 2.3195 -18.0721 -.25 2.5921 -19.2244 -.25 2.3546
4 15 -17.714 -.25 2.3195 -19.4405 -.25 1.9442 -19.5125 -.25 1.3694 -17.4717 -.25 1.887
4 15 -19.4378 -.25 .7849 -17.3908 -.25 1.3153 -17.4717 -.25 1.887 -19.5125 -.25 1.3694
4 15 -17.3908 -.25 1.3153 -19.4378 -.25 .7849 -19.2134 -.25 .3569 -17.4676 -.25 .7581
4 15 -18.0438 -.25 .0919 -17.6978 -.25 .3462 -17.4676 -.25 .7581 -19.2134 -.25 .3569
4 15 4.4 -.25 5.05 5.8 -.25 4.2 13.6735 -.25 3.7269 14.1673 -.25 3.9068
4 15 5.8 -.25 4.2 6.9 -.25 3 13.2475 -.25 3.4753 13.6735 -.25 3.7269
3 15 13.2475 -.25 3.4753 6.9 -.25 3 12.8895 -.25 3.1517
3 15 12.8895 -.25 3.1517 6.9 -.25 3 12.6417 -.25 2.814
4 15 7.8 -.25 1.7 12.4391 -.25 2.4019 12.6417 -.25 2.814 6.9 -.25 3
3 15 12.4391 -.25 2.4019 7.8 -.25 1.7 12.2816 -.25 1.9146
4 15 12.2816 -.25 1.9146 7.8 -.25 1.7 8.4 -.25 .2 12.1692 -.25 1.3518
3 15 12.1692 -.25 1.3518 8.4 -.25 .2 12.1017 -.25 .7143
4 15 12.1017 -.25 .7143 8.4 -.25 .2 8.65 -.25 -1.3 12.0793 -.25 .0016
3 15 12.0793 -.25 .0016 8.65 -.25 -1.3 12.0969 -.25 -.5911
3 15 12.0969 -.25 -.5911 8.65 -.25 -1.3 12.1499 -.25 -1.1483
4 15 8.7 -.25 -3.3 9.2 -.25 -3.3 12.1499 -.25 -1.1483 8.65 -.25 -1.3
3 15 12.1499 -.25 -1.1483 9.2 -.25 -3.3 12.2378 -.25 -1.6704
4 15 12.2378 -.25 -1.6704 9.2 -.25 -3.3 9.2 -.25 -5.4 12.4284 -.25 -2.3469
3 15 12.4284 -.25 -2.3469 9.2 -.25 -5.4 12.6824 -.25 -2.8631
3 15 12.6824 -.25 -2.8631 9.2 -.25 -5.4 13.1304 -.25 -3.4028
3 15 13.1304 -.25 -3.4028 9.2 -.25 -5.4 13.689 -.25 -3.7946
3 15 13.689 -.25 -3.7946 9.2 -.25 -5.4 14.1408 -.25 -3.9711
4 15 3.3 -.25 5.3 4.4 -.25 5.05 14.1673 -.25 3.9068 0 -.25 8
3 15 0 -.25 8 14.1673 -.25 3.9068 14.7287 -.25 4.0146
4 15 30 -.25 8 0 -.25 8 14.7287 -.25 4.0146 15.3583 -.25 4.0508
3 15 20.2228 -.25 3.9661 17.1313 -.25 3.628 17.5014 -.25 3.3427
3 15 20.2228 -.25 3.9661 16.6668 -.25 3.8544 17.1313 -.25 3.628
3 15 20.2228 -.25 3.9661 17.5014 -.25 3.3427 18.0101 -.25 2.6803
3 15 20.2228 -.25 3.9661 18.0101 -.25 2.6803 18.3092 -.25 1.8701
3 15 20.2228 -.25 3.9661 18.3092 -.25 1.8701 18.4315 -.25 1.2729
4 15 18.4315 -.25 1.2729 18.5053 -.25 .6592 19.5284 -.25 -.2768 20.2228 -.25 3.9661
3 15 18.5053 -.25 .6592 18.5297 -.25 .0285 19.5284 -.25 -.2768
4 15 18.5297 -.25 .0285 18.5098 -.25 -.6555 19.243 -.25 -1.8813 19.5284 -.25 -.2768
3 15 18.5098 -.25 -.6555 18.4491 -.25 -1.2758 19.243 -.25 -1.8813
4 15 19.4246 -.25 -2.3903 19.243 -.25 -1.8813 18.4491 -.25 -1.2758 18.3481 -.25 -1.8317
3 15 18.3481 -.25 -1.8317 18.2068 -.25 -2.3238 19.4246 -.25 -2.3903
4 15 18.2068 -.25 -2.3238 18.0249 -.25 -2.7518 19.6469 -.25 -2.8076 19.4246 -.25 -2.3903
4 15 18.0249 -.25 -2.7518 17.803 -.25 -3.1161 19.926 -.25 -3.1595 19.6469 -.25 -2.8076
4 15 17.803 -.25 -3.1161 17.4701 -.25 -3.4748 20.2793 -.25 -3.4727 19.926 -.25 -3.1595
4 15 17.4701 -.25 -3.4748 17.0534 -.25 -3.7536 20.7114 -.25 -3.7298 20.2793 -.25 -3.4727
3 15 23.2471 -.25 -4.021 22.5651 -.25 -4.0623 30 -.25 -8
3 15 23.8419 -.25 -3.8969 23.2471 -.25 -4.021 30 -.25 -8
3 15 24.3502 -.25 -3.6905 23.8419 -.25 -3.8969 30 -.25 -8
4 15 22.5651 -.25 -4.0623 21.8404 -.25 -4.0251 15.9679 -.25 -4.0724 30 -.25 -8
4 15 15.9679 -.25 -4.0724 21.8404 -.25 -4.0251 21.227 -.25 -3.9142 16.5527 -.25 -3.9528
4 15 16.5527 -.25 -3.9528 21.227 -.25 -3.9142 20.7114 -.25 -3.7298 17.0534 -.25 -3.7536
3 15 14.1408 -.25 -3.9711 9.2 -.25 -5.4 14.6777 -.25 -4.0768
3 15 15.9679 -.25 -4.0724 15.299 -.25 -4.1123 30 -.25 -8
4 15 14.6777 -.25 -4.0768 9.2 -.25 -5.4 30 -.25 -8 15.299 -.25 -4.1123
4 15 16.0827 -.25 2.0504 15.7494 -.25 2.4563 15.2828 -.25 2.5917 14.8145 -.25 2.4536
4 15 14.8145 -.25 2.4536 14.4967 -.25 2.0397 16.1991 -.25 1.7154 16.0827 -.25 2.0504
4 15 14.4967 -.25 2.0397 14.3623 -.25 1.5676 16.2825 -.25 1.2515 16.1991 -.25 1.7154
4 15 14.3623 -.25 1.5676 14.2814 -.25 .8863 16.3325 -.25 .6588 16.2825 -.25 1.2515
4 15 16.349 -.25 -.0631 16.3325 -.25 .6588 14.2814 -.25 .8863 14.2545 -.25 -.0039
4 15 14.2841 -.25 -.9026 16.3363 -.25 -.7145 16.349 -.25 -.0631 14.2545 -.25 -.0039
4 15 14.373 -.25 -1.5891 16.2977 -.25 -1.2403 16.3363 -.25 -.7145 14.2841 -.25 -.9026
4 15 16.2977 -.25 -1.2403 14.373 -.25 -1.5891 14.5209 -.25 -2.0633 16.2332 -.25 -1.6408
4 15 19.243 -.25 -1.8813 21.4613 -.25 -1.639 21.3969 -.25 -.5459 19.5284 -.25 -.2768
4 15 21.4613 -.25 -1.639 23.5989 -.25 -1.343 23.5238 -.25 -.732 21.3969 -.25 -.5459
4 15 21.8814 -.25 -.1369 21.3969 -.25 -.5459 23.5238 -.25 -.732 23.2974 -.25 -.3092
4 15 22.4951 -.25 .0192 21.8814 -.25 -.1369 23.2974 -.25 -.3092 22.9462 -.25 -.0628
4 15 23.3001 -.25 -2.3796 23.5241 -.25 -1.9468 21.4613 -.25 -1.639 21.596 -.25 -2.1084
3 15 23.5989 -.25 -1.343 21.4613 -.25 -1.639 23.5241 -.25 -1.9468
4 15 23 -.25 -2.6 23.3001 -.25 -2.3796 21.596 -.25 -2.1084 21.8383 -.25 -2.4496
3 15 21.9027 -.25 2.2161 21.7146 -.25 1.0317 22.4386 -.25 1.2902
3 15 21.9027 -.25 2.2161 22.4386 -.25 1.2902 23.1468 -.25 1.3763
4 15 23.1468 -.25 1.3763 23.7109 -.25 1.3315 25.4298 -.25 2.2161 21.9027 -.25 2.2161
3 15 25.4298 -.25 2.2161 23.7109 -.25 1.3315 24.2196 -.25 1.1971
3 15 25.4298 -.25 2.2161 24.2196 -.25 1.1971 24.6724 -.25 .9735
3 15 25.4298 -.25 2.2161 24.6724 -.25 .9735 25.069 -.25 .6602
4 15 30 -.25 8 25.4298 -.25 2.2161 25.069 -.25 .6602 25.4788 -.25 .1412
3 15 30 -.25 8 15.3583 -.25 4.0508 16.084 -.25 4.0016
4 15 16.6668 -.25 3.8544 20.2228 -.25 3.9661 30 -.25 8 16.084 -.25 4.0016
3 15 30 -.25 8 20.2228 -.25 3.9661 25.4298 -.25 3.9661
3 15 30 -.25 8 25.4298 -.25 3.9661 25.4298 -.25 2.2161
3 15 30 -.25 8 25.4788 -.25 .1412 25.7245 -.25 -.4598
3 15 24.7799 -.25 -3.4059 24.3502 -.25 -3.6905 30 -.25 -8
3 15 25.1387 -.25 -3.0468 24.7799 -.25 -3.4059 30 -.25 -8
3 15 25.4271 -.25 -2.6136 25.1387 -.25 -3.0468 30 -.25 -8
3 15 25.638 -.25 -2.137 25.4271 -.25 -2.6136 30 -.25 -8
3 15 25.7645 -.25 -1.647 25.638 -.25 -2.137 30 -.25 -8
3 15 25.8069 -.25 -1.1438 25.7645 -.25 -1.647 30 -.25 -8
4 15 25.7245 -.25 -.4598 25.8069 -.25 -1.1438 30 -.25 -8 30 -.25 8
4 15 -18.8721 -.25 2.5921 -19.2244 -.25 2.3546 -18.0721 -.25 2.5921 -18.5001 -.25 2.6831
4 15 -18.4677 -.25 .0072 -18.0438 -.25 .0919 -19.2134 -.25 .3569 -18.8438 -.25 .0919
4 15 21.8383 -.25 -2.4496 22.15 -.25 -2.65 22.5437 -.25 -2.727 23 -.25 -2.6
4 15 -19.0763 -.25 -1.3499 -19.2486 -.25 -1.9313 -19.15 -.25 -2.3 -18.5649 -.25 -1.3027
3 15 -18.5649 -.25 -1.3027 -19.15 -.25 -2.3 -18.9577 -.25 -2.5774
4 15 15.2938 -.25 -2.6153 15.8724 -.25 -2.381 14.5209 -.25 -2.0633 14.8476 -.25 -2.4772
4 15 16.2332 -.25 -1.6408 14.5209 -.25 -2.0633 15.8724 -.25 -2.381 16.0827 -.25 -2.0633
4 0 -12 -.25 -3.3 -12 -.25 -5.4 -11.7 -.25 -5.1 -11.7 -.25 -3.6
4 0 9.2 -.25 -5.4 9.2 -.25 -3.3 8.9 -.25 -3.6 8.9 -.25 -5.1
4 0 3 -.25 5.1 4.3 -.25 4.75 4.4 -.25 5.05 3.3 -.25 5.3
4 0 5.8 -.25 4.2 4.4 -.25 5.05 4.3 -.25 4.75 5.6 -.25 4
4 0 5.6 -.25 4 6.7 -.25 2.8 6.9 -.25 3 5.8 -.25 4.2
4 0 7.8 -.25 1.7 6.9 -.25 3 6.7 -.25 2.8 7.5 -.25 1.6
4 0 7.8 -.25 1.7 7.5 -.25 1.6 8.1 -.25 .1 8.4 -.25 .2
4 0 8.65 -.25 -1.3 8.4 -.25 .2 8.1 -.25 .1 8.35 -.25 -1.3
4 0 8.4 -.25 -3.3 8.7 -.25 -3.3 8.65 -.25 -1.3 8.35 -.25 -1.3
4 0 -3 -.25 5.1 -3.3 -.25 5.3 -4.4 -.25 5.05 -4.3 -.25 4.75
4 0 -5.8 -.25 4.2 -5.6 -.25 4 -4.3 -.25 4.75 -4.4 -.25 5.05
4 0 -5.6 -.25 4 -5.8 -.25 4.2 -6.9 -.25 3 -6.7 -.25 2.8
4 0 -7.8 -.25 1.7 -7.5 -.25 1.6 -6.7 -.25 2.8 -6.9 -.25 3
4 0 -7.8 -.25 1.7 -8.4 -.25 .2 -8.1 -.25 .1 -7.5 -.25 1.6
4 0 -8.1 -.25 .1 -8.4 -.25 .2 -8.65 -.25 -1.3 -8.35 -.25 -1.3
4 0 -8.65 -.25 -1.3 -8.7 -.25 -3.3 -8.4 -.25 -3.3 -8.35 -.25 -1.3
4 0 -8.1 -.25 -3.3 -7.9 -.25 -3.3 -7.85 -.25 -1.3 -8.05 -.25 -1.3
4 0 -7.8 -.25 0 -8.05 -.25 -1.3 -7.85 -.25 -1.3 -7.6 -.25 -.1
4 0 -7.2 -.25 1.5 -7.8 -.25 0 -7.6 -.25 -.1 -7 -.25 1.4
4 0 -6.2 -.25 2.5 -6.4 -.25 2.6 -7.2 -.25 1.5 -7 -.25 1.4
4 0 -5.3 -.25 3.8 -6.4 -.25 2.6 -6.2 -.25 2.5 -5.1 -.25 3.7
4 0 -3.8 -.25 4.5 -4 -.25 4.6 -5.3 -.25 3.8 -5.1 -.25 3.7
4 0 -3 -.25 5 -4 -.25 4.6 -3.8 -.25 4.5 -2.8 -.25 4.9
4 0 -2.1 -.25 5.1 -2.5 -.25 5.1 -3 -.25 5 -2.8 -.25 4.9
4 0 7.85 -.25 -1.3 7.9 -.25 -3.3 8.1 -.25 -3.3 8.05 -.25 -1.3
4 0 7.8 -.25 0 7.6 -.25 -.1 7.85 -.25 -1.3 8.05 -.25 -1.3
4 0 7.6 -.25 -.1 7.8 -.25 0 7.2 -.25 1.5 7 -.25 1.4
4 0 6.2 -.25 2.5 7 -.25 1.4 7.2 -.25 1.5 6.4 -.25 2.6
4 0 6.2 -.25 2.5 6.4 -.25 2.6 5.2 -.25 3.8 5.11 -.25 3.7
4 0 5.2 -.25 3.8 4 -.25 4.6 3.81 -.25 4.5 5.11 -.25 3.7
4 0 3.81 -.25 4.5 4 -.25 4.6 3 -.25 5 2.8 -.25 4.9
4 0 3 -.25 5 2.5 -.25 5.1 2 -.25 5.1 2.8 -.25 4.9
4 0 -3.3 -.25 5.3 -3 -.25 5.1 -2.5 -.25 5.1 -2 -.25 5.5
4 0 3.3 -.25 5.3 1.9 -.25 5.5 2.5 -.25 5.1 3 -.25 5.1
4 0 8.9 -.25 -3.6 9.2 -.25 -3.3 8.7 -.25 -3.3 8.3 -.25 -3.6
4 0 -6.4 -.25 -3.3 -6.3 -.25 -1.2 -6.5 -.25 -1.2 -6.6 -.25 -3.3
4 0 -6.1 -.25 .6 -6.5 -.25 -1.2 -6.3 -.25 -1.2 -5.9 -.25 .5
4 0 -5.3 -.25 2.2 -6.1 -.25 .6 -5.9 -.25 .5 -5.1 -.25 2.1
4 0 -4.5 -.25 3.4 -5.3 -.25 2.2 -5.1 -.25 2.1 -4.3 -.25 3.3
4 0 -3.5 -.25 4.2 -4.5 -.25 3.4 -4.3 -.25 3.3 -3.4 -.25 4.1
4 0 -2.7 -.25 4.7 -3.5 -.25 4.2 -3.4 -.25 4.1 -2.6 -.25 4.6
4 0 -2.6 -.25 4.6 -1.5 -.25 5.1 -1.7 -.25 5.1 -2.7 -.25 4.7
4 0 6.4 -.25 -3.3 6.6 -.25 -3.3 6.5 -.25 -1.2 6.3 -.25 -1.2
4 0 6.1 -.25 .6 5.9 -.25 .5 6.3 -.25 -1.2 6.5 -.25 -1.2
4 0 5.9 -.25 .5 6.1 -.25 .6 5.3 -.25 2.2 5.1 -.25 2.1
4 0 4.5 -.25 3.4 4.3 -.25 3.3 5.1 -.25 2.1 5.3 -.25 2.2
4 0 4.3 -.25 3.3 4.5 -.25 3.4 3.5 -.25 4.2 3.4 -.25 4.1
4 0 2.7 -.25 4.7 2.6 -.25 4.6 3.4 -.25 4.1 3.5 -.25 4.2
4 0 2.6 -.25 4.6 2.7 -.25 4.7 1.7 -.25 5.1 1.5 -.25 5.1
4 0 -5.5 -.25 -3.3 -5.3 -.25 -1.2 -5.5 -.25 -1.2 -5.7 -.25 -3.3
4 0 -5.1 -.25 .5 -5.5 -.25 -1.2 -5.3 -.25 -1.2 -4.9 -.25 .4
4 0 -4.5 -.25 1.9 -5.1 -.25 .5 -4.9 -.25 .4 -4.3 -.25 1.8
4 0 -3.7 -.25 3.1 -4.5 -.25 1.9 -4.3 -.25 1.8 -3.5 -.25 3
4 0 -2.8 -.25 4.1 -3.7 -.25 3.1 -3.5 -.25 3 -2.7 -.25 4
4 0 -2 -.25 4.7 -2.8 -.25 4.1 -2.7 -.25 4 -1.9 -.25 4.6
4 0 -1.9 -.25 4.6 -1 -.25 5.15 -1.2 -.25 5.15 -2 -.25 4.7
4 0 1.8 -.25 4.6 1.9 -.25 4.7 1.1 -.25 5.15 .9 -.25 5.15
4 0 2.6 -.25 4 2.7 -.25 4.1 1.9 -.25 4.7 1.8 -.25 4.6
4 0 3.4 -.25 3 3.6 -.25 3.1 2.7 -.25 4.1 2.6 -.25 4
4 0 4.2 -.25 1.8 4.4 -.25 1.9 3.6 -.25 3.1 3.4 -.25 3
4 0 4.8 -.25 .4 5 -.25 .5 4.4 -.25 1.9 4.2 -.25 1.8
4 0 5.2 -.25 -1.2 5.4 -.25 -1.2 5 -.25 .5 4.8 -.25 .4
4 0 5.4 -.25 -1.2 5.2 -.25 -1.2 5.4 -.25 -3.3 5.6 -.25 -3.3
4 0 -1 -.25 -3.3 -.7 -.25 -3.3 -.7 -.25 5.15 -1 -.25 5.15
4 0 .6 -.25 -3.3 .9 -.25 -3.3 .9 -.25 5.15 .6 -.25 5.15
3 0 -2 -.25 5.5 -2.5 -.25 5.1 -2.1 -.25 5.1
4 0 -1.2 -.25 5.15 -1 -.25 5.55 -1.7 -.25 5.1 -1.5 -.25 5.1
4 0 -2.1 -.25 5.1 -1.7 -.25 5.1 -1 -.25 5.55 -2 -.25 5.5
4 0 .9 -.25 5.55 0 -.25 5.55 -1 -.25 5.15 -.7 -.25 5.15
4 0 -1.2 -.25 5.15 -1 -.25 5.15 0 -.25 5.55 -1 -.25 5.55
3 0 .9 -.25 5.55 -.7 -.25 5.15 .6 -.25 5.15
3 0 .9 -.25 5.55 .6 -.25 5.15 .9 -.25 5.15
4 0 .9 -.25 5.15 1.1 -.25 5.15 1.9 -.25 5.5 .9 -.25 5.55
4 0 1.1 -.25 5.15 1.5 -.25 5.1 1.7 -.25 5.1 1.9 -.25 5.5
3 0 1.9 -.25 5.5 1.7 -.25 5.1 2 -.25 5.1
3 0 1.9 -.25 5.5 2 -.25 5.1 2.5 -.25 5.1
4 0 -11.7 -.25 -3.6 -8.4 -.25 -3.6 -8.7 -.25 -3.3 -12 -.25 -3.3
3 0 -8.4 -.25 -3.3 -8.7 -.25 -3.3 -8.4 -.25 -3.6
3 0 -8.1 -.25 -3.3 -8.4 -.25 -3.3 -8.4 -.25 -3.6
3 0 -6.4 -.25 -3.3 -6.6 -.25 -3.3 -6 -.25 -3.6
3 0 -5.7 -.25 -3.3 -6.4 -.25 -3.3 -6 -.25 -3.6
3 0 -.7 -.25 -3.3 -1 -.25 -3.3 0 -.25 -3.6
3 0 .6 -.25 -3.3 -.7 -.25 -3.3 0 -.25 -3.6
4 0 .6 -.25 -3.3 0 -.25 -3.6 6 -.25 -3.6 .9 -.25 -3.3
3 0 5.4 -.25 -3.3 .9 -.25 -3.3 6 -.25 -3.6
3 0 5.6 -.25 -3.3 5.4 -.25 -3.3 6 -.25 -3.6
3 0 6.4 -.25 -3.3 5.6 -.25 -3.3 6 -.25 -3.6
3 0 8.1 -.25 -3.3 7.9 -.25 -3.3 8.3 -.25 -3.6
3 0 8.4 -.25 -3.3 8.1 -.25 -3.3 8.3 -.25 -3.6
3 0 8.7 -.25 -3.3 8.4 -.25 -3.3 8.3 -.25 -3.6
4 0 0 -.25 -5.4 9.2 -.25 -5.4 8.9 -.25 -5.1 0 -.25 -5.1
3 0 6.6 -.25 -3.3 6.4 -.25 -3.3 6 -.25 -3.6
4 0 7.9 -.25 -3.3 6.6 -.25 -3.3 6 -.25 -3.6 8.3 -.25 -3.6
4 0 -12 -.25 -5.4 0 -.25 -5.4 0 -.25 -5.1 -11.7 -.25 -5.1
3 0 -7.9 -.25 -3.3 -8.1 -.25 -3.3 -8.4 -.25 -3.6
4 0 -6.6 -.25 -3.3 -7.9 -.25 -3.3 -8.4 -.25 -3.6 -6 -.25 -3.6
3 0 -5.5 -.25 -3.3 -5.7 -.25 -3.3 -6 -.25 -3.6
4 0 -1 -.25 -3.3 -5.5 -.25 -3.3 -6 -.25 -3.6 0 -.25 -3.6
4 0 -25.1729 -.25 -4.0896 -25.104 -.25 -3.3979 -27.2137 -.25 -2.8334 -27.3281 -.25 -3.4437
3 0 -27.3281 -.25 -3.4437 -27.425 -.25 -4.0896 -25.1729 -.25 -4.0896
4 0 -25.104 -.25 -3.3979 -25.0092 -.25 -2.7539 -27.0824 -.25 -2.2589 -27.2137 -.25 -2.8334
4 0 -26.5874 -.25 -.75 -24.5192 -.25 -.9513 -26.0239 -.25 .3589 -26.3321 -.25 -.2032
4 0 -22.1993 -.25 4.0433 -28.7955 -.25 4.0433 -28.7955 -.25 2.1349 -24.7788 -.25 2.1349
4 0 -26.9343 -.25 -1.72 -24.8878 -.25 -2.1581 -24.7401 -.25 -1.6099 -26.7696 -.25 -1.2172
4 0 -27.0824 -.25 -2.2589 -25.0092 -.25 -2.7539 -24.8878 -.25 -2.1581 -26.9343 -.25 -1.72
3 0 -26.0239 -.25 .3589 -24.5192 -.25 -.9513 -24.2614 -.25 -.3242
4 0 -25.6621 -.25 .9358 -23.9671 -.25 .2719 -23.6358 -.25 .8368 -25.2471 -.25 1.5277
4 0 -26.0239 -.25 .3589 -24.2614 -.25 -.3242 -23.9671 -.25 .2719 -25.6621 -.25 .9358
4 0 -26.7696 -.25 -1.2172 -24.7401 -.25 -1.6099 -24.5192 -.25 -.9513 -26.5874 -.25 -.75
4 0 -25.2471 -.25 1.5277 -23.6358 -.25 .8368 -23.3298 -.25 1.281 -24.7788 -.25 2.1349
3 0 -24.7788 -.25 2.1349 -23.3298 -.25 1.281 -22.9882 -.25 1.7092
4 0 -22.9882 -.25 1.7092 -22.6115 -.25 2.1214 -22.1993 -.25 4.0433 -24.7788 -.25 2.1349
3 0 -22.1993 -.25 4.0433 -22.6115 -.25 2.1214 -22.1993 -.25 2.5176
4 0 -21.4293 -.25 -2.2059 -21.1936 -.25 -2.7835 -20.8748 -.25 -3.256 -19.2486 -.25 -1.9313
4 0 -19.15 -.25 -2.3 -20.8748 -.25 -3.256 -20.4682 -.25 -3.6258 -18.9577 -.25 -2.5774
4 0 -19.2134 -.25 .3569 -19.4378 -.25 .7849 -21.1856 -.25 -.1941 -20.8665 -.25 -.5959
4 0 -19.7465 -.25 -1.2662 -19.2134 -.25 .3569 -20.8665 -.25 -.5959 -20.3434 -.25 -1.015
4 0 -19.3265 -.25 -4.0575 -18.9577 -.25 -2.5774 -20.4682 -.25 -3.6258 -19.9702 -.25 -3.8942
4 0 -18.9577 -.25 -2.5774 -19.3265 -.25 -4.0575 -18.4839 -.25 -4.1123 -18.457 -.25 -2.7659
4 0 -17.7085 -.25 -.9192 -18.4677 -.25 .0072 -18.5649 -.25 -1.3027 -18.1179 -.25 -1.1614
4 0 -19.1845 -.25 4.014 -19.7303 -.25 3.9037 -20.2018 -.25 3.7197 -19.2244 -.25 2.3546
4 0 -21.5034 -.25 2.061 -19.4405 -.25 1.9442 -20.7831 -.25 3.3096 -21.2246 -.25 2.7423
4 0 -21.1856 -.25 -.1941 -19.4378 -.25 .7849 -21.5506 -.25 .7588 -21.4138 -.25 .2573
4 0 -21.5961 -.25 1.3101 -21.5506 -.25 .7588 -19.4378 -.25 .7849 -19.5125 -.25 1.3694
4 0 -18.0721 -.25 2.5921 -17.827 -.25 4.0057 -18.5649 -.25 4.0508 -18.5001 -.25 2.6831
4 0 -20.2018 -.25 3.7197 -20.7831 -.25 3.3096 -19.4405 -.25 1.9442 -19.2244 -.25 2.3546
4 0 -21.5961 -.25 1.3101 -19.5125 -.25 1.3694 -19.4405 -.25 1.9442 -21.5034 -.25 2.061
4 0 -17.3101 -.25 -.569 -18.0438 -.25 .0919 -18.4677 -.25 .0072 -17.7085 -.25 -.9192
4 0 -15.3165 -.25 -1.8393 -17.3939 -.25 -1.3189 -17.5017 -.25 -1.8734 -15.4913 -.25 -2.3293
4 0 -17.8743 -.25 -4.0724 -17.3198 -.25 -3.9531 -16.8215 -.25 -3.7546 -17.9873 -.25 -2.6329
4 0 -18.4839 -.25 -4.1123 -17.8743 -.25 -4.0724 -17.9873 -.25 -2.6329 -18.457 -.25 -2.7659
3 0 -17.633 -.25 -2.2328 -16.3783 -.25 -3.4762 -15.991 -.25 -3.1188
4 0 -17.633 -.25 -2.2328 -15.991 -.25 -3.1188 -15.716 -.25 -2.7559 -17.5017 -.25 -1.8734
3 0 -17.5017 -.25 -1.8734 -15.716 -.25 -2.7559 -15.4913 -.25 -2.3293
4 0 -15.3165 -.25 -1.8393 -15.1915 -.25 -1.2855 -17.3101 -.25 -.569 -17.3939 -.25 -1.3189
4 0 -15.1915 -.25 -1.2855 -15.1167 -.25 -.6683 -15.0915 -.25 .0123 -17.3101 -.25 -.569
4 0 -17.9873 -.25 -2.6329 -16.8215 -.25 -3.7546 -16.3783 -.25 -3.4762 -17.633 -.25 -2.2328
3 0 -17.6978 -.25 .3462 -18.0438 -.25 .0919 -17.3101 -.25 -.569
4 0 -15.0915 -.25 .0123 -17.4676 -.25 .7581 -17.6978 -.25 .3462 -17.3101 -.25 -.569
4 0 -17.827 -.25 4.0057 -18.0721 -.25 2.5921 -17.714 -.25 2.3195 -17.1933 -.25 3.8703
4 0 -15.8373 -.25 2.8895 -16.2184 -.25 3.3203 -17.714 -.25 2.3195 -17.4717 -.25 1.887
3 0 -15.3324 -.25 1.8736 -17.3908 -.25 1.3153 -15.1987 -.25 1.3243
4 0 -17.3908 -.25 1.3153 -17.4676 -.25 .7581 -15.1184 -.25 .7036 -15.1987 -.25 1.3243
4 0 -17.4717 -.25 1.887 -17.3908 -.25 1.3153 -15.3324 -.25 1.8736 -15.5199 -.25 2.3519
4 0 -16.2184 -.25 3.3203 -16.664 -.25 3.6442 -17.1933 -.25 3.8703 -17.714 -.25 2.3195
3 0 -15.8373 -.25 2.8895 -17.4717 -.25 1.887 -15.5199 -.25 2.3519
3 0 -17.4676 -.25 .7581 -15.0915 -.25 .0123 -15.1184 -.25 .7036
4 0 14.373 -.25 -1.5891 12.4284 -.25 -2.3469 12.6824 -.25 -2.8631 14.5209 -.25 -2.0633
4 0 14.373 -.25 -1.5891 14.2841 -.25 -.9026 12.1499 -.25 -1.1483 12.2378 -.25 -1.6704
3 0 14.373 -.25 -1.5891 12.2378 -.25 -1.6704 12.4284 -.25 -2.3469
4 0 14.2545 -.25 -.0039 12.0969 -.25 -.5911 12.1499 -.25 -1.1483 14.2841 -.25 -.9026
4 0 12.6824 -.25 -2.8631 13.1304 -.25 -3.4028 13.689 -.25 -3.7946 14.5209 -.25 -2.0633
4 0 14.1408 -.25 -3.9711 14.6777 -.25 -4.0768 15.2938 -.25 -2.6153 14.8476 -.25 -2.4772
4 0 15.9679 -.25 -4.0724 15.2938 -.25 -2.6153 14.6777 -.25 -4.0768 15.299 -.25 -4.1123
4 0 14.1408 -.25 -3.9711 14.8476 -.25 -2.4772 14.5209 -.25 -2.0633 13.689 -.25 -3.7946
4 0 14.2545 -.25 -.0039 14.2814 -.25 .8863 12.1692 -.25 1.3518 12.1017 -.25 .7143
4 0 12.6417 -.25 2.814 14.4967 -.25 2.0397 13.2475 -.25 3.4753 12.8895 -.25 3.1517
3 0 12.6417 -.25 2.814 12.4391 -.25 2.4019 14.4967 -.25 2.0397
4 0 12.0969 -.25 -.5911 14.2545 -.25 -.0039 12.1017 -.25 .7143 12.0793 -.25 .0016
4 0 12.2816 -.25 1.9146 14.3623 -.25 1.5676 14.4967 -.25 2.0397 12.4391 -.25 2.4019
4 0 13.6735 -.25 3.7269 13.2475 -.25 3.4753 14.4967 -.25 2.0397 14.8145 -.25 2.4536
4 0 16.084 -.25 4.0016 15.3583 -.25 4.0508 14.7287 -.25 4.0146 15.2828 -.25 2.5917
4 0 13.6735 -.25 3.7269 14.8145 -.25 2.4536 14.7287 -.25 4.0146 14.1673 -.25 3.9068
3 0 14.7287 -.25 4.0146 14.8145 -.25 2.4536 15.2828 -.25 2.5917
4 0 12.2816 -.25 1.9146 12.1692 -.25 1.3518 14.2814 -.25 .8863 14.3623 -.25 1.5676
4 0 15.2938 -.25 -2.6153 15.9679 -.25 -4.0724 16.5527 -.25 -3.9528 15.8724 -.25 -2.381
4 0 18.5098 -.25 -.6555 16.3363 -.25 -.7145 16.2977 -.25 -1.2403 18.4491 -.25 -1.2758
4 0 18.2068 -.25 -2.3238 18.3481 -.25 -1.8317 16.2977 -.25 -1.2403 16.2332 -.25 -1.6408
4 0 17.4701 -.25 -3.4748 15.8724 -.25 -2.381 16.5527 -.25 -3.9528 17.0534 -.25 -3.7536
3 0 16.2977 -.25 -1.2403 18.3481 -.25 -1.8317 18.4491 -.25 -1.2758
4 0 18.5297 -.25 .0285 16.349 -.25 -.0631 16.3363 -.25 -.7145 18.5098 -.25 -.6555
4 0 15.2828 -.25 2.5917 15.7494 -.25 2.4563 16.6668 -.25 3.8544 16.084 -.25 4.0016
4 0 17.5014 -.25 3.3427 17.1313 -.25 3.628 15.7494 -.25 2.4563 16.0827 -.25 2.0504
4 0 18.5053 -.25 .6592 18.4315 -.25 1.2729 16.2825 -.25 1.2515 16.3325 -.25 .6588
3 0 18.3092 -.25 1.8701 16.2825 -.25 1.2515 18.4315 -.25 1.2729
4 0 16.2825 -.25 1.2515 18.3092 -.25 1.8701 18.0101 -.25 2.6803 16.1991 -.25 1.7154
3 0 16.6668 -.25 3.8544 15.7494 -.25 2.4563 17.1313 -.25 3.628
4 0 16.1991 -.25 1.7154 18.0101 -.25 2.6803 17.5014 -.25 3.3427 16.0827 -.25 2.0504
4 0 16.3325 -.25 .6588 16.349 -.25 -.0631 18.5297 -.25 .0285 18.5053 -.25 .6592
3 0 21.596 -.25 -2.1084 19.6469 -.25 -2.8076 19.926 -.25 -3.1595
4 0 21.227 -.25 -3.9142 21.8383 -.25 -2.4496 20.2793 -.25 -3.4727 20.7114 -.25 -3.7298
4 0 22.15 -.25 -2.65 21.8383 -.25 -2.4496 21.227 -.25 -3.9142 21.8404 -.25 -4.0251
4 0 22.15 -.25 -2.65 21.8404 -.25 -4.0251 22.5651 -.25 -4.0623 22.5437 -.25 -2.727
4 0 19.926 -.25 -3.1595 20.2793 -.25 -3.4727 21.8383 -.25 -2.4496 21.596 -.25 -2.1084
4 0 19.4246 -.25 -2.3903 19.6469 -.25 -2.8076 21.596 -.25 -2.1084 21.4613 -.25 -1.639
3 0 21.4613 -.25 -1.639 19.243 -.25 -1.8813 19.4246 -.25 -2.3903
4 0 21.9027 -.25 2.2161 20.2228 -.25 3.9661 19.5284 -.25 -.2768 21.7146 -.25 1.0317
4 0 21.8814 -.25 -.1369 21.7146 -.25 1.0317 19.5284 -.25 -.2768 21.3969 -.25 -.5459
4 0 23.1468 -.25 1.3763 22.4386 -.25 1.2902 22.4951 -.25 .0192 22.9462 -.25 -.0628
4 0 21.8814 -.25 -.1369 22.4951 -.25 .0192 22.4386 -.25 1.2902 21.7146 -.25 1.0317
4 0 23 -.25 -2.6 22.5437 -.25 -2.727 22.5651 -.25 -4.0623 23.2471 -.25 -4.021
4 0 23 -.25 -2.6 23.2471 -.25 -4.021 23.8419 -.25 -3.8969 23.3001 -.25 -2.3796
4 0 25.1387 -.25 -3.0468 23.5241 -.25 -1.9468 23.3001 -.25 -2.3796 24.7799 -.25 -3.4059
4 0 25.7645 -.25 -1.647 23.5989 -.25 -1.343 23.5241 -.25 -1.9468 25.638 -.25 -2.137
4 0 24.7799 -.25 -3.4059 23.3001 -.25 -2.3796 23.8419 -.25 -3.8969 24.3502 -.25 -3.6905
4 0 25.638 -.25 -2.137 23.5241 -.25 -1.9468 25.1387 -.25 -3.0468 25.4271 -.25 -2.6136
4 0 24.6724 -.25 .9735 23.2974 -.25 -.3092 23.5238 -.25 -.732 25.069 -.25 .6602
4 0 24.6724 -.25 .9735 24.2196 -.25 1.1971 23.7109 -.25 1.3315 23.2974 -.25 -.3092
4 0 23.1468 -.25 1.3763 22.9462 -.25 -.0628 23.2974 -.25 -.3092 23.7109 -.25 1.3315
3 0 25.069 -.25 .6602 23.5238 -.25 -.732 25.4788 -.25 .1412
4 0 20.2228 -.25 3.9661 21.9027 -.25 2.2161 25.4298 -.25 2.2161 25.4298 -.25 3.9661
4 0 25.4788 -.25 .1412 23.5238 -.25 -.732 23.5989 -.25 -1.343 25.7245 -.25 -.4598
4 0 25.7645 -.25 -1.647 25.8069 -.25 -1.1438 25.7245 -.25 -.4598 23.5989 -.25 -1.343
3 0 -19.1845 -.25 4.014 -19.2244 -.25 2.3546 -18.8721 -.25 2.5921
4 0 -18.5649 -.25 4.0508 -19.1845 -.25 4.014 -18.8721 -.25 2.5921 -18.5001 -.25 2.6831
4 0 -19.7465 -.25 -1.2662 -19.0763 -.25 -1.3499 -18.8438 -.25 .0919 -19.2134 -.25 .3569
4 0 -18.5649 -.25 -1.3027 -18.4677 -.25 .0072 -18.8438 -.25 .0919 -19.0763 -.25 -1.3499
3 0 -19.2486 -.25 -1.9313 -20.8748 -.25 -3.256 -19.15 -.25 -2.3
4 0 17.4701 -.25 -3.4748 17.803 -.25 -3.1161 18.0249 -.25 -2.7518 15.8724 -.25 -2.381
3 0 15.8724 -.25 -2.381 18.0249 -.25 -2.7518 16.0827 -.25 -2.0633
4 0 18.2068 -.25 -2.3238 16.2332 -.25 -1.6408 16.0827 -.25 -2.0633 18.0249 -.25 -2.7518
3 4 -8.4 -.25 -3.6 -11.7 -.25 -3.6 -11.7 -.25 -5.1
3 4 8.9 -.25 -3.6 8.3 -.25 -3.6 8.9 -.25 -5.1
4 4 8.1 -.25 -3.3 8.4 -.25 -3.3 8.35 -.25 -1.3 8.05 -.25 -1.3
4 4 8.05 -.25 -1.3 8.35 -.25 -1.3 8.1 -.25 .1 7.8 -.25 0
4 4 7.5 -.25 1.6 7.2 -.25 1.5 7.8 -.25 0 8.1 -.25 .1
4 4 6.7 -.25 2.8 6.4 -.25 2.6 7.2 -.25 1.5 7.5 -.25 1.6
4 4 7.85 -.25 -1.3 6.5 -.25 -1.2 6.6 -.25 -3.3 7.9 -.25 -3.3
4 4 6.5 -.25 -1.2 7.85 -.25 -1.3 7.6 -.25 -.1 6.1 -.25 .6
4 4 7 -.25 1.4 5.3 -.25 2.2 6.1 -.25 .6 7.6 -.25 -.1
4 4 5.3 -.25 2.2 7 -.25 1.4 6.2 -.25 2.5 5.11 -.25 3.7
4 4 5.6 -.25 -3.3 6.4 -.25 -3.3 6.3 -.25 -1.2 5.4 -.25 -1.2
4 4 5.9 -.25 .5 5 -.25 .5 5.4 -.25 -1.2 6.3 -.25 -1.2
4 4 5.1 -.25 2.1 4.4 -.25 1.9 5 -.25 .5 5.9 -.25 .5
3 4 4.8 -.25 .4 5.4 -.25 -3.3 5.2 -.25 -1.2
3 4 3.4 -.25 3 4.8 -.25 .4 4.2 -.25 1.8
4 4 5.4 -.25 -3.3 4.8 -.25 .4 3.4 -.25 3 .9 -.25 -3.3
4 4 -.7 -.25 -3.3 .6 -.25 -3.3 .6 -.25 5.15 -.7 -.25 5.15
4 4 2.6 -.25 4 1.8 -.25 4.6 .9 -.25 -3.3 3.4 -.25 3
3 4 .9 -.25 5.15 .9 -.25 -3.3 1.8 -.25 4.6
4 4 6.4 -.25 2.6 6.7 -.25 2.8 5.6 -.25 4 5.2 -.25 3.8
4 4 5.2 -.25 3.8 5.6 -.25 4 4.3 -.25 4.75 4 -.25 4.6
4 4 4 -.25 4.6 4.3 -.25 4.75 3 -.25 5.1 3 -.25 5
3 4 3 -.25 5.1 2.5 -.25 5.1 3 -.25 5
4 4 4.3 -.25 3.3 3.6 -.25 3.1 4.4 -.25 1.9 5.1 -.25 2.1
4 4 3.6 -.25 3.1 4.3 -.25 3.3 3.4 -.25 4.1 2.7 -.25 4.1
4 4 2.7 -.25 4.1 3.4 -.25 4.1 2.6 -.25 4.6 1.9 -.25 4.7
4 4 1.5 -.25 5.1 1.1 -.25 5.15 1.9 -.25 4.7 2.6 -.25 4.6
4 4 4.5 -.25 3.4 5.3 -.25 2.2 5.11 -.25 3.7 3.81 -.25 4.5
4 4 3.81 -.25 4.5 2.8 -.25 4.9 3.5 -.25 4.2 4.5 -.25 3.4
3 4 2.8 -.25 4.9 2.7 -.25 4.7 3.5 -.25 4.2
4 4 2.8 -.25 4.9 2 -.25 5.1 1.7 -.25 5.1 2.7 -.25 4.7
3 4 -4.9 -.25 .4 -5.3 -.25 -1.2 -5.5 -.25 -3.3
4 4 -5.5 -.25 -3.3 -1 -.25 -3.3 -3.5 -.25 3 -4.9 -.25 .4
3 4 -3.5 -.25 3 -4.3 -.25 1.8 -4.9 -.25 .4
3 4 -1.9 -.25 4.6 -2.7 -.25 4 -3.5 -.25 3
4 4 -3.5 -.25 3 -1 -.25 -3.3 -1 -.25 5.15 -1.9 -.25 4.6
4 4 -5.7 -.25 -3.3 -5.5 -.25 -1.2 -6.3 -.25 -1.2 -6.4 -.25 -3.3
4 4 -5.5 -.25 -1.2 -5.1 -.25 .5 -5.9 -.25 .5 -6.3 -.25 -1.2
4 4 -5.1 -.25 .5 -4.5 -.25 1.9 -5.1 -.25 2.1 -5.9 -.25 .5
4 4 -4.3 -.25 3.3 -5.1 -.25 2.1 -4.5 -.25 1.9 -3.7 -.25 3.1
4 4 -3.7 -.25 3.1 -2.8 -.25 4.1 -3.4 -.25 4.1 -4.3 -.25 3.3
4 4 -2.8 -.25 4.1 -2 -.25 4.7 -2.6 -.25 4.6 -3.4 -.25 4.1
4 4 -2 -.25 4.7 -1.2 -.25 5.15 -1.5 -.25 5.1 -2.6 -.25 4.6
4 4 -6.6 -.25 -3.3 -6.5 -.25 -1.2 -7.85 -.25 -1.3 -7.9 -.25 -3.3
4 4 -6.5 -.25 -1.2 -6.1 -.25 .6 -7.6 -.25 -.1 -7.85 -.25 -1.3
4 4 -6.1 -.25 .6 -5.3 -.25 2.2 -7 -.25 1.4 -7.6 -.25 -.1
4 4 -5.3 -.25 2.2 -4.5 -.25 3.4 -6.2 -.25 2.5 -7 -.25 1.4
4 4 -4.5 -.25 3.4 -3.5 -.25 4.2 -5.1 -.25 3.7 -6.2 -.25 2.5
4 4 -3.5 -.25 4.2 -2.7 -.25 4.7 -3.8 -.25 4.5 -5.1 -.25 3.7
3 4 -2.1 -.25 5.1 -2.8 -.25 4.9 -3.8 -.25 4.5
4 4 -3.8 -.25 4.5 -2.7 -.25 4.7 -1.7 -.25 5.1 -2.1 -.25 5.1
4 4 -8.05 -.25 -1.3 -8.35 -.25 -1.3 -8.4 -.25 -3.3 -8.1 -.25 -3.3
4 4 -8.1 -.25 .1 -8.35 -.25 -1.3 -8.05 -.25 -1.3 -7.8 -.25 0
4 4 -7.5 -.25 1.6 -8.1 -.25 .1 -7.8 -.25 0 -7.2 -.25 1.5
4 4 -6.7 -.25 2.8 -7.5 -.25 1.6 -7.2 -.25 1.5 -6.4 -.25 2.6
4 4 -5.6 -.25 4 -6.7 -.25 2.8 -6.4 -.25 2.6 -5.3 -.25 3.8
4 4 -4.3 -.25 4.75 -5.6 -.25 4 -5.3 -.25 3.8 -4 -.25 4.6
4 4 -4.3 -.25 4.75 -4 -.25 4.6 -3 -.25 5 -3 -.25 5.1
3 4 -2.5 -.25 5.1 -3 -.25 5.1 -3 -.25 5
4 4 0 -.25 -8 0 -.25 -9.5 30 -.25 -9.5 30 -.25 -8
4 4 0 -.25 -3.6 0 -.25 -5.1 8.9 -.25 -5.1 6 -.25 -3.6
3 4 8.3 -.25 -3.6 6 -.25 -3.6 8.9 -.25 -5.1
4 4 30 -.25 8 30 -.25 9.5 0 -.25 9.5 0 -.25 8
3 4 -6 -.25 -3.6 -8.4 -.25 -3.6 -11.7 -.25 -5.1
4 4 0 -.25 -3.6 -6 -.25 -3.6 -11.7 -.25 -5.1 0 -.25 -5.1
4 4 -30 -.25 -8 -30 -.25 -9.5 0 -.25 -9.5 0 -.25 -8
4 4 -30 -.25 9.5 -30 -.25 8 0 -.25 8 0 -.25 9.5

1 16 29 0 10.25 1 0 0 0 -1 0 0 0 1 1-4chrd.dat
1 16 29 0 -10.25 0 0 1 0 -1 0 -1 0 0 1-4chrd.dat
1 16 -29 0 -10.25 -1 0 0 0 -1 0 0 0 -1 1-4chrd.dat
1 16 -29 0 10.25 0 0 -1 0 -1 0 1 0 0 1-4chrd.dat
4 16 29 0 -11.25 -29 0 -11.25 -30 0 -10.25 30 0 -10.25
4 16 30 0 10.25 30 0 -10.25 -30 0 -10.25 -30 0 10.25
4 16 30 0 10.25 -30 0 10.25 -29 0 11.25 29 0 11.25

1 16 29 -.25 10.25 1 0 0 0 .25 0 0 0 1 1-4cyli.dat
1 16 -29 -.25 10.25 0 0 -1 0 .25 0 1 0 0 1-4cyli.dat
1 16 -29 -.25 -10.25 -1 0 0 0 .25 0 0 0 -1 1-4cyli.dat
1 16 29 -.25 -10.25 0 0 1 0 .25 0 -1 0 0 1-4cyli.dat
4 16 29 -.25 -11.25 -29 -.25 -11.25 -29 0 -11.25 29 0 -11.25
4 16 30 -.25 10.25 30 -.25 -10.25 30 0 -10.25 30 0 10.25
4 16 -29 -.25 11.25 29 -.25 11.25 29 0 11.25 -29 0 11.25
4 16 -30 -.25 -10.25 -30 -.25 10.25 -30 0 10.25 -30 0 -10.25
