0 Minifig Helmet SW Scout Trooper with Black and Light Bluish Grey Markings Pattern
0 Name: 48156p01.dat
0 Author: Fredrik Hareide [fhareide]
0 !LDRAW_ORG Unofficial_Part
0 !LICENSE Redistributable under CCAL version 2.0 : see CAreadme.txt

0 BFC CERTIFY CCW

0 !CATEGORY Minifig Headwear
0 !KEYWORDS Set 75238, Star Wars

1 16 0 0 0 1 0 0 0 1 0 0 0 1 s\48156s01.dat
1 16 0 0 0 -1 0 0 0 1 0 0 0 1 s\48156s01.dat

1 0 0 0 0 1 0 0 0 1 0 0 0 1 s\48156s03.dat
1 0 0 0 0 -1 0 0 0 1 0 0 0 1 s\48156s03.dat
1 0 0 0 0 1 0 0 0 1 0 0 0 1 s\48156p01s04.dat
1 0 0 0 0 -1 0 0 0 1 0 0 0 1 s\48156p01s04.dat

1 0 0 -4 0 1 0 0 0 -1 0 0 0 -1 stud16od.dat
1 0 0 -5 0 0 0 6 0 1 0 6 0 0 4-4edge.dat
1 0 0 -5 0 0 0 6 0 -1 0 6 0 0 4-4disc.dat
0 BFC INVERTNEXT
1 0 0 -5 0 0 0 6 0 1 0 6 0 0 4-4cyli.dat

0 // Pattern
4 16 13.274 8.727 14.095 13.951 8.728 13.663 13.81 11.3 13.489 13.132 11.3 13.926
3 16 8.944 13.785 15.688 7.935 12.025 16.58 8.458 12.01 16.425
4 16 0 6.288 18.546 0 8.7173 18.8012 -3.3064 8.7244 18.4824 -3.306 6.251 18.214
4 16 3.3064 8.7244 18.4824 6.836 8.723 17.388 6.642 11.304 17.213 3.3064 11.3029 18.2293
4 16 7.271 7.93 17.151 9.081975 6.226975 16.3699 8.183 7.938 16.87 7.37 8.723 17.223
4 16 12.802 7.957 14.279 12.875 8.727 14.35 12.192 8.726 14.785 12.119 7.954 14.714
4 16 11.018 7.952 15.415 10.611 7.951 15.674 9.081975 6.226975 16.3699 11.709 7.952 14.975
4 16 16.655075 6.1608 10.0739 16.514 7.953 10.648 15.942 7.965 11.336 14.038 6.172 13.214
4 16 16.586 8.731 10.726 16.417 11.301 10.596 15.873 11.301 11.218 16.02 8.729 11.384
3 16 9.081975 6.226975 16.3699 3.3064 8.7244 18.4824 3.306 6.251 18.214
4 16 15.713 11.979 11.053 15.873 11.301 11.218 16.417 11.301 10.596 16.266 11.986 10.417
3 16 16.151 13.7948 9.6049 19.0031 11.360175 6.03 18.155975 13.7801 5.433725
4 16 17.439 11.318 8.962 17.556 8.716 9.145 17.989 8.707 8.316 17.879 11.33 8.137
3 16 18.712 6.095 5.989 19.128875 8.681975 6.1318 16.655075 6.1608 10.0739
3 16 17.982 12.001 7.487 16.151 13.7948 9.6049 17.719 11.99 7.981
3 16 16.655075 6.1608 10.0739 17.48 7.943 9.044 17.22 7.946 9.541
4 16 0 11.3055 18.5577 0 8.7173 18.8012 3.3064 8.7244 18.4824 3.3064 11.3029 18.2293
4 16 -8.944 13.785 15.688 -6.873 12.056 16.891 -6.039 12.061 17.143 -3.306 13.787 17.398
3 16 -9.2786 11.3047 16.4093 -9.84 11.985 15.785 -9.978 11.304 15.959
3 16 3.3064 11.3029 18.2293 0 13.7788 17.7755 0 11.3055 18.5577
3 16 -9.081975 6.226975 16.3699 -8.211 7.955 16.863 -9.011 7.959 16.615
4 16 0 11.3055 18.5577 -3.3064 11.3029 18.2293 -3.3064 8.7244 18.4824 0 8.7173 18.8012
4 16 14.843 8.728 12.752 14.314 8.728 13.368 14.247 7.96 13.307 14.779 7.959 12.688
3 16 -3.3064 8.7244 18.4824 -9.081975 6.226975 16.3699 -3.306 6.251 18.214
3 16 -16.414 7.967 10.781 -14.038 6.172 13.214 -15.545 7.96 11.801
4 16 8.612 11.305 16.612 9.2786 11.3047 16.4093 9.154 11.994 16.22 8.458 12.01 16.425
4 16 9.2786 11.3047 16.4093 9.451 11.305 16.298 9.295 11.997 16.126 9.154 11.994 16.22
4 16 9.508 7.949 16.374 9.594 8.723 16.442 9.3143 8.7225 16.6201 9.241 7.948 16.543
4 16 7.181 11.304 17.049 8.086 11.304 16.773 7.935 12.025 16.58 7.011 12.044 16.855
4 16 17.183 11.311 9.442 17.013 12.009 9.279 16.63 12.012 9.987 16.8013 11.3011 10.1571
3 16 8.267 8.723 16.945 7.37 8.723 17.223 8.183 7.938 16.87
4 16 7.37 8.723 17.223 8.267 8.723 16.945 8.086 11.304 16.773 7.181 11.304 17.049
3 16 -17.041 7.932 9.884 -18.712 6.095 5.989 -16.655075 6.1608 10.0739
4 16 13.873 7.959 13.596 13.951 8.728 13.663 13.274 8.727 14.095 13.199 7.959 14.026
4 16 -13.371975 13.792775 12.793 -16.151 13.7948 9.6049 -15.313 11.968 11.506 -14.707 11.951 12.209
4 16 -7.043 7.948 17.224 -7.051 8.723 17.322 -8.252 8.723 16.949 -8.211 7.955 16.863
4 16 19.128875 8.681975 6.1318 19.0031 11.360175 6.03 18.14 11.337 7.647 18.246 8.701 7.822
4 16 -14.943 7.961 12.501 -14.146 7.962 13.421 -14.1924 8.7281 13.5095 -15.005 8.72 12.569
3 16 9.705 11.995 15.861 8.944 13.785 15.688 9.295 11.997 16.126
4 16 10.611 7.951 15.674 10.696 8.724 15.739 10.003 8.723 16.181 9.92 7.951 16.112
4 16 17.48 7.943 9.044 17.892 7.935 8.255 17.989 8.707 8.316 17.556 8.716 9.145
4 16 10.959 11.303 15.326 11.647 11.302 14.883 11.494 11.975 14.715 10.802 11.981 15.159
4 16 13.132 11.3 13.926 13.81 11.3 13.489 13.661 11.954 13.326 12.986 11.96 13.759
4 16 11.709 7.952 14.975 11.79 8.725 15.042 11.102 8.725 15.48 11.018 7.952 15.415
4 16 14.844 11.969 12.05 15.554 11.3 11.582 15.389 11.976 11.424 13.371975 13.792775 12.793
4 16 -12.338 8.726 14.692 -12.195 11.301 14.53 -13.263 11.3 13.842 -13.407 8.727 14.01
4 16 -10.767 8.724 15.694 -10.624 11.303 15.542 -11.548 11.302 14.947 -11.691 8.725 15.105
4 16 -14.853 11.292 12.38 -13.9818 11.2995 13.3783 -13.819 11.965 13.222 -14.707 11.951 12.209
4 16 -8.072 12.014 16.54 -8.163 11.304 16.749 -6.953 11.304 17.118 -6.873 12.056 16.891
4 16 -3.3064 11.3029 18.2293 -6.121 11.304 17.372 -6.226 8.723 17.577 -3.3064 8.7244 18.4824
4 16 12.05 11.302 14.623 12.732 11.301 14.184 12.588 11.966 14.013 11.904 11.973 14.451
4 16 14.038 6.172 13.214 15.087 7.955 12.329 14.779 7.959 12.688 14.247 7.96 13.307
4 16 14.16 11.3 13.174 14.698 11.3 12.56 14.528 11.963 12.414 13.984 11.955 13.039
4 16 -16.476 8.729 10.852 -15.596 8.721 11.883 -15.45 11.292 11.698 -16.299 11.306 10.724
3 16 16.02 8.729 11.384 15.942 7.965 11.336 16.586 8.731 10.726
4 16 16.8013 11.3011 10.1571 16.9526 8.7296 10.2997 17.304 8.722 9.627 17.183 11.311 9.442
3 16 -19.0031 11.360175 6.03 -16.987 11.307 9.811 -16.796 12.007 9.671
4 16 9.241 7.948 16.543 8.789 8.723 16.783 8.699 7.942 16.711 9.081975 6.226975 16.3699
4 16 -9.2786 11.3047 16.4093 -9.978 11.304 15.959 -10.12 8.723 16.107 -9.3143 8.7225 16.6201
3 16 -3.3064 11.3029 18.2293 0 11.3055 18.5577 0 13.7788 17.7755
4 16 8.789 8.723 16.783 9.3143 8.7225 16.6201 9.2786 11.3047 16.4093 8.612 11.305 16.612
4 16 -9.3143 8.7225 16.6201 -9.063 8.723 16.698 -8.981 11.305 16.5 -9.2786 11.3047 16.4093
4 16 12.192 8.726 14.785 12.875 8.727 14.35 12.732 11.301 14.184 12.05 11.302 14.623
4 16 0 6.288 18.546 3.306 6.251 18.214 3.3064 8.7244 18.4824 0 8.7173 18.8012
4 16 11.102 8.725 15.48 11.79 8.725 15.042 11.647 11.302 14.883 10.959 11.303 15.326
4 16 -11.691 8.725 15.105 -11.637 7.967 15.022 -10.72 7.96 15.606 -10.767 8.724 15.694
4 16 -3.3064 11.3029 18.2293 -3.306 13.787 17.398 -6.039 12.061 17.143 -6.121 11.304 17.372
4 16 -7.051 8.723 17.322 -6.953 11.304 17.118 -8.163 11.304 16.749 -8.252 8.723 16.949
3 16 -19.128875 8.681975 6.1318 -18.712 6.095 5.989 -17.041 7.932 9.884
4 16 10.003 8.723 16.181 10.696 8.724 15.739 10.553 11.303 15.588 9.86 11.304 16.035
4 16 9.2786 11.3047 16.4093 9.3143 8.7225 16.6201 9.594 8.723 16.442 9.451 11.305 16.298
4 16 -11.411 11.974 14.772 -11.548 11.302 14.947 -10.624 11.303 15.542 -10.466 11.995 15.373
4 16 -14.1924 8.7281 13.5095 -13.9818 11.2995 13.3783 -14.853 11.292 12.38 -15.005 8.72 12.569
4 16 14.843 8.728 12.752 14.698 11.3 12.56 14.16 11.3 13.174 14.314 8.728 13.368
4 16 15.689 8.729 11.769 15.554 11.3 11.582 15.013 11.3 12.2 15.156 8.729 12.389
4 16 -12.282 7.964 14.611 -12.338 8.726 14.692 -13.345 7.967 13.932 -14.038 6.172 13.214
4 16 15.389 11.976 11.424 15.713 11.979 11.053 16.151 13.7948 9.6049 13.371975 13.792775 12.793
4 16 -13.101 11.963 13.686 -13.263 11.3 13.842 -12.195 11.301 14.53 -12.055 11.98 14.354
4 16 -15.545 7.96 11.801 -15.596 8.721 11.883 -16.476 8.729 10.852 -16.414 7.967 10.781
4 16 17.291 11.971 8.79 17.439 11.318 8.962 17.879 11.33 8.137 17.719 11.99 7.981
4 16 8.944 13.785 15.688 3.306 13.787 17.398 6.473 12.059 17.014 7.011 12.044 16.855
3 16 7.935 12.025 16.58 8.944 13.785 15.688 7.011 12.044 16.855
3 16 6.742 7.929 17.315 6.836 8.723 17.388 3.3064 8.7244 18.4824
3 16 6.742 7.929 17.315 3.3064 8.7244 18.4824 9.081975 6.226975 16.3699
3 16 7.271 7.93 17.151 6.742 7.929 17.315 9.081975 6.226975 16.3699
3 16 9.081975 6.226975 16.3699 8.699 7.942 16.711 8.183 7.938 16.87
4 16 11.709 7.952 14.975 9.081975 6.226975 16.3699 14.038 6.172 13.214 12.119 7.954 14.714
3 16 13.873 7.959 13.596 14.038 6.172 13.214 14.151 7.964 13.419
4 16 14.038 6.172 13.214 13.873 7.959 13.596 13.199 7.959 14.026 12.802 7.957 14.279
4 16 17.304 8.722 9.627 16.9526 8.7296 10.2997 16.857 7.949 10.234 17.22 7.946 9.541
3 16 9.081975 6.226975 16.3699 9.92 7.951 16.112 9.508 7.949 16.374
4 16 9.86 11.304 16.035 10.553 11.303 15.588 10.409 11.987 15.41 9.705 11.995 15.861
3 16 12.802 7.957 14.279 12.119 7.954 14.714 14.038 6.172 13.214
3 16 10.611 7.951 15.674 9.92 7.951 16.112 9.081975 6.226975 16.3699
3 16 16.857 7.949 10.234 16.514 7.953 10.648 16.655075 6.1608 10.0739
3 16 16.63 12.012 9.987 17.013 12.009 9.279 16.151 13.7948 9.6049
4 16 16.151 13.7948 9.6049 17.013 12.009 9.279 17.291 11.971 8.79 17.719 11.99 7.981
3 16 19.0031 11.360175 6.03 17.982 12.001 7.487 18.14 11.337 7.647
3 16 16.151 13.7948 9.6049 17.982 12.001 7.487 19.0031 11.360175 6.03
3 16 18.151 7.932 7.76 19.128875 8.681975 6.1318 18.246 8.701 7.822
3 16 18.151 7.932 7.76 16.655075 6.1608 10.0739 19.128875 8.681975 6.1318
3 16 17.892 7.935 8.255 16.655075 6.1608 10.0739 18.151 7.932 7.76
3 16 16.655075 6.1608 10.0739 17.892 7.935 8.255 17.48 7.943 9.044
4 16 -8.882 12.011 16.295 -8.944 13.785 15.688 -9.2786 11.3047 16.4093 -8.981 11.305 16.5
3 16 -8.882 12.011 16.295 -8.072 12.014 16.54 -8.944 13.785 15.688
3 16 -8.072 12.014 16.54 -6.873 12.056 16.891 -8.944 13.785 15.688
4 16 6.473 12.059 17.014 3.306 13.787 17.398 3.3064 11.3029 18.2293 6.642 11.304 17.213
4 16 -9.011 7.959 16.615 -9.063 8.723 16.698 -9.3143 8.7225 16.6201 -9.081975 6.226975 16.3699
3 16 -6.219 7.949 17.479 -3.3064 8.7244 18.4824 -6.226 8.723 17.577
4 16 -16.299 11.306 10.724 -15.45 11.292 11.698 -15.313 11.968 11.506 -16.153 11.982 10.543
3 16 -3.3064 8.7244 18.4824 -6.219 7.949 17.479 -9.081975 6.226975 16.3699
3 16 -6.219 7.949 17.479 -7.043 7.948 17.224 -9.081975 6.226975 16.3699
3 16 -7.043 7.948 17.224 -8.211 7.955 16.863 -9.081975 6.226975 16.3699
4 16 -10.066 7.963 16.022 -9.081975 6.226975 16.3699 -9.3143 8.7225 16.6201 -10.12 8.723 16.107
4 16 -11.637 7.967 15.022 -14.038 6.172 13.214 -9.081975 6.226975 16.3699 -10.72 7.96 15.606
3 16 -10.066 7.963 16.022 -10.72 7.96 15.606 -9.081975 6.226975 16.3699
3 16 -13.345 7.967 13.932 -14.146 7.962 13.421 -14.038 6.172 13.214
3 16 -11.637 7.967 15.022 -12.282 7.964 14.611 -14.038 6.172 13.214
3 16 -16.414 7.967 10.781 -16.655075 6.1608 10.0739 -14.038 6.172 13.214
3 16 -16.863 7.96 10.2325 -16.655075 6.1608 10.0739 -16.414 7.967 10.781
3 16 -14.943 7.961 12.501 -14.038 6.172 13.214 -14.146 7.962 13.421
3 16 -14.943 7.961 12.501 -15.545 7.96 11.801 -14.038 6.172 13.214
3 16 10.802 11.981 15.159 8.944 13.785 15.688 10.409 11.987 15.41
4 16 8.944 13.785 15.688 10.802 11.981 15.159 11.494 11.975 14.715 13.371975 13.792775 12.793
3 16 11.494 11.975 14.715 11.904 11.973 14.451 13.371975 13.792775 12.793
3 16 8.944 13.785 15.688 9.705 11.995 15.861 10.409 11.987 15.41
3 16 13.371975 13.792775 12.793 12.588 11.966 14.013 12.986 11.96 13.759
3 16 13.371975 13.792775 12.793 12.986 11.96 13.759 13.661 11.954 13.326
3 16 13.371975 13.792775 12.793 11.904 11.973 14.451 12.588 11.966 14.013
3 16 9.295 11.997 16.126 8.944 13.785 15.688 9.154 11.994 16.22
3 16 13.661 11.954 13.326 13.827 11.96 13.217 13.371975 13.792775 12.793
3 16 14.038 6.172 13.214 14.247 7.96 13.307 14.151 7.964 13.419
3 16 15.619 7.954 11.71 14.038 6.172 13.214 15.942 7.965 11.336
3 16 15.619 7.954 11.71 15.087 7.955 12.329 14.038 6.172 13.214
4 16 16.266 11.986 10.417 16.63 12.012 9.987 16.151 13.7948 9.6049 15.713 11.979 11.053
3 16 13.984 11.955 13.039 13.371975 13.792775 12.793 13.827 11.96 13.217
3 16 14.528 11.963 12.414 13.371975 13.792775 12.793 13.984 11.955 13.039
3 16 14.844 11.969 12.05 13.371975 13.792775 12.793 14.528 11.963 12.414
4 16 -13.371975 13.792775 12.793 -13.819 11.965 13.222 -13.101 11.963 13.686 -12.055 11.98 14.354
4 16 -13.371975 13.792775 12.793 -12.055 11.98 14.354 -11.411 11.974 14.772 -8.944 13.785 15.688
3 16 -11.411 11.974 14.772 -10.466 11.995 15.373 -8.944 13.785 15.688
3 16 -9.84 11.985 15.785 -9.2786 11.3047 16.4093 -8.944 13.785 15.688
3 16 -10.466 11.995 15.373 -9.84 11.985 15.785 -8.944 13.785 15.688
3 16 -16.151 13.7948 9.6049 -16.621 11.992 10.0045 -16.153 11.982 10.543
3 16 -13.819 11.965 13.222 -13.371975 13.792775 12.793 -14.707 11.951 12.209
3 16 16.857 7.949 10.234 16.655075 6.1608 10.0739 17.22 7.946 9.541
3 16 9.241 7.948 16.543 9.081975 6.226975 16.3699 9.508 7.949 16.374
3 16 9.154 11.994 16.22 8.944 13.785 15.688 8.458 12.01 16.425
4 16 15.619 7.954 11.71 15.689 8.729 11.769 15.156 8.729 12.389 15.087 7.955 12.329
3 16 -19.128875 8.681975 6.1318 -17.041 7.932 9.884 -17.133 8.725 9.954
3 16 -18.155975 13.7801 5.433725 -19.0031 11.360175 6.03 -16.796 12.007 9.671
3 16 -16.987 11.307 9.811 -19.128875 8.681975 6.1318 -17.133 8.725 9.954
3 16 15.634 16.276 -11.839 16.0951 13.5089 -7.384075 15.9618 13.734 -13.2008
3 16 15.9618 13.734 -13.2008 15.926 13.526 -13.859 15.73 14.064 -15.77
3 16 15.638 15.062 -15.007 15.9618 13.734 -13.2008 15.73 14.064 -15.77
4 16 15.607 15.747 -13.687 15.634 16.276 -11.839 15.9618 13.734 -13.2008 15.638 15.062 -15.007
4 16 16.089 11.401 -11.675 16.113 11.32 -10.719 16.139 10.923 -10.263 16.076 11.028 -12.998
3 16 15.634 16.276 -11.839 15.724 16.638 -7.209 16.0951 13.5089 -7.384075
4 16 16.047 11.261 -13.308 16.076 11.028 -12.998 16.06 10.401 -13.588 16.027 10.739 -13.897
4 16 16.113 11.32 -10.719 16.074 12.804 -9.787 16.0951 13.5089 -7.384075 16.139 10.923 -10.263
4 16 15.944 13.152 -13.801 15.956 13.418 -13.473 15.988 13.105 -13.154 15.997 12.681 -13.264
4 16 15.944 13.152 -13.801 15.769 12.612 -16.753 15.926 13.526 -13.859 15.956 13.418 -13.473
4 16 15.956 13.418 -13.473 15.926 13.526 -13.859 15.9618 13.734 -13.2008 15.975 13.415 -13.177
3 16 15.769 12.612 -16.753 15.73 14.064 -15.77 15.926 13.526 -13.859
4 16 16.177 10.261 -9.778 16.335 8.1012 -6.8342 16.2059 7.9451 -12.767075 16.103 10.377 -12.949
4 16 16.0951 13.5089 -7.384075 16.335 8.1012 -6.8342 16.177 10.261 -9.778 16.139 10.923 -10.263
4 16 16.076 11.028 -12.998 16.047 11.261 -13.308 15.997 12.681 -13.264 15.988 13.105 -13.154
4 16 16.06 10.401 -13.588 16.103 10.377 -12.949 16.2059 7.9451 -12.767075 15.884 7.973 -18.089
4 16 15.884 7.973 -18.089 15.769 12.612 -16.753 16.027 10.739 -13.897 16.06 10.401 -13.588
4 16 16.053 12.357 -11.624 16.089 11.401 -11.675 16.076 11.028 -12.998 15.999 12.931 -12.975
3 16 15.999 12.931 -12.975 16.076 11.028 -12.998 15.988 13.105 -13.154
4 16 16.05 13.376 -9.766 15.975 13.415 -13.177 15.9618 13.734 -13.2008 16.0951 13.5089 -7.384075
3 16 16.074 12.804 -9.787 16.053 12.357 -11.624 15.999 12.931 -12.975
3 16 16.0951 13.5089 -7.384075 16.074 12.804 -9.787 16.05 13.376 -9.766
3 16 16.074 12.804 -9.787 16.113 11.32 -10.719 16.053 12.357 -11.624
3 16 15.944 13.152 -13.801 16.027 10.739 -13.897 15.769 12.612 -16.753
4 16 14.436 -3.821 -.588 14.469 -3.765 -.308 14.319 -4.552 3.587 13.795 -5.155 -3.687
4 16 15.381 -.879 -.882 15.348 -.993 -1.456 15.507 .372 -5.199 15.713 .523 2.819
4 16 14.811 -2.953 -2.268 14.594 -3.44 -1.943 13.795 -5.155 -3.687 15.031 -2.415 -4.345
3 16 15.291 -2.041 3.546 14.842 -2.953 .504 15.104 -2.379 .618
4 16 14.319 -4.552 3.587 14.469 -3.765 -.308 14.55 -3.583 -.035 15.291 -2.041 3.546
4 16 15.256 -1.805 .504 15.713 .523 2.819 15.291 -2.041 3.546 15.193 -2.182 .579
3 16 15.375 -.993 -.308 15.713 .523 2.819 15.331 -1.318 .179
3 16 15.713 .523 2.819 15.256 -1.805 .504 15.331 -1.318 .179
4 16 15.187 -1.805 -2.268 15.096 -2.321 -2.37 15.031 -2.415 -4.345 15.507 .372 -5.199
3 16 15.713 .523 2.819 15.375 -.993 -.308 15.381 -.879 -.882
3 16 15.279 -1.318 -1.943 15.187 -1.805 -2.268 15.507 .372 -5.199
3 16 15.348 -.993 -1.456 15.279 -1.318 -1.943 15.507 .372 -5.199
3 16 15.07 -2.379 -2.382 15.031 -2.415 -4.345 15.096 -2.321 -2.37
3 16 14.811 -2.953 -2.268 15.031 -2.415 -4.345 15.07 -2.379 -2.382
3 16 13.795 -5.155 -3.687 14.406 -3.879 -.882 14.436 -3.821 -.588
3 16 13.795 -5.155 -3.687 14.452 -3.765 -1.456 14.406 -3.879 -.882
3 16 13.795 -5.155 -3.687 14.594 -3.44 -1.943 14.452 -3.765 -1.456
3 16 14.618 -3.44 .179 15.291 -2.041 3.546 14.55 -3.583 -.035
3 16 14.842 -2.953 .504 15.291 -2.041 3.546 14.618 -3.44 .179
3 16 15.291 -2.041 3.546 15.104 -2.379 .618 15.193 -2.182 .579
4 16 -14.319 -4.552 3.587 -14.469 -3.765 -.308 -14.436 -3.821 -.588 -13.795 -5.155 -3.687
4 16 -15.507 .372 -5.199 -15.348 -.993 -1.456 -15.381 -.879 -.882 -15.713 .523 2.819
4 16 -13.795 -5.155 -3.687 -14.594 -3.44 -1.943 -14.811 -2.953 -2.268 -15.031 -2.415 -4.345
3 16 -15.104 -2.379 .618 -14.842 -2.953 .504 -15.291 -2.041 3.546
4 16 -14.55 -3.583 -.035 -14.469 -3.765 -.308 -14.319 -4.552 3.587 -15.291 -2.041 3.546
4 16 -15.291 -2.041 3.546 -15.713 .523 2.819 -15.256 -1.805 .504 -15.193 -2.182 .579
3 16 -15.375 -.993 -.308 -15.331 -1.318 .179 -15.713 .523 2.819
3 16 -15.331 -1.318 .179 -15.256 -1.805 .504 -15.713 .523 2.819
4 16 -15.031 -2.415 -4.345 -15.096 -2.321 -2.37 -15.187 -1.805 -2.268 -15.507 .372 -5.199
3 16 -15.713 .523 2.819 -15.381 -.879 -.882 -15.375 -.993 -.308
3 16 -15.279 -1.318 -1.943 -15.507 .372 -5.199 -15.187 -1.805 -2.268
3 16 -15.348 -.993 -1.456 -15.507 .372 -5.199 -15.279 -1.318 -1.943
3 16 -15.096 -2.321 -2.37 -15.031 -2.415 -4.345 -15.07 -2.379 -2.382
3 16 -15.07 -2.379 -2.382 -15.031 -2.415 -4.345 -14.811 -2.953 -2.268
3 16 -14.436 -3.821 -.588 -14.406 -3.879 -.882 -13.795 -5.155 -3.687
3 16 -14.406 -3.879 -.882 -14.452 -3.765 -1.456 -13.795 -5.155 -3.687
3 16 -14.452 -3.765 -1.456 -14.594 -3.44 -1.943 -13.795 -5.155 -3.687
3 16 -14.55 -3.583 -.035 -15.291 -2.041 3.546 -14.618 -3.44 .179
3 16 -14.618 -3.44 .179 -15.291 -2.041 3.546 -14.842 -2.953 .504
3 16 -15.193 -2.182 .579 -15.104 -2.379 .618 -15.291 -2.041 3.546
3 16 3.3064 11.3029 18.2293 3.306 13.787 17.398 0 13.7788 17.7755
3 16 -16.655075 6.1608 10.0739 -16.863 7.96 10.2325 -17.041 7.932 9.884
3 16 -15.313 11.968 11.506 -16.151 13.7948 9.6049 -16.153 11.982 10.543
3 16 15.554 11.3 11.582 14.844 11.969 12.05 15.013 11.3 12.2
3 16 15.942 7.965 11.336 16.514 7.953 10.648 16.586 8.731 10.726
3 16 8.789 8.723 16.783 9.241 7.948 16.543 9.3143 8.7225 16.6201
3 16 -3.306 13.787 17.398 -3.3064 11.3029 18.2293 0 13.7788 17.7755
3 16 -13.345 7.967 13.932 -12.338 8.726 14.692 -13.407 8.727 14.01
3 16 -16.796 12.007 9.671 -16.621 11.992 10.0045 -16.151 13.7948 9.6049
3 16 -16.151 13.7948 9.6049 -18.155975 13.7801 5.433725 -16.796 12.007 9.671
3 16 -16.987 11.307 9.811 -19.0031 11.360175 6.03 -19.128875 8.681975 6.1318
3 16 -15.634 16.276 -11.839 -15.9618 13.734 -13.2008 -16.0951 13.5089 -7.384075
3 16 -15.9618 13.734 -13.2008 -15.73 14.064 -15.77 -15.769 12.612 -16.753
3 16 -15.638 15.062 -15.007 -15.73 14.064 -15.77 -15.9618 13.734 -13.2008
4 16 -15.607 15.747 -13.687 -15.638 15.062 -15.007 -15.9618 13.734 -13.2008 -15.634 16.276 -11.839
4 16 -16.0951 13.5089 -7.384075 -15.9618 13.734 -13.2008 -16.2059 7.9451 -12.767075 -16.335 8.1012 -6.8342
4 16 -16.2059 7.9451 -12.767075 -15.9618 13.734 -13.2008 -15.769 12.612 -16.753 -15.884 7.973 -18.089
3 16 -16.0951 13.5089 -7.384075 -15.724 16.638 -7.209 -15.634 16.276 -11.839

4 71 -6.873 12.056 16.891 -6.953 11.304 17.118 -6.121 11.304 17.372 -6.039 12.061 17.143
4 71 -17.133 8.725 9.954 -16.9526 8.7296 10.2997 -16.8013 11.3011 10.1571 -16.987 11.307 9.811
4 71 16.02 8.729 11.384 15.873 11.301 11.218 15.554 11.3 11.582 15.689 8.729 11.769
4 71 -16.987 11.307 9.811 -16.8013 11.3011 10.1571 -16.621 11.992 10.0045 -16.796 12.007 9.671
4 71 6.642 11.304 17.213 7.181 11.304 17.049 7.011 12.044 16.855 6.473 12.059 17.014
4 71 8.267 8.723 16.945 8.789 8.723 16.783 8.612 11.305 16.612 8.086 11.304 16.773
4 71 13.951 8.728 13.663 14.1924 8.7281 13.5095 13.9818 11.2995 13.3783 13.81 11.3 13.489
4 71 13.81 11.3 13.489 13.9818 11.2995 13.3783 13.827 11.96 13.217 13.661 11.954 13.326
4 71 9.451 11.305 16.298 9.86 11.304 16.035 9.705 11.995 15.861 9.295 11.997 16.126
4 71 16.266 11.986 10.417 16.417 11.301 10.596 16.8013 11.3011 10.1571 16.63 12.012 9.987
4 71 9.92 7.951 16.112 10.003 8.723 16.181 9.594 8.723 16.442 9.508 7.949 16.374
4 71 11.647 11.302 14.883 12.05 11.302 14.623 11.904 11.973 14.451 11.494 11.975 14.715
4 71 -7.051 8.723 17.322 -7.043 7.948 17.224 -6.219 7.949 17.479 -6.226 8.723 17.577
4 71 -13.407 8.727 14.01 -13.263 11.3 13.842 -13.9818 11.2995 13.3783 -14.1924 8.7281 13.5095
4 71 -11.691 8.725 15.105 -11.548 11.302 14.947 -12.195 11.301 14.53 -12.338 8.726 14.692
4 71 -10.12 8.723 16.107 -9.978 11.304 15.959 -10.624 11.303 15.542 -10.767 8.724 15.694
4 71 9.594 8.723 16.442 10.003 8.723 16.181 9.86 11.304 16.035 9.451 11.305 16.298
4 71 18.246 8.701 7.822 17.989 8.707 8.316 17.892 7.935 8.255 18.151 7.932 7.76
4 71 13.9818 11.2995 13.3783 14.16 11.3 13.174 13.984 11.955 13.039 13.827 11.96 13.217
4 71 13.9818 11.2995 13.3783 14.1924 8.7281 13.5095 14.314 8.728 13.368 14.16 11.3 13.174
4 71 -15.596 8.721 11.883 -15.005 8.72 12.569 -14.853 11.292 12.38 -15.45 11.292 11.698
4 71 17.183 11.311 9.442 17.304 8.722 9.627 17.556 8.716 9.145 17.439 11.318 8.962
4 71 17.879 11.33 8.137 17.989 8.707 8.316 18.246 8.701 7.822 18.14 11.337 7.647
4 71 8.086 11.304 16.773 8.612 11.305 16.612 8.458 12.01 16.425 7.935 12.025 16.58
4 71 17.719 11.99 7.981 17.879 11.33 8.137 18.14 11.337 7.647 17.982 12.001 7.487
4 71 -8.252 8.723 16.949 -9.063 8.723 16.698 -9.011 7.959 16.615 -8.211 7.955 16.863
4 71 -8.882 12.011 16.295 -8.981 11.305 16.5 -8.163 11.304 16.749 -8.072 12.014 16.54
4 71 14.314 8.728 13.368 14.1924 8.7281 13.5095 14.151 7.964 13.419 14.247 7.96 13.307
4 71 6.836 8.723 17.388 7.37 8.723 17.223 7.181 11.304 17.049 6.642 11.304 17.213
4 71 -14.943 7.961 12.501 -15.005 8.72 12.569 -15.596 8.721 11.883 -15.545 7.96 11.801
4 71 15.942 7.965 11.336 16.02 8.729 11.384 15.689 8.729 11.769 15.619 7.954 11.71
4 71 -16.476 8.729 10.852 -16.299 11.306 10.724 -16.8013 11.3011 10.1571 -16.9526 8.7296 10.2997
4 71 15.873 11.301 11.218 15.713 11.979 11.053 15.389 11.976 11.424 15.554 11.3 11.582
4 71 15.156 8.729 12.389 14.843 8.728 12.752 14.779 7.959 12.688 15.087 7.955 12.329
4 71 -14.1924 8.7281 13.5095 -14.146 7.962 13.421 -13.345 7.967 13.932 -13.407 8.727 14.01
4 71 -12.055 11.98 14.354 -12.195 11.301 14.53 -11.548 11.302 14.947 -11.411 11.974 14.772
4 71 17.013 12.009 9.279 17.183 11.311 9.442 17.439 11.318 8.962 17.291 11.971 8.79
4 71 -15.45 11.292 11.698 -14.853 11.292 12.38 -14.707 11.951 12.209 -15.313 11.968 11.506
4 71 10.696 8.724 15.739 11.102 8.725 15.48 10.959 11.303 15.326 10.553 11.303 15.588
4 71 15.156 8.729 12.389 15.013 11.3 12.2 14.698 11.3 12.56 14.843 8.728 12.752
4 71 11.79 8.725 15.042 12.192 8.726 14.785 12.05 11.302 14.623 11.647 11.302 14.883
4 71 -6.226 8.723 17.577 -6.121 11.304 17.372 -6.953 11.304 17.118 -7.051 8.723 17.322
4 71 -16.8013 11.3011 10.1571 -16.299 11.306 10.724 -16.153 11.982 10.543 -16.621 11.992 10.0045
4 71 12.732 11.301 14.184 13.132 11.3 13.926 12.986 11.96 13.759 12.588 11.966 14.013
4 71 10.553 11.303 15.588 10.959 11.303 15.326 10.802 11.981 15.159 10.409 11.987 15.41
4 71 12.875 8.727 14.35 13.274 8.727 14.095 13.132 11.3 13.926 12.732 11.301 14.184
4 71 -10.066 7.963 16.022 -10.12 8.723 16.107 -10.767 8.724 15.694 -10.72 7.96 15.606
4 71 17.556 8.716 9.145 17.304 8.722 9.627 17.22 7.946 9.541 17.48 7.943 9.044
4 71 8.699 7.942 16.711 8.789 8.723 16.783 8.267 8.723 16.945 8.183 7.938 16.87
4 71 7.271 7.93 17.151 7.37 8.723 17.223 6.836 8.723 17.388 6.742 7.929 17.315
4 71 12.119 7.954 14.714 12.192 8.726 14.785 11.79 8.725 15.042 11.709 7.952 14.975
3 71 -16.414 7.967 10.781 -16.9526 8.7296 10.2997 -16.863 7.96 10.2325
4 71 16.8013 11.3011 10.1571 16.417 11.301 10.596 16.586 8.731 10.726 16.9526 8.7296 10.2997
4 71 13.199 7.959 14.026 13.274 8.727 14.095 12.875 8.727 14.35 12.802 7.957 14.279
4 71 11.018 7.952 15.415 11.102 8.725 15.48 10.696 8.724 15.739 10.611 7.951 15.674
4 71 -10.466 11.995 15.373 -10.624 11.303 15.542 -9.978 11.304 15.959 -9.84 11.985 15.785
4 71 -16.863 7.96 10.2325 -16.9526 8.7296 10.2997 -17.133 8.725 9.954 -17.041 7.932 9.884
4 71 -8.252 8.723 16.949 -8.163 11.304 16.749 -8.981 11.305 16.5 -9.063 8.723 16.698
4 71 14.151 7.964 13.419 14.1924 8.7281 13.5095 13.951 8.728 13.663 13.873 7.959 13.596
4 71 -13.819 11.965 13.222 -13.9818 11.2995 13.3783 -13.263 11.3 13.842 -13.101 11.963 13.686
4 71 15.013 11.3 12.2 14.844 11.969 12.05 14.528 11.963 12.414 14.698 11.3 12.56
4 71 -11.691 8.725 15.105 -12.338 8.726 14.692 -12.282 7.964 14.611 -11.637 7.967 15.022
3 71 16.586 8.731 10.726 16.514 7.953 10.648 16.9526 8.7296 10.2997
3 71 15.975 13.415 -13.177 15.988 13.105 -13.154 15.956 13.418 -13.473
4 71 16.047 11.261 -13.308 16.027 10.739 -13.897 15.944 13.152 -13.801 15.997 12.681 -13.264
4 71 16.103 10.377 -12.949 16.076 11.028 -12.998 16.139 10.923 -10.263 16.177 10.261 -9.778
3 71 16.103 10.377 -12.949 16.06 10.401 -13.588 16.076 11.028 -12.998
3 71 16.053 12.357 -11.624 16.113 11.32 -10.719 16.089 11.401 -11.675
4 71 16.05 13.376 -9.766 16.074 12.804 -9.787 15.999 12.931 -12.975 15.975 13.415 -13.177
3 71 15.988 13.105 -13.154 15.975 13.415 -13.177 15.999 12.931 -12.975
4 71 15.331 -1.318 .179 15.256 -1.805 .504 15.193 -2.182 .579 15.375 -.993 -.308
4 71 14.811 -2.953 -2.268 14.842 -2.953 .504 14.55 -3.583 -.035 14.594 -3.44 -1.943
3 71 14.55 -3.583 -.035 14.469 -3.765 -.308 14.436 -3.821 -.588
4 71 15.279 -1.318 -1.943 15.193 -2.182 .579 15.096 -2.321 -2.37 15.187 -1.805 -2.268
4 71 15.193 -2.182 .579 15.279 -1.318 -1.943 15.348 -.993 -1.456 15.381 -.879 -.882
3 71 15.193 -2.182 .579 15.381 -.879 -.882 15.375 -.993 -.308
4 71 14.594 -3.44 -1.943 14.55 -3.583 -.035 14.436 -3.821 -.588 14.452 -3.765 -1.456
3 71 14.436 -3.821 -.588 14.406 -3.879 -.882 14.452 -3.765 -1.456
4 71 14.811 -2.953 -2.268 15.07 -2.379 -2.382 15.096 -2.321 -2.37 14.842 -2.953 .504
4 71 14.842 -2.953 .504 15.096 -2.321 -2.37 15.193 -2.182 .579 15.104 -2.379 .618
3 71 14.842 -2.953 .504 14.618 -3.44 .179 14.55 -3.583 -.035
4 71 -15.193 -2.182 .579 -15.256 -1.805 .504 -15.331 -1.318 .179 -15.375 -.993 -.308
4 71 -14.55 -3.583 -.035 -14.842 -2.953 .504 -14.811 -2.953 -2.268 -14.594 -3.44 -1.943
3 71 -14.436 -3.821 -.588 -14.469 -3.765 -.308 -14.55 -3.583 -.035
4 71 -15.096 -2.321 -2.37 -15.193 -2.182 .579 -15.279 -1.318 -1.943 -15.187 -1.805 -2.268
4 71 -15.348 -.993 -1.456 -15.279 -1.318 -1.943 -15.193 -2.182 .579 -15.381 -.879 -.882
3 71 -15.381 -.879 -.882 -15.193 -2.182 .579 -15.375 -.993 -.308
4 71 -14.436 -3.821 -.588 -14.55 -3.583 -.035 -14.594 -3.44 -1.943 -14.452 -3.765 -1.456
3 71 -14.452 -3.765 -1.456 -14.406 -3.879 -.882 -14.436 -3.821 -.588
4 71 -15.096 -2.321 -2.37 -15.07 -2.379 -2.382 -14.811 -2.953 -2.268 -14.842 -2.953 .504
4 71 -15.193 -2.182 .579 -15.096 -2.321 -2.37 -14.842 -2.953 .504 -15.104 -2.379 .618
3 71 -14.55 -3.583 -.035 -14.618 -3.44 .179 -14.842 -2.953 .504
3 71 -16.476 8.729 10.852 -16.9526 8.7296 10.2997 -16.414 7.967 10.781
3 71 16.514 7.953 10.648 16.857 7.949 10.234 16.9526 8.7296 10.2997

5 24 3.3064 8.7244 18.4824 0 8.7173 18.8012 0 6.288 18.546 0 11.3055 18.5577
5 24 14.1924 8.7281 13.5095 16.9526 8.7296 10.2997 16.8013 11.3011 10.1571 14.038 6.172 13.214
5 24 9.3143 8.7225 16.6201 9.2786 11.3047 16.4093 3.3064 11.3029 18.2293 13.9818 11.2995 13.3783
5 24 14.038 6.172 13.214 14.1924 8.7281 13.5095 9.3143 8.7225 16.6201 16.9526 8.7296 10.2997
5 24 16.335 8.1012 -6.8342 16.0951 13.5089 -7.384075 16.232 13.41 -2.288 16.2059 7.9451 -12.767075
5 24 14.1924 8.7281 13.5095 9.3143 8.7225 16.6201 14.038 6.172 13.214 13.9818 11.2995 13.3783
5 24 13.795 -5.155 -3.687 15.291 -2.041 3.546 15.031 -2.415 -4.345 14.319 -4.552 3.587
5 24 16.2059 7.9451 -12.767075 16.335 8.1012 -6.8342 16.172 3.317 -12.709 16.0951 13.5089 -7.384075
5 24 16.8013 11.3011 10.1571 16.9526 8.7296 10.2997 14.1924 8.7281 13.5095 19.128875 8.681975 6.1318
5 24 16.8013 11.3011 10.1571 16.151 13.7948 9.6049 13.371975 13.792775 12.793 19.0031 11.360175 6.03
5 24 9.2786 11.3047 16.4093 8.944 13.785 15.688 13.371975 13.792775 12.793 3.306 13.787 17.398
5 24 13.9818 11.2995 13.3783 13.371975 13.792775 12.793 16.8013 11.3011 10.1571 9.2786 11.3047 16.4093
5 24 15.884 7.973 -18.089 16.2059 7.9451 -12.767075 15.769 12.612 -16.753 16.172 3.317 -12.709
5 24 14.319 -4.552 3.587 13.795 -5.155 -3.687 15.291 -2.041 3.546 12.203 -6.915 2.232
5 24 3.3064 8.7244 18.4824 3.3064 11.3029 18.2293 9.3143 8.7225 16.6201 0 11.3055 18.5577
5 24 15.9618 13.734 -13.2008 15.634 16.276 -11.839 15.607 15.747 -13.687 16.0951 13.5089 -7.384075
5 24 0 13.7788 17.7755 3.3064 11.3029 18.2293 3.306 13.787 17.398 0 11.3055 18.5577
5 24 15.507 .372 -5.199 15.713 .523 2.819 15.824 2.617 .975 15.031 -2.415 -4.345
5 24 15.634 16.276 -11.839 16.0951 13.5089 -7.384075 15.9618 13.734 -13.2008 15.724 16.638 -7.209
5 24 3.3064 11.3029 18.2293 0 11.3055 18.5577 0 13.7788 17.7755 3.3064 8.7244 18.4824
5 24 3.3064 8.7244 18.4824 9.081975 6.226975 16.3699 9.3143 8.7225 16.6201 3.306 6.251 18.214
5 24 16.0951 13.5089 -7.384075 15.9618 13.734 -13.2008 15.634 16.276 -11.839 16.2059 7.9451 -12.767075
5 24 3.306 6.251 18.214 3.3064 8.7244 18.4824 9.081975 6.226975 16.3699 0 6.288 18.546
5 24 9.2786 11.3047 16.4093 13.9818 11.2995 13.3783 9.3143 8.7225 16.6201 13.371975 13.792775 12.793
5 24 9.2786 11.3047 16.4093 3.3064 11.3029 18.2293 9.3143 8.7225 16.6201 3.306 13.787 17.398
5 24 15.9618 13.734 -13.2008 15.73 14.064 -15.77 15.769 12.612 -16.753 15.638 15.062 -15.007
5 24 16.9526 8.7296 10.2997 14.038 6.172 13.214 16.655075 6.1608 10.0739 14.1924 8.7281 13.5095
5 24 9.081975 6.226975 16.3699 9.3143 8.7225 16.6201 3.3064 8.7244 18.4824 14.038 6.172 13.214
5 24 9.3143 8.7225 16.6201 3.3064 8.7244 18.4824 9.081975 6.226975 16.3699 3.3064 11.3029 18.2293
5 24 16.655075 6.1608 10.0739 16.9526 8.7296 10.2997 19.128875 8.681975 6.1318 14.038 6.172 13.214
5 24 15.638 15.062 -15.007 15.9618 13.734 -13.2008 15.607 15.747 -13.687 15.73 14.064 -15.77
5 24 14.1924 8.7281 13.5095 13.9818 11.2995 13.3783 16.8013 11.3011 10.1571 9.3143 8.7225 16.6201
5 24 13.9818 11.2995 13.3783 16.8013 11.3011 10.1571 14.1924 8.7281 13.5095 13.371975 13.792775 12.793
5 24 15.9618 13.734 -13.2008 16.2059 7.9451 -12.767075 16.0951 13.5089 -7.384075 15.769 12.612 -16.753
5 24 16.0951 13.5089 -7.384075 15.724 16.638 -7.209 15.753 16.767 -3.164 15.634 16.276 -11.839
5 24 15.9618 13.734 -13.2008 15.769 12.612 -16.753 16.2059 7.9451 -12.767075 15.73 14.064 -15.77
5 24 15.291 -2.041 3.546 15.031 -2.415 -4.345 13.795 -5.155 -3.687 15.713 .523 2.819
5 24 3.3064 11.3029 18.2293 3.306 13.787 17.398 9.2786 11.3047 16.4093 0 13.7788 17.7755
5 24 0 6.288 18.546 0 8.7173 18.8012 -3.3064 8.7244 18.4824 3.3064 8.7244 18.4824
5 24 0 11.3055 18.5577 0 13.7788 17.7755 3.3064 11.3029 18.2293 -3.3064 11.3029 18.2293
5 24 0 8.7173 18.8012 0 11.3055 18.5577 -3.3064 8.7244 18.4824 3.3064 8.7244 18.4824
5 24 13.795 -5.155 -3.687 15.031 -2.415 -4.345 15.291 -2.041 3.546 13.617 -5.281 -10.959
5 24 16.151 13.7948 9.6049 19.0031 11.360175 6.03 18.155975 13.7801 5.433725 16.8013 11.3011 10.1571
5 24 19.128875 8.681975 6.1318 16.8013 11.3011 10.1571 19.0031 11.360175 6.03 16.9526 8.7296 10.2997
5 24 19.128875 8.681975 6.1318 16.655075 6.1608 10.0739 18.712 6.095 5.989 16.9526 8.7296 10.2997
5 24 16.9526 8.7296 10.2997 19.128875 8.681975 6.1318 16.655075 6.1608 10.0739 16.8013 11.3011 10.1571
5 24 16.8013 11.3011 10.1571 19.0031 11.360175 6.03 19.128875 8.681975 6.1318 16.151 13.7948 9.6049

5 24 -3.3064 8.7244 18.4824 0 8.7173 18.8012 0 6.288 18.546 0 11.3055 18.5577
5 24 -14.1924 8.7281 13.5095 -16.9526 8.7296 10.2997 -16.8013 11.3011 10.1571 -14.038 6.172 13.214
5 24 -9.3143 8.7225 16.6201 -9.2786 11.3047 16.4093 -3.3064 11.3029 18.2293 -13.9818 11.2995 13.3783
5 24 -14.038 6.172 13.214 -14.1924 8.7281 13.5095 -9.3143 8.7225 16.6201 -16.9526 8.7296 10.2997
5 24 -16.335 8.1012 -6.8342 -16.0951 13.5089 -7.384075 -16.232 13.41 -2.288 -16.2059 7.9451 -12.767075
5 24 -14.1924 8.7281 13.5095 -9.3143 8.7225 16.6201 -14.038 6.172 13.214 -13.9818 11.2995 13.3783
5 24 -13.795 -5.155 -3.687 -15.291 -2.041 3.546 -15.031 -2.415 -4.345 -14.319 -4.552 3.587
5 24 -16.2059 7.9451 -12.767075 -16.335 8.1012 -6.8342 -16.172 3.317 -12.709 -16.0951 13.5089 -7.384075
5 24 -16.8013 11.3011 10.1571 -16.9526 8.7296 10.2997 -14.1924 8.7281 13.5095 -19.128875 8.681975 6.1318
5 24 -16.8013 11.3011 10.1571 -16.151 13.7948 9.6049 -13.371975 13.792775 12.793 -19.0031 11.360175 6.03
5 24 -9.2786 11.3047 16.4093 -8.944 13.785 15.688 -13.371975 13.792775 12.793 -3.306 13.787 17.398
5 24 -13.9818 11.2995 13.3783 -13.371975 13.792775 12.793 -16.8013 11.3011 10.1571 -9.2786 11.3047 16.4093
5 24 -15.884 7.973 -18.089 -16.2059 7.9451 -12.767075 -15.769 12.612 -16.753 -16.172 3.317 -12.709
5 24 -14.319 -4.552 3.587 -13.795 -5.155 -3.687 -15.291 -2.041 3.546 -12.203 -6.915 2.232
5 24 -3.3064 8.7244 18.4824 -3.3064 11.3029 18.2293 -9.3143 8.7225 16.6201 0 11.3055 18.5577
5 24 -15.9618 13.734 -13.2008 -15.634 16.276 -11.839 -15.607 15.747 -13.687 -16.0951 13.5089 -7.384075
5 24 0 13.7788 17.7755 -3.3064 11.3029 18.2293 -3.306 13.787 17.398 0 11.3055 18.5577
5 24 -15.507 .372 -5.199 -15.713 .523 2.819 -15.824 2.617 .975 -15.031 -2.415 -4.345
5 24 -15.634 16.276 -11.839 -16.0951 13.5089 -7.384075 -15.9618 13.734 -13.2008 -15.724 16.638 -7.209
5 24 -3.3064 11.3029 18.2293 0 11.3055 18.5577 0 13.7788 17.7755 -3.3064 8.7244 18.4824
5 24 -3.3064 8.7244 18.4824 -9.081975 6.226975 16.3699 -9.3143 8.7225 16.6201 -3.306 6.251 18.214
5 24 -16.0951 13.5089 -7.384075 -15.9618 13.734 -13.2008 -15.634 16.276 -11.839 -16.2059 7.9451 -12.767075
5 24 -3.306 6.251 18.214 -3.3064 8.7244 18.4824 -9.081975 6.226975 16.3699 0 6.288 18.546
5 24 -9.2786 11.3047 16.4093 -13.9818 11.2995 13.3783 -9.3143 8.7225 16.6201 -13.371975 13.792775 12.793
5 24 -9.2786 11.3047 16.4093 -3.3064 11.3029 18.2293 -9.3143 8.7225 16.6201 -3.306 13.787 17.398
5 24 -15.9618 13.734 -13.2008 -15.73 14.064 -15.77 -15.769 12.612 -16.753 -15.638 15.062 -15.007
5 24 -16.9526 8.7296 10.2997 -14.038 6.172 13.214 -16.655075 6.1608 10.0739 -14.1924 8.7281 13.5095
5 24 -9.081975 6.226975 16.3699 -9.3143 8.7225 16.6201 -3.3064 8.7244 18.4824 -14.038 6.172 13.214
5 24 -9.3143 8.7225 16.6201 -3.3064 8.7244 18.4824 -9.081975 6.226975 16.3699 -3.3064 11.3029 18.2293
5 24 -16.655075 6.1608 10.0739 -16.9526 8.7296 10.2997 -19.128875 8.681975 6.1318 -14.038 6.172 13.214
5 24 -15.638 15.062 -15.007 -15.9618 13.734 -13.2008 -15.607 15.747 -13.687 -15.73 14.064 -15.77
5 24 -14.1924 8.7281 13.5095 -13.9818 11.2995 13.3783 -16.8013 11.3011 10.1571 -9.3143 8.7225 16.6201
5 24 -13.9818 11.2995 13.3783 -16.8013 11.3011 10.1571 -14.1924 8.7281 13.5095 -13.371975 13.792775 12.793
5 24 -15.9618 13.734 -13.2008 -16.2059 7.9451 -12.767075 -16.0951 13.5089 -7.384075 -15.769 12.612 -16.753
5 24 -16.0951 13.5089 -7.384075 -15.724 16.638 -7.209 -15.753 16.767 -3.164 -15.634 16.276 -11.839
5 24 -15.9618 13.734 -13.2008 -15.769 12.612 -16.753 -16.2059 7.9451 -12.767075 -15.73 14.064 -15.77
5 24 -15.291 -2.041 3.546 -15.031 -2.415 -4.345 -13.795 -5.155 -3.687 -15.713 .523 2.819
5 24 -3.3064 11.3029 18.2293 -3.306 13.787 17.398 -9.2786 11.3047 16.4093 0 13.7788 17.7755
5 24 -13.795 -5.155 -3.687 -15.031 -2.415 -4.345 -15.291 -2.041 3.546 -13.617 -5.281 -10.959
5 24 -16.151 13.7948 9.6049 -19.0031 11.360175 6.03 -18.155975 13.7801 5.433725 -16.8013 11.3011 10.1571
5 24 -19.128875 8.681975 6.1318 -16.8013 11.3011 10.1571 -19.0031 11.360175 6.03 -16.9526 8.7296 10.2997
5 24 -19.128875 8.681975 6.1318 -16.655075 6.1608 10.0739 -18.712 6.095 5.989 -16.9526 8.7296 10.2997
5 24 -16.9526 8.7296 10.2997 -19.128875 8.681975 6.1318 -16.655075 6.1608 10.0739 -16.8013 11.3011 10.1571
5 24 -16.8013 11.3011 10.1571 -19.0031 11.360175 6.03 -19.128875 8.681975 6.1318 -16.151 13.7948 9.6049
