0 Minifig Weapon Staff Vakama 
0 Name: 51645.dat
0 Author: Gerald Lasser [GeraldLasser]
0 !LDRAW_ORG Unofficial_Part
0 !LICENSE Redistributable under CCAL version 2.0 : see CAreadme.txt

0 BFC CERTIFY CCW

0 !CATEGORY Minifig Accessory
0 !KEYWORDS Bionicle

0 !HISTORY 2013-08-14 {LEGO Digital Designer} Original part shape
0 !HISTORY 2022-05-27 [GeraldLasser] File preparation for LDraw Parts Tracker

1 16 0 0 -60 -4 0 0 0 0 4 0 13.5 0 4-4cylc.dat

1 16 0 -5 -40 -5.75 0 0 0 10 0 0 0 -6.5 box5.dat
0 BFC INVERTNEXT
1 16 0 1 -40 -3 0 0 0 -6 0 0 0 -3 4-4cylc.dat
1 16 0 -5 -40 -3 0 0 0 1 0 0 0 -3 4-4ndis.dat
4 16 -5.75 -5 -46.5 -3 -5 -43 -3 -5 -40 -5.75 -5 -33.5
4 16 -5.75 -5 -33.5 -3 -5 -37 0 -5 -37 5.75 -5 -33.5
4 16 5.75 -5 -33.5 3 -5 -40 3 -5 -43 5.75 -5 -46.5
4 16 5.75 -5 -46.5 0 -5 -43 -3 -5 -43 -5.75 -5 -46.5
3 16 3 -5 -43 0 -5 -43 5.75 -5 -46.5
3 16 3 -5 -37 3 -5 -40 5.75 -5 -33.5
3 16 0 -5 -37 3 -5 -37 5.75 -5 -33.5
3 16 -3 -5 -40 -3 -5 -37 -5.75 -5 -33.5
1 16 -20 0 -40 0 14.25 0 0 0 4 4 0 0 4-4cylc.dat

1 16 0 0 -33.5 -4 0 0 0 0 4 0 5.325 0 4-4cylo.dat
1 16 0 0 -28.175 .5 0 0 0 0 .5 0 -1 0 4-4ring7.dat
1 16 0 0 -28.175 -3.5 0 0 0 0 3.5 0 3.75 0 4-4cylo.dat
1 16 0 0 -24.425 .5 0 0 0 0 .5 0 1 0 4-4ring7.dat
1 16 0 0 -24.425 -4 0 0 0 0 4 0 3.75 0 4-4cylo.dat
1 16 0 0 -20.675 .5 0 0 0 0 .5 0 -1 0 4-4ring7.dat
1 16 0 0 -20.675 -3.5 0 0 0 0 3.5 0 3.75 0 4-4cylo.dat
1 16 0 0 -16.925 .5 0 0 0 0 .5 0 1 0 4-4ring7.dat
1 16 0 0 -16.925 -4 0 0 0 0 4 0 3.75 0 4-4cylo.dat
1 16 0 0 -13.175 .5 0 0 0 0 .5 0 -1 0 4-4ring7.dat
1 16 0 0 -13.175 -3.5 0 0 0 0 3.5 0 3.75 0 4-4cylo.dat
1 16 0 0 -9.425 .5 0 0 0 0 .5 0 1 0 4-4ring7.dat
1 16 0 0 -9.425 -4 0 0 0 0 4 0 3.75 0 4-4cylo.dat
1 16 0 0 -5.675 .5 0 0 0 0 .5 0 -1 0 4-4ring7.dat
1 16 0 0 -5.675 -3.5 0 0 0 0 3.5 0 3.75 0 4-4cylo.dat
1 16 0 0 -1.925 .5 0 0 0 0 .5 0 1 0 4-4ring7.dat
1 16 0 0 -1.925 -4 0 0 0 0 4 0 3.75 0 4-4cylo.dat
1 16 0 0 1.825 .5 0 0 0 0 .5 0 -1 0 4-4ring7.dat
1 16 0 0 1.825 -3.5 0 0 0 0 3.5 0 3.75 0 4-4cylo.dat
1 16 0 0 5.575 .5 0 0 0 0 .5 0 1 0 4-4ring7.dat
1 16 0 0 5.575 -4 0 0 0 0 4 0 3.75 0 4-4cylo.dat
1 16 0 0 9.325 .5 0 0 0 0 .5 0 -1 0 4-4ring7.dat
1 16 0 0 9.325 -3.5 0 0 0 0 3.5 0 3.75 0 4-4cylo.dat
1 16 0 0 13.075 .5 0 0 0 0 .5 0 1 0 4-4ring7.dat
1 16 0 0 13.075 -4 0 0 0 0 4 0 3.75 0 4-4cylo.dat
1 16 0 0 16.825 .5 0 0 0 0 .5 0 -1 0 4-4ring7.dat
1 16 0 0 16.825 -3.5 0 0 0 0 3.5 0 3.75 0 4-4cylo.dat
1 16 0 0 20.575 .5 0 0 0 0 .5 0 1 0 4-4ring7.dat
1 16 0 0 20.575 -4 0 0 0 0 4 0 3.75 0 4-4cylo.dat
1 16 0 0 24.325 .5 0 0 0 0 .5 0 -1 0 4-4ring7.dat
1 16 0 0 24.325 -3.5 0 0 0 0 3.5 0 3.75 0 4-4cylo.dat
1 16 0 0 28.075 .5 0 0 0 0 .5 0 1 0 4-4ring7.dat
1 16 0 0 28.075 -4 0 0 0 0 4 0 5.325 0 4-4cylo.dat

1 16 0 -5 40 -5.75 0 0 0 10 0 0 0 -6.5 box5.dat

0 BFC INVERTNEXT
1 16 0 1 40 -3 0 0 0 -6 0 0 0 -3 4-4cylc.dat
1 16 0 -5 40 -3 0 0 0 1 0 0 0 -3 4-4ndis.dat
4 16 -5.75 -5 33.5 -3 -5 37 -3 -5 40 -5.75 -5 46.5
4 16 -5.75 -5 46.5 -3 -5 43 0 -5 43 5.75 -5 46.5
4 16 5.75 -5 46.5 3 -5 40 3 -5 37 5.75 -5 33.5
4 16 5.75 -5 33.5 0 -5 37 -3 -5 37 -5.75 -5 33.5
3 16 3 -5 37 0 -5 37 5.75 -5 33.5
3 16 3 -5 43 3 -5 40 5.75 -5 46.5
3 16 0 -5 43 3 -5 43 5.75 -5 46.5
3 16 -3 -5 40 -3 -5 43 -5.75 -5 46.5
1 16 -20 0 40 0 14.25 0 0 0 4 4 0 0 4-4cylc.dat

1 16 0 0 46.5 4 0 0 0 0 4 0 21.4 0 4-4cylo.dat

1 16 0 -5 73.975 0 0 5 0 1 0 -6.075 0 0 rect.dat
1 16 0 5 73.975 0 0 5 0 -1 0 -6.075 0 0 rect.dat
4 16 -5 -3.703 80.051 -5 -5 80.05 5 -5 80.05 5 -3.703 80.051
4 16 -5 -3.703 80.051 5 -3.703 80.051 5 3.703 80.051 -5 3.703 80.051
4 16 -5 5 80.05 -5 3.703 80.051 5 3.703 80.051 5 5 80.05
4 16 5 -4.34 67.9 5 -5 67.9 -5 -5 67.9 -5 -4.34 67.9
4 16 -5 4.34 67.9 5 4.34 67.9 5 -4.34 67.9 -5 -4.34 67.9
4 16 5 4.34 67.9 -5 4.34 67.9 -5 5 67.9 5 5 67.9

1 16 0 0 80.05 4.5 0 0 0 0 4.5 0 1 0 4-4edge.dat
1 16 0 0 80.05 .5 0 0 0 0 .5 0 2 0 4-4con8.dat
1 16 0 0 82.05 .5 0 0 0 0 .5 0 2 0 4-4con7.dat
1 16 0 0 84.05 3.5 0 0 0 0 3.5 0 1 0 4-4edge.dat
1 16 0 0 84.05 3.5 0 0 0 0 3.5 0 -1 0 4-4disc.dat

0 // Weapon Tip
1 16 0 0 0 1 0 0 0 1 0 0 0 1 s\51645s01.dat
1 16 0 0 0 1 0 0 0 -1 0 0 0 1 s\51645s01.dat
1 16 0 0 0 -1 0 0 0 1 0 0 0 1 s\51645s01.dat
1 16 0 0 0 -1 0 0 0 -1 0 0 0 1 s\51645s01.dat
2 24 -5 -3.703 80.051 -5 3.703 80.051
2 24 5 -3.703 80.051 5 3.703 80.051

4 16 -5 3.703 80.051 -9.097 2.703 77.046 -9.097 -2.703 77.046 -5 -3.703 80.051
4 16 -9.097 -2.703 77.046 -9.097 2.703 77.046 -11.1953 2.3345 83.6948 -11.1953 -2.3345 83.6948
4 16 -11.1953 -2.3345 83.6948 -11.1953 2.3345 83.6948 -12.675 1.966 90.508 -12.675 -1.966 90.508
4 16 -12.675 -1.966 90.508 -12.675 1.966 90.508 -13.6158 1.5865 97.4212 -13.6158 -1.5865 97.4212
4 16 -13.6158 -1.5865 97.4212 -13.6158 1.5865 97.4212 -13.739 1.207 104.397 -13.739 -1.207 104.397
4 16 -13.2252 .8285 111.3475 -13.2252 -.8285 111.3475 -13.739 -1.207 104.397 -13.739 1.207 104.397
4 16 -12.254 -.45 118.249 -13.2252 -.8285 111.3475 -13.2252 .8285 111.3475 -12.254 .45 118.249
4 16 -12.533 .579 119.435 -12.533 -.579 119.435 -12.254 -.45 118.249 -12.254 .45 118.249
4 16 -13.037 .774 119.847 -13.037 -.774 119.847 -12.533 -.579 119.435 -12.533 .579 119.435
4 16 -14.092 1.166 120.001 -14.092 -1.166 120.001 -13.037 -.774 119.847 -13.037 .774 119.847
4 16 -14.092 1.166 120.001 -15.302 1.609 120.001 -15.302 -1.609 120.001 -14.092 -1.166 120.001
4 16 -15.302 1.609 120.001 -15.825 1.609 120.001 -15.825 -1.609 120.001 -15.302 -1.609 120.001
4 16 -15.825 1.609 120.001 -18.153 2.174 109.23 -18.153 -2.174 109.23 -15.825 -1.609 120.001
4 16 -18.153 -2.174 109.23 -18.153 2.174 109.23 -19.4662 2.25 98.2353 -19.4662 -2.25 98.2353
4 16 -19.4662 -2.25 98.2353 -19.4662 2.25 98.2353 -19.6044 2.25 94.9372 -19.6044 -2.25 94.9372
4 16 -19.6044 -2.25 94.9372 -19.6044 2.25 94.9372 -19.767 2.25 91.054 -19.767 -2.25 91.054
4 16 -19.767 -2.25 91.054 -19.767 2.25 91.054 -19.699 2.25 85.563 -19.699 -2.25 85.563
4 16 -19.699 -2.25 85.563 -19.699 2.25 85.563 -19.425 2.25 80.695 -19.425 -2.25 80.695
4 16 -19.425 -2.25 80.695 -19.425 2.25 80.695 -18.681 2.25 73.745 -18.681 -2.25 73.745
4 16 -18.681 -2.25 73.745 -18.681 2.25 73.745 -17.864 2.25 68.626 -17.864 -2.25 68.626
4 16 -17.864 -2.25 68.626 -17.864 2.25 68.626 -16.39 2.25 61.723 -16.39 -2.25 61.723
4 16 -16.39 -2.25 61.723 -16.39 2.25 61.723 -15.974 2.692 60.078 -15.974 -2.692 60.078
4 16 -15.974 -2.692 60.078 -15.974 2.692 60.078 -5 4.34 67.9 -5 -4.34 67.9
2 24 -15.974 2.692 60.078 -15.974 -2.692 60.078
2 24 -5 4.34 67.9 -5 -4.34 67.9
2 24 -15.825 -1.609 120.001 -15.825 1.609 120.001
2 24 -9.097 2.703 77.046 -9.097 -2.703 77.046
5 24 -16.39 2.25 61.723 -15.974 2.692 60.078 -15.974 -2.692 60.078 -16.378 2.606 61.714
5 24 -11.1953 -2.3345 83.6948 -11.1953 2.3345 83.6948 -12.675 1.966 90.508 -9.097 -2.703 77.046
5 24 -17.864 -2.25 68.626 -17.864 2.25 68.626 -18.681 -2.25 73.745 -16.39 2.25 61.723
5 24 -13.739 1.207 104.397 -13.739 -1.207 104.397 -13.6158 -1.5865 97.4212 -13.2252 .8285 111.3475
5 24 -19.699 2.25 85.563 -19.699 -2.25 85.563 -19.425 2.25 80.695 -19.767 -2.25 91.054
5 24 -19.4662 2.25 98.2353 -19.4662 -2.25 98.2353 -19.6044 2.25 94.9372 -18.153 -2.174 109.23
5 24 -14.092 1.166 120.001 -14.092 -1.166 120.001 -13.037 -.774 119.847 -15.302 1.609 120.001
5 24 -12.254 .45 118.249 -12.254 -.45 118.249 -13.2252 -.8285 111.3475 -12.533 .579 119.435
5 24 -12.675 1.966 90.508 -12.675 -1.966 90.508 -11.1953 -2.3345 83.6948 -13.6158 1.5865 97.4212
5 24 -16.39 2.25 61.723 -16.39 -2.25 61.723 -17.864 -2.25 68.626 -15.974 2.692 60.078
5 24 -13.2252 .8285 111.3475 -13.2252 -.8285 111.3475 -13.739 -1.207 104.397 -12.254 .45 118.249
5 24 -16.39 -2.25 61.723 -15.974 -2.692 60.078 -16.378 -2.606 61.714 -16.39 2.25 61.723
5 24 -12.533 -.579 119.435 -12.533 .579 119.435 -12.254 -.45 118.249 -13.037 .774 119.847
5 24 -19.425 -2.25 80.695 -19.425 2.25 80.695 -18.681 2.25 73.745 -19.699 -2.25 85.563
5 24 -18.153 2.174 109.23 -18.153 -2.174 109.23 -19.4662 2.25 98.2353 -15.825 -1.609 120.001
5 24 -13.6158 -1.5865 97.4212 -13.6158 1.5865 97.4212 -12.675 -1.966 90.508 -13.739 1.207 104.397
5 24 -19.767 -2.25 91.054 -19.767 2.25 91.054 -19.699 2.25 85.563 -19.6044 -2.25 94.9372
5 24 -13.037 .774 119.847 -13.037 -.774 119.847 -12.533 -.579 119.435 -14.092 1.166 120.001
5 24 -18.681 2.25 73.745 -18.681 -2.25 73.745 -19.425 -2.25 80.695 -17.864 2.25 68.626

4 16 9.097 -2.703 77.046 9.097 2.703 77.046 5 3.703 80.051 5 -3.703 80.051
4 16 11.1953 2.3345 83.6948 9.097 2.703 77.046 9.097 -2.703 77.046 11.1953 -2.3345 83.6948
4 16 12.675 1.966 90.508 11.1953 2.3345 83.6948 11.1953 -2.3345 83.6948 12.675 -1.966 90.508
4 16 13.6158 1.5865 97.4212 12.675 1.966 90.508 12.675 -1.966 90.508 13.6158 -1.5865 97.4212
4 16 13.739 1.207 104.397 13.6158 1.5865 97.4212 13.6158 -1.5865 97.4212 13.739 -1.207 104.397
4 16 13.739 -1.207 104.397 13.2252 -.8285 111.3475 13.2252 .8285 111.3475 13.739 1.207 104.397
4 16 13.2252 .8285 111.3475 13.2252 -.8285 111.3475 12.254 -.45 118.249 12.254 .45 118.249
4 16 12.254 -.45 118.249 12.533 -.579 119.435 12.533 .579 119.435 12.254 .45 118.249
4 16 12.533 -.579 119.435 13.037 -.774 119.847 13.037 .774 119.847 12.533 .579 119.435
4 16 13.037 -.774 119.847 14.092 -1.166 120.001 14.092 1.166 120.001 13.037 .774 119.847
4 16 15.302 -1.609 120.001 15.302 1.609 120.001 14.092 1.166 120.001 14.092 -1.166 120.001
4 16 15.825 -1.609 120.001 15.825 1.609 120.001 15.302 1.609 120.001 15.302 -1.609 120.001
4 16 18.153 -2.174 109.23 18.153 2.174 109.23 15.825 1.609 120.001 15.825 -1.609 120.001
4 16 19.4662 2.25 98.2353 18.153 2.174 109.23 18.153 -2.174 109.23 19.4662 -2.25 98.2353
4 16 19.6044 2.25 94.9372 19.4662 2.25 98.2353 19.4662 -2.25 98.2353 19.6044 -2.25 94.9372
4 16 19.767 2.25 91.054 19.6044 2.25 94.9372 19.6044 -2.25 94.9372 19.767 -2.25 91.054
4 16 19.699 2.25 85.563 19.767 2.25 91.054 19.767 -2.25 91.054 19.699 -2.25 85.563
4 16 19.425 2.25 80.695 19.699 2.25 85.563 19.699 -2.25 85.563 19.425 -2.25 80.695
4 16 18.681 2.25 73.745 19.425 2.25 80.695 19.425 -2.25 80.695 18.681 -2.25 73.745
4 16 17.864 2.25 68.626 18.681 2.25 73.745 18.681 -2.25 73.745 17.864 -2.25 68.626
4 16 16.39 2.25 61.723 17.864 2.25 68.626 17.864 -2.25 68.626 16.39 -2.25 61.723
4 16 15.974 2.692 60.078 16.39 2.25 61.723 16.39 -2.25 61.723 15.974 -2.692 60.078
4 16 5 4.34 67.9 15.974 2.692 60.078 15.974 -2.692 60.078 5 -4.34 67.9
2 24 15.974 2.692 60.078 15.974 -2.692 60.078
2 24 5 4.34 67.9 5 -4.34 67.9
2 24 15.825 -1.609 120.001 15.825 1.609 120.001
2 24 9.097 2.703 77.046 9.097 -2.703 77.046
5 24 16.39 2.25 61.723 15.974 2.692 60.078 15.974 -2.692 60.078 16.378 2.606 61.714
5 24 11.1953 -2.3345 83.6948 11.1953 2.3345 83.6948 12.675 1.966 90.508 9.097 -2.703 77.046
5 24 17.864 -2.25 68.626 17.864 2.25 68.626 18.681 -2.25 73.745 16.39 2.25 61.723
5 24 13.739 1.207 104.397 13.739 -1.207 104.397 13.6158 -1.5865 97.4212 13.2252 .8285 111.3475
5 24 19.699 2.25 85.563 19.699 -2.25 85.563 19.425 2.25 80.695 19.767 -2.25 91.054
5 24 19.4662 2.25 98.2353 19.4662 -2.25 98.2353 19.6044 2.25 94.9372 18.153 -2.174 109.23
5 24 14.092 1.166 120.001 14.092 -1.166 120.001 13.037 -.774 119.847 15.302 1.609 120.001
5 24 12.254 .45 118.249 12.254 -.45 118.249 13.2252 -.8285 111.3475 12.533 .579 119.435
5 24 12.675 1.966 90.508 12.675 -1.966 90.508 11.1953 -2.3345 83.6948 13.6158 1.5865 97.4212
5 24 16.39 2.25 61.723 16.39 -2.25 61.723 17.864 -2.25 68.626 15.974 2.692 60.078
5 24 13.2252 .8285 111.3475 13.2252 -.8285 111.3475 13.739 -1.207 104.397 12.254 .45 118.249
5 24 16.39 -2.25 61.723 15.974 -2.692 60.078 16.378 -2.606 61.714 16.39 2.25 61.723
5 24 12.533 -.579 119.435 12.533 .579 119.435 12.254 -.45 118.249 13.037 .774 119.847
5 24 19.425 -2.25 80.695 19.425 2.25 80.695 18.681 2.25 73.745 19.699 -2.25 85.563
5 24 18.153 2.174 109.23 18.153 -2.174 109.23 19.4662 2.25 98.2353 15.825 -1.609 120.001
5 24 13.6158 -1.5865 97.4212 13.6158 1.5865 97.4212 12.675 -1.966 90.508 13.739 1.207 104.397
5 24 19.767 -2.25 91.054 19.767 2.25 91.054 19.699 2.25 85.563 19.6044 -2.25 94.9372
5 24 13.037 .774 119.847 13.037 -.774 119.847 12.533 -.579 119.435 14.092 1.166 120.001
5 24 18.681 2.25 73.745 18.681 -2.25 73.745 19.425 -2.25 80.695 17.864 2.25 68.626
