0 Minifig Weapon Staff Onewa
0 Name: 51642.dat
0 Author: Gerald Lasser [GeraldLasser]
0 !LDRAW_ORG Unofficial_Part
0 !LICENSE Redistributable under CCAL version 2.0 : see CAreadme.txt

0 BFC CERTIFY CCW

0 !CATEGORY Minifig Accessory
0 !KEYWORDS Bionicle

0 !HISTORY 2013-08-14 {LEGO Digital Designer} Original part shape
0 !HISTORY 2022-05-27 [GeraldLasser] File preparation for LDraw Parts Tracker

1 16 0 0 -75.75 4 0 0 0 0 4 0 -4 0 4-8sphe.dat
1 16 0 0 -75.75 4 0 0 0 0 4 0 1 0 4-4edge.dat
1 16 0 0 -75.75 5.5 0 0 0 0 5.5 0 2.5 0 4-4cylc.dat
1 16 0 0 -73.25 5.5 0 0 0 0 5.5 0 -1 0 4-4disc.dat
1 16 0 0 -73.25 4 0 0 0 0 4 0 9.25 0 4-4cylo.dat
1 16 0 0 -64 5.5 0 0 0 0 5.5 0 2.5 0 4-4cylc.dat
1 16 0 0 -61.5 5.5 0 0 0 0 5.5 0 -1 0 4-4disc.dat
1 16 0 0 -61.5 4 0 0 0 0 4 0 15 0 4-4cylo.dat

1 16 0 -5 -40 -5.75 0 0 0 10 0 0 0 -6.5 box5.dat
0 BFC INVERTNEXT
1 16 0 1 -40 -3 0 0 0 -6 0 0 0 -3 4-4cylc.dat
1 16 0 -5 -40 -3 0 0 0 1 0 0 0 -3 4-4ndis.dat
4 16 -5.75 -5 -46.5 -3 -5 -43 -3 -5 -40 -5.75 -5 -33.5
4 16 -5.75 -5 -33.5 -3 -5 -37 0 -5 -37 5.75 -5 -33.5
4 16 5.75 -5 -33.5 3 -5 -40 3 -5 -43 5.75 -5 -46.5
4 16 5.75 -5 -46.5 0 -5 -43 -3 -5 -43 -5.75 -5 -46.5
3 16 3 -5 -43 0 -5 -43 5.75 -5 -46.5
3 16 3 -5 -37 3 -5 -40 5.75 -5 -33.5
3 16 0 -5 -37 3 -5 -37 5.75 -5 -33.5
3 16 -3 -5 -40 -3 -5 -37 -5.75 -5 -33.5
1 16 -20 0 -40 0 14.25 0 0 0 4 4 0 0 4-4cylc.dat

1 16 0 0 -33.5 -4 0 0 0 0 4 0 67 0 4-4cylo.dat

1 16 0 -5 40 -5.75 0 0 0 10 0 0 0 -6.5 box5.dat
0 BFC INVERTNEXT
1 16 0 1 40 -3 0 0 0 -6 0 0 0 -3 4-4cylc.dat
1 16 0 -5 40 -3 0 0 0 1 0 0 0 -3 4-4ndis.dat
4 16 -5.75 -5 33.5 -3 -5 37 -3 -5 40 -5.75 -5 46.5
4 16 -5.75 -5 46.5 -3 -5 43 0 -5 43 5.75 -5 46.5
4 16 5.75 -5 46.5 3 -5 40 3 -5 37 5.75 -5 33.5
4 16 5.75 -5 33.5 0 -5 37 -3 -5 37 -5.75 -5 33.5
3 16 3 -5 37 0 -5 37 5.75 -5 33.5
3 16 3 -5 43 3 -5 40 5.75 -5 46.5
3 16 0 -5 43 3 -5 43 5.75 -5 46.5
3 16 -3 -5 40 -3 -5 43 -5.75 -5 46.5
1 16 -20 0 40 0 14.25 0 0 0 4 4 0 0 4-4cylc.dat

1 16 0 0 46.5 4 0 0 0 0 4 0 2.7 0 4-4cylo.dat
1 16 0 0 49.2 5.5 0 0 0 0 5.5 0 2.5 0 4-4cylc.dat
1 16 0 0 51.7 5.5 0 0 0 0 5.5 0 -1 0 4-4disc.dat
1 16 0 0 51.7 4 0 0 0 0 4 0 9.25 0 4-4cylo.dat
1 16 0 0 60.95 5.5 0 0 0 0 5.5 0 2.5 0 4-4cylc.dat
1 16 0 0 63.45 5.5 0 0 0 0 5.5 0 -1 0 4-4disc.dat

4 16 -1.5717 -3.977 70 -3.8891 -3.8891 63.45 3.8891 -3.8891 63.45 1.5717 -3.977 70
4 16 4.5456 -4 69.6408 3.8891 -3.8891 63.45 3.8891 3.8891 63.45 4.5456 4 69.6408
4 16 -1.5717 3.977 70 1.5717 3.977 70 3.8891 3.8891 63.45 -3.8891 3.8891 63.45
4 16 -4.5456 4 69.6408 -3.8891 3.8891 63.45 -3.8891 -3.8891 63.45 -4.5456 -4 69.6408
2 24 -3.8891 -3.8891 63.45 -3.8891 3.8891 63.45
2 24 -3.8891 3.8891 63.45 3.8891 3.8891 63.45
2 24 3.8891 3.8891 63.45 3.8891 -3.8891 63.45
2 24 3.8891 -3.8891 63.45 -3.8891 -3.8891 63.45
2 24 -1.5717 -3.977 70 1.5717 -3.977 70
2 24 -1.5717 3.977 70 1.5717 3.977 70
0 // Blade
0 BFC INVERTNEXT
1 16 -20 -4 65.5 0 0 16 0 8 0 16 0 0 48\5-24cylo.dat
0 BFC INVERTNEXT
1 16 -20 -4 65.5 0 0 -16 0 8 0 16 0 0 48\1-6cylo.dat
1 16 0 -1.75 67 0 0 -40 0 3.5 0 33 0 0 48\1-6cylo.dat

0 BFC INVERTNEXT
1 16 20 -4 65.5 0 0 -16 0 8 0 16 0 0 48\5-24cylo.dat
0 BFC INVERTNEXT
1 16 20 -4 65.5 0 0 16 0 8 0 16 0 0 48\1-6cylo.dat
1 16 0 -1.75 67 0 0 40 0 3.5 0 33 0 0 48\1-6cylo.dat

1 16 0 -1.75 70 3 0 0 0 -2 0 0 0 26 2-8sphe.dat
1 16 0 -1.75 70 3 0 0 0 1 0 0 0 26 2-4edge.dat
1 16 0 -1.75 70 3 0 0 0 0 -2 0 -1 0 2-4edge.dat
1 16 0 1.75 70 3 0 0 0 2 0 0 0 26 2-8sphe.dat
1 16 0 1.75 70 3 0 0 0 1 0 0 0 26 2-4edge.dat
1 16 0 1.75 70 3 0 0 0 0 2 0 -1 0 2-4edge.dat
3 16 1 1.75 84.5 -1 1.75 84.5 0 1.75 100
3 16 -1 -1.75 84.5 1 -1.75 84.5 0 -1.75 100
4 16 1.5717 -1.75 70 -1.5717 -1.75 70 -1.5717 -3.977 70 1.5717 -3.977 70
4 16 1.5717 3.977 70 -1.5717 3.977 70 -1.5717 1.75 70 1.5717 1.75 70

1 16 0 0 0 1 0 0 0 1 0 0 0 1 s\51642s01.dat
1 16 0 0 0 1 0 0 0 -1 0 0 0 1 s\51642s01.dat
1 16 0 0 0 -1 0 0 0 1 0 0 0 1 s\51642s01.dat
1 16 0 0 0 -1 0 0 0 -1 0 0 0 1 s\51642s01.dat

1 16 34.8573 0 83.1368 .2173 -1 0 0 0 1.75 -.3632 0 0 rect1.dat
4 16 35.0746 1.75 77.0672 35.0746 1.75 82.7736 35.0746 -1.75 82.7736 35.0746 -1.75 77.0672
4 16 35.0746 3.9918 71.6738 35.0746 1.75 77.0672 35.0746 -1.75 77.0672 35.0746 -3.9918 71.6738
4 16 35.0746 -3.9918 71.6738 33.856 -4 73.5 33.856 4 73.5 35.0746 3.9918 71.6738
2 24 33.856 -4 73.5 35.0746 -3.9918 71.6738
2 24 35.0746 -3.9918 71.6738 35.0746 3.9918 71.6738
2 24 33.856 4 73.5 35.0746 3.9918 71.6738
5 24 34.64 -1.75 83.5 34.64 1.75 83.5 35.0746 1.75 82.7736 31.736 -1.75 87.0904

1 16 -34.8573 0 83.1368 -.2173 1 0 0 0 1.75 -.3632 0 0 rect1.dat
4 16 -35.0746 -1.75 82.7736 -35.0746 1.75 82.7736 -35.0746 1.75 77.0672 -35.0746 -1.75 77.0672
4 16 -35.0746 -1.75 77.0672 -35.0746 1.75 77.0672 -35.0746 3.9918 71.6738 -35.0746 -3.9918 71.6738
4 16 -33.856 4 73.5 -33.856 -4 73.5 -35.0746 -3.9918 71.6738 -35.0746 3.9918 71.6738
2 24 -33.856 -4 73.5 -35.0746 -3.9918 71.6738
2 24 -35.0746 -3.9918 71.6738 -35.0746 3.9918 71.6738
2 24 -33.856 4 73.5 -35.0746 3.9918 71.6738
5 24 -34.64 -1.75 83.5 -34.64 1.75 83.5 -35.0746 1.75 82.7736 -31.736 -1.75 87.0904
