0 Minifig Weapon Staff Nuju
0 Name: 51643.dat
0 Author: Michael Heidemann [mikeheide]
0 !LDRAW_ORG Unofficial_Part
0 !LICENSE Redistributable under CCAL version 2.0 : see CAreadme.txt

0 BFC CERTIFY CCW

0 !CATEGORY Minifig Accessory
0 !KEYWORDS Bionicle

0 !HISTORY 2012-03-24 [Steffen] BFCed, some corrections
0 !HISTORY 2015-11-03 {LEGO Digital Designer} Original part shape
0 !HISTORY 2022-05-29 [GeraldLasser] Complete Re-Work with LDD Data

4 16 9 0 -58.75 0 9 -58.75 -9 0 -58.75 0 -9 -58.75

1 16 0 0 -58.75 -4 0 0 0 0 4 0 12.25 0 4-4cylo.dat

1 16 0 -5 -40 -5.75 0 0 0 10 0 0 0 -6.5 box5.dat
0 BFC INVERTNEXT
1 16 0 1 -40 -3 0 0 0 -6 0 0 0 -3 4-4cylc.dat
1 16 0 -5 -40 -3 0 0 0 1 0 0 0 -3 4-4ndis.dat
4 16 -5.75 -5 -46.5 -3 -5 -43 -3 -5 -40 -5.75 -5 -33.5
4 16 -5.75 -5 -33.5 -3 -5 -37 0 -5 -37 5.75 -5 -33.5
4 16 5.75 -5 -33.5 3 -5 -40 3 -5 -43 5.75 -5 -46.5
4 16 5.75 -5 -46.5 0 -5 -43 -3 -5 -43 -5.75 -5 -46.5
3 16 3 -5 -43 0 -5 -43 5.75 -5 -46.5
3 16 3 -5 -37 3 -5 -40 5.75 -5 -33.5
3 16 0 -5 -37 3 -5 -37 5.75 -5 -33.5
3 16 -3 -5 -40 -3 -5 -37 -5.75 -5 -33.5
1 16 -20 0 -40 0 14.25 0 0 0 4 4 0 0 4-4cylc.dat

1 16 0 0 -33.5 -4 0 0 0 0 4 0 67 0 4-4cylo.dat

1 16 0 -5 40 -5.75 0 0 0 10 0 0 0 -6.5 box5.dat
0 BFC INVERTNEXT
1 16 0 1 40 -3 0 0 0 -6 0 0 0 -3 4-4cylc.dat
1 16 0 -5 40 -3 0 0 0 1 0 0 0 -3 4-4ndis.dat
4 16 -5.75 -5 33.5 -3 -5 37 -3 -5 40 -5.75 -5 46.5
4 16 -5.75 -5 46.5 -3 -5 43 0 -5 43 5.75 -5 46.5
4 16 5.75 -5 46.5 3 -5 40 3 -5 37 5.75 -5 33.5
4 16 5.75 -5 33.5 0 -5 37 -3 -5 37 -5.75 -5 33.5
3 16 3 -5 37 0 -5 37 5.75 -5 33.5
3 16 3 -5 43 3 -5 40 5.75 -5 46.5
3 16 0 -5 43 3 -5 43 5.75 -5 46.5
3 16 -3 -5 40 -3 -5 43 -5.75 -5 46.5
1 16 -20 0 40 0 14.25 0 0 0 4 4 0 0 4-4cylc.dat

1 16 0 0 46.5 -4 0 0 0 0 4 0 34 0 4-4cylo.dat

1 16 0 0 0 1 0 0 0 1 0 0 0 1 s\51643s01.dat
1 16 0 0 0 1 0 0 0 -1 0 0 0 1 s\51643s01.dat
1 16 0 0 0 -1 0 0 0 1 0 0 0 1 s\51643s01.dat
1 16 0 0 0 -1 0 0 0 -1 0 0 0 1 s\51643s01.dat

1 16 2 0 82.5 0 -4 0 14.48889 0 -3.88229 3.88229 0 14.48889 48\3-16cylo.dat
1 16 0 1.5 82.5 14.48889 0 -3.88229 0 -3 0 3.88229 0 14.48889 48\1-6cylo.dat
4 16 -2 14.8626 84.5 2 14.8626 84.5 2 14.8626 80.5 -2 14.8626 80.5
4 16 3.882 1.5 96.9885 2 1.5 97.4011 2 -1.5 97.4011 3.882 -1.5 96.9885
4 16 14.9011 -1.5 84.5 14.9011 -1.5 80.5 14.9011 1.5 80.5 14.9011 1.5 84.5
1 16 0 1.5 82.5 14.48889 0 -3.88229 0 -3 0 -3.88229 0 -14.48889 48\1-6cylo.dat
4 16 2 -1.5 67.5989 2 1.5 67.5989 3.882 1.5 68.0115 3.882 -1.5 68.0115
1 16 2 0 82.5 0 -4 0 14.48889 0 -3.88229 -3.88229 0 -14.48889 48\3-16cylo.dat

1 16 -2 0 82.5 0 4 0 -14.48889 0 3.88229 3.88229 0 14.48889 48\3-16cylo.dat
1 16 0 -1.5 82.5 -14.48889 0 3.88229 0 3 0 3.88229 0 14.48889 48\1-6cylo.dat
4 16 2 -14.8626 84.5 -2 -14.8626 84.5 -2 -14.8626 80.5 2 -14.8626 80.5
4 16 -2 -1.958050472 97.372037854 2 -1.958050472 97.372037854 2 -1.5 97.4011 -2 -1.5 97.4011
4 16 -3.882 -1.5 96.9885 -2 -1.5 97.4011 -2 1.5 97.4011 -3.882 1.5 96.9885
4 16 -14.9011 1.5 84.5 -14.9011 1.5 80.5 -14.9011 -1.5 80.5 -14.9011 -1.5 84.5
1 16 0 -1.5 82.5 -14.48889 0 3.88229 0 3 0 -3.88229 0 -14.48889 48\1-6cylo.dat
4 16 -2 1.5 67.5989 -2 -1.5 67.5989 -3.882 -1.5 68.0115 -3.882 1.5 68.0115
1 16 -2 0 82.5 0 4 0 -14.48889 0 3.88229 -3.88229 0 -14.48889 48\3-16cylo.dat

1 16 0 0 97.3 .55 0 0 0 0 -.55 0 2.7 0 4-4con3.dat
1 16 0 0 100 1.65 0 0 0 0 -1.65 0 -1 0 4-4disc.dat
1 16 0 0 100 1.65 0 0 0 0 -1.65 0 1 0 4-4edge.dat
1 16 14.8 0 82.5 0 2.7 0 0 0 -.55 -.55 0 0 4-4con3.dat
1 16 17.5 0 82.5 0 -1 0 0 0 -1.65 -1.65 0 0 4-4disc.dat
1 16 17.5 0 82.5 0 1 0 0 0 -1.65 -1.65 0 0 4-4edge.dat
1 16 0 14.8 82.5 0 0 .55 0 2.7 0 -.55 0 0 4-4con3.dat
1 16 0 17.5 82.5 0 0 1.65 0 -1 0 -1.65 0 0 4-4disc.dat
1 16 0 17.5 82.5 0 0 1.65 0 1 0 -1.65 0 0 4-4edge.dat
1 16 -14.8 0 82.5 0 -2.7 0 0 0 .55 -.55 0 0 4-4con3.dat
1 16 -17.5 0 82.5 0 1 0 0 0 1.65 -1.65 0 0 4-4disc.dat
1 16 -17.5 0 82.5 0 -1 0 0 0 1.65 -1.65 0 0 4-4edge.dat
1 16 0 -14.8 82.5 0 0 -.55 0 -2.7 0 -.55 0 0 4-4con3.dat
1 16 0 -17.5 82.5 0 0 -1.65 0 1 0 -1.65 0 0 4-4disc.dat
1 16 0 -17.5 82.5 0 0 -1.65 0 -1 0 -1.65 0 0 4-4edge.dat

2 24 -2 1.5 97.4011 -3.8824 1.5 96.9885
2 24 -3.8824 -1.5 96.9885 -2 -1.5 97.4011
2 24 -2 -1.958050472 97.372037854 -2 -1.5 97.4011
2 24 2 -1.958050472 97.372037854 2 -1.5 97.4011
2 24 2 -1.5 97.4011 3.882 -1.5 96.9885
2 24 2 1.5 97.4011 3.882 1.5 96.9885
4 16 -2 1.5 97.4011 -2 -1.5 97.4011 2 -1.5 97.4011 2 1.5 97.4011
4 16 -2 -14.48889 86.38229 -2 -14.8626 84.5 2 -14.8626 84.5 2 -14.48889 86.38229
4 16 2 -14.8626 80.5 -2 -14.8626 80.5 -2 -14.48889 78.61771 2 -14.48889 78.61771
2 24 -2 -14.8626 80.5 -2 -14.48889 78.61771
2 24 -2 -14.8626 84.5 -2 -14.48889 86.38229
2 24 2 -14.8626 84.5 2 -14.48889 86.38229
2 24 2 -14.8626 80.5 2 -14.48889 78.61771
4 16 14.9011 -1.5 80.5 14.48889 -1.5 78.61771 14.48889 1.5 78.61771 14.9011 1.5 80.5
4 16 14.48889 1.5 86.38229 14.48889 -1.5 86.38229 14.9011 -1.5 84.5 14.9011 1.5 84.5
4 16 2 14.48889 78.61771 -2 14.48889 78.61771 -2 14.8626 80.5 2 14.8626 80.5
4 16 -2 14.48889 86.38229 2 14.48889 86.38229 2 14.8626 84.5 -2 14.8626 84.5
4 16 -14.9011 1.5 84.5 -14.9011 -1.5 84.5 -14.48889 -1.5 86.38229 -14.48889 1.5 86.38229
4 16 -14.48889 -1.5 78.61771 -14.9011 -1.5 80.5 -14.9011 1.5 80.5 -14.48889 1.5 78.61771
2 24 -14.9011 1.5 84.5 -14.48889 1.5 86.38229
2 24 -14.9011 1.5 80.5 -14.48889 1.5 78.61771
2 24 -14.9011 -1.5 80.5 -14.48889 -1.5 78.61771
2 24 -14.9011 -1.5 84.5 -14.48889 -1.5 86.38229
2 24 -2 14.48889 78.61771 -2 14.8626 80.5
2 24 -2 14.48889 86.38229 -2 14.8626 84.5
2 24 2 14.48889 86.38229 2 14.8626 84.5
2 24 2 14.48889 78.61771 2 14.8626 80.5
2 24 14.48889 1.5 78.61771 14.9011 1.5 80.5
2 24 14.48889 1.5 86.38229 14.9011 1.5 84.5
2 24 14.48889 -1.5 86.38229 14.9011 -1.5 84.5
2 24 14.48889 -1.5 78.61771 14.9011 -1.5 80.5
4 16 -2 1.9581 97.372 -2 1.5 97.4011 2 1.5 97.4011 2 1.9581 97.372

5 24 2 1.5 97.4011 2 -1.5 97.4011 3.882 1.5 96.9885 -2 1.5 97.4011
5 24 14.9011 1.5 84.5 14.9011 -1.5 84.5 14.4885 -1.5 86.382 14.9011 -1.5 80.5
5 24 -14.9011 -1.5 80.5 -14.9011 1.5 80.5 -14.48889 -1.5 78.61771 -14.9011 -1.5 84.5
5 24 -14.9011 1.5 84.5 -14.9011 -1.5 84.5 -14.9011 -1.5 80.5 -14.48889 -1.5 86.38229
5 24 -2 1.5 97.4011 -2 -1.5 97.4011 -3.8824 -1.5 96.9885 2 -1.5 97.4011
5 24 -2 -1.5 97.4011 2 -1.5 97.4011 -2 -1.9581 97.372 -2 1.5 97.4011
5 24 2 1.5 97.4011 -2 1.5 97.4011 2 1.9575 97.371 2 -1.5 97.4011
5 24 14.9011 1.5 80.5 14.9011 -1.5 80.5 14.4885 1.5 78.618 14.9011 1.5 84.5
5 24 -2 14.8626 80.5 2 14.8626 80.5 -2 14.4885 78.618 2 14.8626 84.5
5 24 -2 14.8626 84.5 2 14.8626 84.5 2 14.8626 80.5 2 14.4885 86.382
