0 Minifig Weapon Staff Matau
0 Name: 51644.dat
0 Author: Gerald Lasser [GeraldLasser]
0 !LDRAW_ORG Unofficial_Part
0 !LICENSE Redistributable under CCAL version 2.0 : see CAreadme.txt

0 BFC CERTIFY CCW

0 !CATEGORY Minifig Accessory
0 !KEYWORDS Bionicle

0 !HISTORY 2013-08-14 {LEGO Digital Designer} Original part shape
0 !HISTORY 2013-08-14 [GeraldLasser] File preparation for LDraw Parts Tracker

1 16 0 0 -70.5 -4 0 0 0 0 4 0 24 0 4-4cylo.dat

1 16 0 -5 -40 -5.75 0 0 0 10 0 0 0 -6.5 box5.dat
0 BFC INVERTNEXT
1 16 0 1 -40 -3 0 0 0 -6 0 0 0 -3 4-4cylc.dat
1 16 0 -5 -40 -3 0 0 0 1 0 0 0 -3 4-4ndis.dat
4 16 -5.75 -5 -46.5 -3 -5 -43 -3 -5 -40 -5.75 -5 -33.5
4 16 -5.75 -5 -33.5 -3 -5 -37 0 -5 -37 5.75 -5 -33.5
4 16 5.75 -5 -33.5 3 -5 -40 3 -5 -43 5.75 -5 -46.5
4 16 5.75 -5 -46.5 0 -5 -43 -3 -5 -43 -5.75 -5 -46.5
3 16 3 -5 -43 0 -5 -43 5.75 -5 -46.5
3 16 3 -5 -37 3 -5 -40 5.75 -5 -33.5
3 16 0 -5 -37 3 -5 -37 5.75 -5 -33.5
3 16 -3 -5 -40 -3 -5 -37 -5.75 -5 -33.5
1 16 -20 0 -40 0 14.25 0 0 0 4 4 0 0 4-4cylc.dat

1 16 0 0 -33.5 -4 0 0 0 0 4 0 67.5 0 4-4cylo.dat

1 16 6.6 0 40 0 -12.6 0 -5 0 0 0 0 -6 box3u2p.dat
0 BFC INVERTNEXT
1 16 6.6 0 40 0 -1 0 -5 0 0 0 0 -2.25 box3u2p.dat
1 16 6.6 0 35.875 0 -1 0 0 0 -5 1.875 0 0 rect2p.dat
1 16 6.6 0 44.125 0 -1 0 0 0 5 -1.875 0 0 rect2p.dat
0 BFC INVERTNEXT
1 16 0 1 40 -3 0 0 0 -6 0 0 0 -3 4-4cylc.dat
1 16 0 -5 40 -3 0 0 0 1 0 0 0 -3 4-4ndis.dat
4 16 -6 -5 34 -3 -5 37 -3 -5 40 -6 -5 46
4 16 -6 -5 46 -3 -5 43 0 -5 43 6.6 -5 46
4 16 6.6 -5 34 0 -5 37 -3 -5 37 -6 -5 34
3 16 3 -5 37 0 -5 37 6.6 -5 34
3 16 0 -5 43 3 -5 43 6.6 -5 46
3 16 -3 -5 40 -3 -5 43 -6 -5 46
4 16 5.6 -5 37.75 5.6 -5 42.25 3 -5 43 3 -5 40
3 16 5.6 -5 37.75 3 -5 40 3 -5 37
4 16 3 -5 37 6.6 -5 34 6.6 -5 37.75 5.6 -5 37.75
4 16 3 -5 43 5.6 -5 42.25 6.6 -5 42.25 6.6 -5 46
1 16 0 5 40 5 0 0 0 -1 0 0 0 5 4-4ndis.dat
1 16 0 5 40 5 0 0 0 -1 0 0 0 5 4-4edge.dat
1 16 0 4.3 40 4.5 0 0 0 -1 0 0 0 4.5 4-4disc.dat
1 16 0 4.3 40 4.5 0 0 0 -1 0 0 0 4.5 4-4edge.dat
0 BFC INVERTNEXT
1 16 0 5 40 .5 0 0 0 -.7 0 0 0 .5 4-4con9.dat
4 16 5.6 5 37.75 6.6 5 37.75 6.6 5 34 5 5 35
4 16 6.6 5 46 6.6 5 42.25 5.6 5 42.25 5 5 45
4 16 5 5 40 5 5 45 5.6 5 42.25 5.6 5 37.75
4 16 6.6 5 46 5 5 45 0 5 45 -6 5 46
4 16 -6 5 46 -5 5 45 -5 5 40 -6 5 34
4 16 -6 5 34 -5 5 35 0 5 35 6.6 5 34
3 16 5 5 35 6.6 5 34 0 5 35
3 16 5.6 5 37.75 5 5 35 5 5 40
3 16 -5 5 35 -6 5 34 -5 5 40
3 16 -5 5 45 -6 5 46 0 5 45
1 16 -20 0 40 0 14 0 0 0 4 4 0 0 4-4cylc.dat

1 16 0 0 46 -4 0 0 0 0 4 0 4 0 4-4cylo.dat
1 16 -.2125 0 51.875 6.875 0 0 0 5 0 0 0 1.875 box.dat
1 16 0 0 53.75 -4 0 0 0 0 4 0 4.25 0 4-4cylo.dat
1 16 -.2125 0 59.875 6.875 0 0 0 5 0 0 0 1.875 box.dat
1 16 0 0 61.75 -4 0 0 0 0 4 0 4.25 0 4-4cyli.dat
1 16 0 0 61.75 -4 0 0 0 0 4 0 1 0 4-4edge.dat
1 16 0 0 66 0 0 4 4 0 0 0 1 -.2584 2-4edge.dat
1 16 0 0 66 0 0 -4 4 0 0 0 1 -.2584 2-4edge.dat

0 // Hook
1 16 0 0 0 1 0 0 0 1 0 0 0 1 s\51644s01.dat
1 16 0 0 0 -1 0 0 0 1 0 0 0 1 s\51644s01.dat
1 16 0 0 0 1 0 0 0 -1 0 0 0 1 s\51644s01.dat
1 16 0 0 0 -1 0 0 0 -1 0 0 0 1 s\51644s01.dat

1 16 0 -5 45.5 0 0 -34 0 10 0 34 0 0 48\1-12cylo.dat
1 16 -18.25 0 74.1099 0 1 -1.25 5 0 0 0 0 -.8341 rect3.dat
1 16 -19.5 0 68.1379 0 1 0 0 0 5 5.1379 0 0 rect2p.dat
1 16 -17.75 5 63 -1.75 0 0 0 -10 0 0 0 -1.75 3-8cylo.dat
0 BFC INVERTNEXT
1 16 -12.0126 -1.5 63.5 -4.5 0 0 0 3 0 0 0 4.5 7-16cylo.dat
2 24 -7.8551 -1.5 65.2222 -7.85505 1.5 65.22215
4 16 -7.85505 1.5 65.22215 -4.024 5 65.74 -4.024 -5 65.74 -7.8551 -1.5 65.2222
2 24 -16.5126 -5 61.7626 -16.5126 5 61.7626
4 16 -16.5126 1.5 63.5 -16.5126 -1.5 63.5 -16.5126 -5 61.7626 -16.5126 5 61.7626

1 16 0 -5 45.5 0 0 34 0 10 0 34 0 0 48\1-12cylo.dat
1 16 18.25 0 74.1099 0 -1 1.25 5 0 0 0 0 -.8341 rect3.dat
1 16 19.5 0 68.1379 0 -1 0 0 0 5 5.1379 0 0 rect2p.dat
1 16 17.75 5 63 1.75 0 0 0 -10 0 0 0 -1.75 3-8cylo.dat
0 BFC INVERTNEXT
1 16 12.0126 -1.5 63.5 4.5 0 0 0 3 0 0 0 4.5 7-16cylo.dat
2 24 7.8551 -1.5 65.2222 7.85505 1.5 65.22215
4 16 4.024 -5 65.74 4.024 5 65.74 7.85505 1.5 65.22215 7.8551 -1.5 65.2222
2 24 16.5126 -5 61.7626 16.5126 5 61.7626
4 16 16.512575 -5 61.762575 16.5126 -1.5 63.5 16.5126 1.5 63.5 16.512575 5 61.762575

1 16 2.012 0 65.87 -2.012 1 0 0 0 5 .13 0 0 rect2p.dat
1 16 -2.012 0 65.87 2.012 -1 0 0 0 -5 .13 0 0 rect2p.dat
5 24 0 -5 68.375 0 -1.5 68.375 4.153 -5 68.11 -4.153 -5 68.11
5 24 0 1.5 68.375 0 5 68.375 4.153 5 68.11 -4.153 5 68.11
5 24 0 -5 66 0 5 66 4.024 5 65.74 -4.024 5 65.74
5 24 0 -1.5 77.0001 0 -5 77.0001 -4.1108 -5 76.7292 4.1108 -5 76.7291
5 24 0 1.5 77.0001 0 5 77.0001 4.1108 5 76.7291 -4.1108 5 76.7292
5 24 -4.024 5 65.74 -4.024 -5 65.74 -7.8551 5 65.2222 0 5 66
5 24 4.024 -5 65.74 4.024 5 65.74 7.8551 5 65.2222 0 5 66

0 // Staff End
1 16 -2.4375 0 -90.5 0 2.4375 -4.5 4.5 0 0 0 -8.75 0 box2-5.dat
1 16 -2.4375 0 -76.125 0 2.4375 -4.5 4.5 0 0 0 5.625 0 box2-7.dat
1 16 4.5 0 -84.875 0 2.4375 2.4375 4.5 0 0 0 8.75 -5.652 box2-5.dat
0 BFC INVERTNEXT
1 16 -1.897 -3 -89.943 0 1.897 -2.6 1.5 0 0 0 -6.807 0 box2-5.dat
0 BFC INVERTNEXT
1 16 -1.897 -3 -89.943 0 1.897 6.394 1.5 0 0 0 6.807 0 box2-7.dat
0 BFC INVERTNEXT
1 16 1.6585 -3 -76.818 0 -1.6585 2.85 1.5 0 0 0 3.818 0 box2-5.dat
0 BFC INVERTNEXT
1 16 1.6585 -3 -76.818 0 -1.6585 -6.167 1.5 0 0 0 -3.818 0 box2-7.dat
0 BFC INVERTNEXT
1 16 -1.897 3 -89.943 0 1.897 -2.6 1.5 0 0 0 -6.807 0 box2-5.dat
0 BFC INVERTNEXT
1 16 -1.897 3 -89.943 0 1.897 6.394 1.5 0 0 0 6.807 0 box2-7.dat
0 BFC INVERTNEXT
1 16 1.6585 3 -76.818 0 -1.6585 2.85 1.5 0 0 0 3.818 0 box2-5.dat
0 BFC INVERTNEXT
1 16 1.6585 3 -76.818 0 -1.6585 -6.167 1.5 0 0 0 -3.818 0 box2-7.dat

4 16 2.6 -1.5 -96.75 6.394 -1.5 -83.136 -6.394 -1.5 -83.136 -2.6 -1.5 -96.75
4 16 -6.167 -1.5 -80.636 6.167 -1.5 -80.636 2.85 -1.5 -73 -2.85 -1.5 -73
4 16 -6.167 1.5 -80.636 -2.85 1.5 -73 2.85 1.5 -73 6.167 1.5 -80.636
4 16 -6.394 1.5 -83.136 6.394 1.5 -83.136 2.6 1.5 -96.75 -2.6 1.5 -96.75
4 16 4.5 4.5 -70.5 2.85 4.5 -73 -2.85 4.5 -73 -4.5 4.5 -70.5
4 16 -9.375 4.5 -81.75 -4.5 4.5 -70.5 -2.85 4.5 -73 -6.167 4.5 -80.636
4 16 6.167 4.5 -80.636 2.85 4.5 -73 4.5 4.5 -70.5 9.375 4.5 -81.777
4 16 2.6 4.5 -96.75 6.394 4.5 -83.136 9.375 4.5 -81.777 4.5 4.5 -99.277
4 16 -6.394 4.5 -83.136 -2.6 4.5 -96.75 -4.5 4.5 -99.25 -9.375 4.5 -81.75
4 16 2.6 4.5 -96.75 4.5 4.5 -99.277 -4.5 4.5 -99.25 -2.6 4.5 -96.75
4 16 9.375 4.5 -81.777 6.394 4.5 -83.136 -6.394 4.5 -83.136 -9.375 4.5 -81.75
4 16 -9.375 4.5 -81.75 -6.167 4.5 -80.636 6.167 4.5 -80.636 9.375 4.5 -81.777
4 16 -4.5 -4.5 -70.5 -2.85 -4.5 -73 2.85 -4.5 -73 4.5 -4.5 -70.5
4 16 4.5 -4.5 -70.5 2.85 -4.5 -73 6.167 -4.5 -80.636 9.375 -4.5 -81.777
4 16 -2.85 -4.5 -73 -4.5 -4.5 -70.5 -9.375 -4.5 -81.75 -6.167 -4.5 -80.636
4 16 -6.394 -4.5 -83.136 -9.375 -4.5 -81.75 -4.5 -4.5 -99.25 -2.6 -4.5 -96.75
4 16 2.6 -4.5 -96.75 -2.6 -4.5 -96.75 -4.5 -4.5 -99.25 4.5 -4.5 -99.277
4 16 6.394 -4.5 -83.136 2.6 -4.5 -96.75 4.5 -4.5 -99.277 9.375 -4.5 -81.777
4 16 -6.394 -4.5 -83.136 6.394 -4.5 -83.136 9.375 -4.5 -81.777 -9.375 -4.5 -81.75
4 16 6.167 -4.5 -80.636 -6.167 -4.5 -80.636 -9.375 -4.5 -81.75 9.375 -4.5 -81.777
