0 Minifig Weapon Staff Whenua
0 Name: 51663.dat
0 Author: Michael Heidemann [mikeheide]
0 !LDRAW_ORG Unofficial_Part
0 !LICENSE Redistributable under CCAL version 2.0 : see CAreadme.txt

0 BFC CERTIFY CCW

0 !CATEGORY Minifig Accessory
0 !KEYWORDS Bionicle

0 !HISTORY 2012-03-24 [Steffen] BFCed, some corrections
0 !HISTORY 2015-11-03 {LEGO Digital Designer} Original part shape
0 !HISTORY 2022-05-27 [GeraldLasser] Merged LDD Geometry and corrected initial File

1 16 0 0 0 1 0 0 0 1 0 0 0 1 s\51663s01.dat
1 16 0 0 0 1 0 0 0 -1 0 0 0 1 s\51663s01.dat

1 16 0 0 -80 -4 0 0 0 0 4 0 12.5 0 4-4cylc.dat
1 16 0 0 -67.5 -1 0 0 0 0 1 0 1 0 4-4ring4.dat
1 16 0 0 -67.5 -5 0 0 0 0 5 0 3.25 0 4-4cylo.dat
1 16 0 0 -64.25 -1 0 0 0 0 1 0 -1 0 4-4ring4.dat
1 16 0 0 -64.25 -4 0 0 0 0 4 0 3.4 0 4-4cylo.dat
1 16 0 0 -60.85 -1 0 0 0 0 1 0 1 0 4-4ring4.dat
1 16 0 0 -60.85 -5 0 0 0 0 5 0 3.25 0 4-4cylo.dat
1 16 0 0 -57.6 -1 0 0 0 0 1 0 -1 0 4-4ring4.dat
1 16 0 0 -57.6 -4 0 0 0 0 4 0 3.4 0 4-4cylo.dat
1 16 0 0 -54.2 -1 0 0 0 0 1 0 1 0 4-4ring4.dat
1 16 0 0 -54.2 -5 0 0 0 0 5 0 3.25 0 4-4cylo.dat
1 16 0 0 -50.95 -1 0 0 0 0 1 0 -1 0 4-4ring4.dat
1 16 0 0 -50.95 -4 0 0 0 0 4 0 4.45 0 4-4cylo.dat

1 16 0 -5 -40 -5.75 0 0 0 10 0 0 0 -6.5 box5.dat
0 BFC INVERTNEXT
1 16 0 1 -40 -3 0 0 0 -6 0 0 0 -3 4-4cylc.dat
1 16 0 -5 -40 -3 0 0 0 1 0 0 0 -3 4-4ndis.dat
4 16 -5.75 -5 -46.5 -3 -5 -43 -3 -5 -40 -5.75 -5 -33.5
4 16 -5.75 -5 -33.5 -3 -5 -37 0 -5 -37 5.75 -5 -33.5
4 16 5.75 -5 -33.5 3 -5 -40 3 -5 -43 5.75 -5 -46.5
4 16 5.75 -5 -46.5 0 -5 -43 -3 -5 -43 -5.75 -5 -46.5
3 16 3 -5 -43 0 -5 -43 5.75 -5 -46.5
3 16 3 -5 -37 3 -5 -40 5.75 -5 -33.5
3 16 0 -5 -37 3 -5 -37 5.75 -5 -33.5
3 16 -3 -5 -40 -3 -5 -37 -5.75 -5 -33.5
1 16 -20 0 -40 0 14.25 0 0 0 4 4 0 0 4-4cylc.dat

1 16 0 0 -33.5 -4 0 0 0 0 4 0 67 0 4-4cylo.dat

1 16 0 -5 40 -5.75 0 0 0 10 0 0 0 -6.5 box5.dat
0 BFC INVERTNEXT
1 16 0 1 40 -3 0 0 0 -6 0 0 0 -3 4-4cylc.dat
1 16 0 -5 40 -3 0 0 0 1 0 0 0 -3 4-4ndis.dat
4 16 -5.75 -5 33.5 -3 -5 37 -3 -5 40 -5.75 -5 46.5
4 16 -5.75 -5 46.5 -3 -5 43 0 -5 43 5.75 -5 46.5
4 16 5.75 -5 46.5 3 -5 40 3 -5 37 5.75 -5 33.5
4 16 5.75 -5 33.5 0 -5 37 -3 -5 37 -5.75 -5 33.5
3 16 3 -5 37 0 -5 37 5.75 -5 33.5
3 16 3 -5 43 3 -5 40 5.75 -5 46.5
3 16 0 -5 43 3 -5 43 5.75 -5 46.5
3 16 -3 -5 40 -3 -5 43 -5.75 -5 46.5
1 16 -20 0 40 0 14.25 0 0 0 4 4 0 0 4-4cylc.dat

1 16 0 0 46.5 -4 0 0 0 0 4 0 15 0 4-4cylo.dat

0 // Hook
1 16 0 0 61.5 -5 0 0 0 0 4.591 0 1 0 rect.dat
4 16 16.291 1.772 36.946 16.291 -1.772 36.946 14.998 -1.857 43.652 14.998 1.857 43.652
3 16 22.328 0 23.363 17.328 -4.09 23.363 17.328 4.09 23.363
4 16 16.291 1.772 36.946 17.328 4.09 23.363 17.328 -4.09 23.363 16.291 -1.772 36.946
4 16 7.5 2.124 64.138 10.377 2.05 57.944 10.377 -2.05 57.944 7.5 -2.124 64.138
4 16 13.976 -1.914 47.626 11.875 -1.995 54.124 11.875 1.995 54.124 13.976 1.914 47.626
4 16 -7.672 1.575 99.738 -7.672 5 92.887 -7.672 -5 92.887 -7.672 -1.575 99.738
3 16 -7.672 1.575 99.738 -7.672 -1.575 99.738 -4.857 0 99.738
4 16 -5 4.787 76.638 -5 4.591 61.5 -5 -4.591 61.5 -5 -4.787 76.638
4 16 -11.25 1.891 92.264 -11.25 -1.891 92.264 -11.25 -.73912 94.62516 -11.25 .73912 94.62516
3 16 -11.25 -.73912 94.62516 -11.25 0 95.119 -11.25 .73912 94.62516
4 16 -5 -1.686 76.638 -11.25 -1.719 79.138 -11.25 1.719 79.138 -5 1.686 76.638
4 16 -11.25 1.891 92.264 -11.25 1.719 79.138 -11.25 -1.719 79.138 -11.25 -1.891 92.264
4 16 14.998 1.857 43.652 14.998 -1.857 43.652 13.976 -1.914 47.626 13.976 1.914 47.626
4 16 11.875 1.995 54.124 11.875 -1.995 54.124 10.377 -2.05 57.944 10.377 2.05 57.944
4 16 4.857 4.624 64.138 7.5 2.124 64.138 7.5 -2.124 64.138 4.857 -4.624 64.138
4 16 4.857 -4.624 64.138 5 -4.591 61.5 5 4.591 61.5 4.857 4.624 64.138
2 24 7.5 -2.124 64.138 7.5 2.124 64.138
2 24 -7.672 -1.575 99.738 -7.672 1.575 99.738
2 24 17.328 4.09 23.363 17.328 -4.09 23.363
2 24 -11.25 -1.719 79.138 -11.25 1.719 79.138
2 24 -5 1.686 76.638 -5 -1.686 76.638
2 24 1.45161 0 91.52782 -4.857 0 99.738
2 24 7.141 0 82.877 1.45161 0 91.52782
2 24 12.05848 0 73.74479 7.141 0 82.877
2 24 15.851 0 64.091 12.05848 0 73.74479
2 24 19.01325 0 54.20579 15.851 0 64.091
2 24 20.974 0 44.014 19.01325 0 54.20579
2 24 22.01023 0 33.71205 20.974 0 44.014
2 24 22.328 0 23.363 22.01023 0 33.71205
2 24 4.857 -4.624 64.138 4.857 4.624 64.138
5 24 11.875 -1.995 54.124 11.875 1.995 54.124 13.976 1.914 47.626 10.377 -2.05 57.944
5 24 14.998 -1.857 43.652 14.998 1.857 43.652 13.976 -1.914 47.626 16.291 1.772 36.946
5 24 10.377 2.05 57.944 10.377 -2.05 57.944 11.875 1.995 54.124 7.5 -2.124 64.138
5 24 16.291 1.772 36.946 16.291 -1.772 36.946 14.998 -1.857 43.652 17.328 4.09 23.363
5 24 13.976 1.914 47.626 13.976 -1.914 47.626 14.998 1.857 43.652 11.875 -1.995 54.124

0 // Spine
4 16 3.75144 1.25 31.21347 3.75144 -1.25 31.21347 5.331 -1.25 21.555 5.331 1.25 21.555
2 24 5.331 -1.25 21.555 5.331 1.25 21.555
4 16 2.34402 -3.15212 22.08212 6.847 -2.358 21.288 6.847 2.358 21.288 2.34402 3.15212 22.08212
4 16 2.34401 -3.15212 17.68446 2.34401 3.15212 17.68446 7.25 2.287 19 7.25 -2.287 19
4 16 6.847 2.358 21.288 6.847 -2.358 21.288 7.25 -2.287 19 7.25 2.287 19
2 24 6.847 -2.358 21.288 6.847 2.358 21.288
2 24 7.25 -2.287 19 7.25 2.287 19
1 16 6.007 0 15.262 -.31 -1 0 0 0 -1.25 3.321 0 0 rect.dat
4 16 9.439 -1.901 11.558 9.439 1.901 11.558 2.34401 3.15212 12.42921 2.34401 -3.15212 12.42921
4 16 9.75 1.846 9.344 9.75 -1.846 9.344 2.34402 -3.15212 7.35946 2.34402 3.15212 7.35946
4 16 9.75 -1.846 9.344 9.75 1.846 9.344 9.439 1.901 11.558 9.439 -1.901 11.558
2 24 9.439 -1.901 11.558 9.439 1.901 11.558
2 24 9.75 -1.846 9.344 9.75 1.846 9.344
1 16 6.6355 0 5.2625 -.1025 -1 0 0 0 -1.25 3.2195 0 0 rect.dat
4 16 2.34401 -3.15212 2.42759 11 -1.626 1.67 11 1.626 1.67 2.34401 3.15212 2.42759
2 24 11 1.626 1.67 11 -1.626 1.67
4 16 11 1.626 1.67 11 -1.626 1.67 11 -1.626 -1.67 11 1.626 -1.67
4 16 11 1.626 -1.67 11 -1.626 -1.67 2.34401 -3.15212 -2.42759 2.34401 3.15212 -2.42759
2 24 11 1.626 -1.67 11 -1.626 -1.67
1 16 6.6355 0 -5.2625 -.1025 -1 0 0 0 -1.25 -3.2195 0 0 rect.dat
4 16 2.34401 3.15212 -12.42921 9.439 1.901 -11.558 9.439 -1.901 -11.558 2.34401 -3.15212 -12.42921
4 16 2.34402 -3.15212 -7.35946 9.75 -1.846 -9.344 9.75 1.846 -9.344 2.34402 3.15212 -7.35946
4 16 9.439 1.901 -11.558 9.75 1.846 -9.344 9.75 -1.846 -9.344 9.439 -1.901 -11.558
2 24 9.439 -1.901 -11.558 9.439 1.901 -11.558
2 24 9.75 -1.846 -9.344 9.75 1.846 -9.344
1 16 6.007 0 -15.262 -.31 -1 0 0 0 -1.25 -3.321 0 0 rect.dat
4 16 6.847 2.358 -21.288 6.847 -2.358 -21.288 2.34402 -3.15212 -22.08212 2.34402 3.15212 -22.08212
4 16 7.25 2.287 -19 2.34401 3.15212 -17.68446 2.34401 -3.15212 -17.68446 7.25 -2.287 -19
4 16 7.25 -2.287 -19 6.847 -2.358 -21.288 6.847 2.358 -21.288 7.25 2.287 -19
2 24 6.847 -2.358 -21.288 6.847 2.358 -21.288
2 24 7.25 -2.287 -19 7.25 2.287 -19
4 16 5.331 -1.25 -21.555 3.75144 -1.25 -31.21347 3.75144 1.25 -31.21347 5.331 1.25 -21.555
2 24 5.331 -1.25 -21.555 5.331 1.25 -21.555
