0 Sticker  1.8 x  1 with Grey "5.0" Text on Blue Background
0 Name: 6141955p.dat
0 Author: Massimo Maso [Sirio]
0 !LDRAW_ORG Unofficial_Part
0 !LICENSE Redistributable under CCAL version 2.0 : see CAreadme.txt

0 BFC CERTIFY CCW

0 !KEYWORDS Speed Champions, Ford, Mustang, GT
0 !KEYWORDS Set 75871

0 // Primitives
1 16 -7.7732 0 6.5 -1.5 0 0 0 -1 0 0 0 1.5 1-4chrd.dat
1 16 7.7732 0 6.5 1.5 0 0 0 -1 0 0 0 1.5 1-4chrd.dat
1 16 0 -.25 0 0 0 9.2732 0 .25 0 6.5 0 0 box3u12.dat
1 16 -7.7732 0 -6.5 -1.5 0 0 0 -1 0 0 0 -1.5 1-4chrd.dat
1 16 7.7732 0 -6.5 1.5 0 0 0 -1 0 0 0 -1.5 1-4chrd.dat
1 16 -7.7732 0 6.5 -1.5 0 0 0 -.25 0 0 0 1.5 1-4cyli.dat
1 16 7.7732 0 6.5 1.5 0 0 0 -.25 0 0 0 1.5 1-4cyli.dat
1 16 -7.7732 0 -6.5 -1.5 0 0 0 -.25 0 0 0 -1.5 1-4cyli.dat
1 16 7.7732 0 -6.5 1.5 0 0 0 -.25 0 0 0 -1.5 1-4cyli.dat
1 1 -7.7732 -.25 6.5 -1.5 0 0 0 1 0 0 0 1.5 1-4chrd.dat
1 1 7.7732 -.25 6.5 1.5 0 0 0 1 0 0 0 1.5 1-4chrd.dat
1 1 -7.7732 -.25 -6.5 -1.5 0 0 0 1 0 0 0 -1.5 1-4chrd.dat
1 1 7.7732 -.25 -6.5 1.5 0 0 0 1 0 0 0 -1.5 1-4chrd.dat
1 1 2.5 -.25 0 -2.5 0 0 0 1 0 0 0 2.5 1-4ndis.dat
1 1 2.5 -.25 0 0 0 -2.5 0 1 0 -2.5 0 0 1-16tndis.dat
1 1 5 -.25 0 0 0 2.5 0 1 0 2.5 0 0 2-4ndis.dat
1 7 2.5 -.25 0 -2.5 0 0 0 1 0 0 0 2.5 1-4chrd.dat
1 7 5 -.25 0 2.5 0 0 0 1 0 0 0 2.5 1-4chrd.dat
1 7 2.5 -.25 0 0 0 -2.5 0 1 0 -2.5 0 0 1-16chrd.dat
1 7 5 -.25 0 2.5 0 0 0 1 0 0 0 -2.5 1-4chrd.dat
1 7 2.65 -.25 0 0 0 -.8 0 1 0 .8 0 0 2-4ndis.dat
1 7 4.85 -.25 0 0 0 .8 0 1 0 .8 0 0 2-4ndis.dat
1 1 2.65 -.25 0 0 0 -.8 0 1 0 .8 0 0 2-4chrd.dat
1 1 4.85 -.25 0 0 0 .8 0 1 0 .8 0 0 2-4chrd.dat
1 1 -5.5 -.25 -.7 0 0 -.4 0 1 0 .4 0 0 1-8chrd.dat
1 1 -5.5 -.25 -.7 0 0 -.4 0 1 0 -.4 0 0 1-8chrd.dat
1 1 -2.6 -.25 -.7 0 0 .4 0 1 0 .4 0 0 48\2-4chrd.dat
1 1 -2.15 -.25 -.95 0 0 1.55 0 1 0 1.55 0 0 1-8tndis.dat
1 1 -5.95 -.25 -.95 -1.55 0 0 0 1 0 0 0 -1.55 1-4ndis.dat
1 1 -2.15 -.25 -.95 0 0 1.55 0 1 0 -1.55 0 0 1-8tndis.dat
1 7 -5.5 -.25 -.7 0 0 -.4 0 1 0 .4 0 0 1-8ndis.dat
1 7 -5.5 -.25 -.7 0 0 -.4 0 1 0 -.4 0 0 1-8ndis.dat
1 7 -2.6 -.25 -.7 0 0 .4 0 1 0 .4 0 0 2-4ndis.dat
1 7 -2.15 -.25 -.95 0 0 1.55 0 1 0 1.55 0 0 1-8chrd.dat
1 7 -5.95 -.25 -.95 -1.55 0 0 0 1 0 0 0 -1.55 1-4chrd.dat
1 7 -2.15 -.25 -.95 0 0 1.55 0 1 0 -1.55 0 0 1-8chrd.dat
0 // Bottom face
4 16 7.7732 0 8 9.2732 0 6.5 -9.2732 0 6.5 -7.7732 0 8
4 16 9.2732 0 -6.5 7.7732 0 -8 -7.7732 0 -8 -9.2732 0 -6.5
0 // Lateral face
4 16 -7.7732 0 8 -7.7732 -.25 8 7.7732 -.25 8 7.7732 0 8
4 16 -7.7732 0 -8 7.7732 0 -8 7.7732 -.25 -8 -7.7732 -.25 -8
0 // Top face
0 // Blue faces
4 1 -7.7732 -.25 8 -9.2732 -.25 6.5 -6.8 -.25 2.5 -.9 -.25 2.5
4 1 -7.7732 -.25 8 -.9 -.25 2.5 0 -.25 2.5 7.7732 -.25 8
3 1 7.7732 -.25 8 0 -.25 2.5 2.5 -.25 2.5
3 1 7.7732 -.25 8 2.5 -.25 2.5 5 -.25 2.5
4 1 7.7732 -.25 8 5 -.25 2.5 7.5 -.25 2.5 9.2732 -.25 6.5
3 1 -9.2732 -.25 6.5 -7.45 -.25 -.45 -6.8 -.25 2.5
4 1 -9.2732 -.25 6.5 -9.2732 -.25 -6.5 -7.5 -.25 -.95 -7.45 -.25 -.45
3 1 -9.2732 -.25 -6.5 -7.5 -.25 -2.5 -7.5 -.25 -.95
3 1 -9.2732 -.25 -6.5 -5.95 -.25 -2.5 -7.5 -.25 -2.5
4 1 9.2732 -.25 -6.5 9.2732 -.25 6.5 7.5 -.25 2.5 7.5 -.25 0
3 1 9.2732 -.25 -6.5 7.5 -.25 0 7.5 -.25 -2.5
3 1 9.2732 -.25 -6.5 7.5 -.25 -2.5 5 -.25 -2.5
4 1 9.2732 -.25 -6.5 5 -.25 -2.5 2.5 -.25 -2.5 7.7732 -.25 -8
4 1 -7.7732 -.25 -8 -2.15 -.25 -2.5 -5.95 -.25 -2.5 -9.2732 -.25 -6.5
3 1 -7.7732 -.25 -8 -1.053995 -.25 -2.5 -2.15 -.25 -2.5
3 1 -7.7732 -.25 -8 -1.0136 -.25 -2.5 -1.053995 -.25 -2.5
4 1 -7.7732 -.25 -8 7.7732 -.25 -8 .6 -.25 -2.5 -1.0136 -.25 -2.5 
3 1 7.7732 -.25 -8 1.54325 -.25 -2.5 .6 -.25 -2.5
3 1 7.7732 -.25 -8 2.5 -.25 -2.5 1.54325 -.25 -2.5
4 1 -.9 -.25 .9 0 -.25 0 0 -.25 2.5 -.9 -.25 2.5
4 1 -.9 -.25 .9 -5.4 -.25 .9 -5.4661 -.25 .6 -2.15 -.25 .6
3 1 -.9 -.25 .9 -2.15 -.25 .6 -1.053995 -.25 .6
4 1 -.9 -.25 .9 -1.053995 -.25 .6 -1.053995 -.25 .146005 -.92023 -.25 -.00636
4 1 -.9 -.25 .9 -.92023 -.25 -.00636 -.8077 -.25 -.175 0 -.25 0
4 1 0 -.25 0 -.8077 -.25 -.175 -.746 -.25 -.3 .0198 -.25 -.3
4 1 2.65 -.25 .8 2.65 -.25 -.8 4.85 -.25 -.8 4.85 -.25 .8
4 1 -5.8117 -.25 -.45 -7.45 -.25 -.45 -7.5 -.25 -.95 -5.8117 -.25 -.95 
4 1 -5.8117 -.25 -.45 -5.8117 -.25 -.95 -5.78284 -.25 -.98284 -5.78284 -.25 -.41716
4 1 -5.5 -.25 -.3 -5.78284 -.25 -.41716 -5.78284 -.25 -.98284 -5.5 -.25 -1.1
4 1 -5.5 -.25 -.3 -5.5 -.25 -1.1 -2.6 -.25 -1.1 -2.6 -.25 -.3
4 1 -.6 -.25 -1 -.6 -.25 -1.8 .2 -.25 -1.8 .2 -.25 -1
4 1 -1.053995 -.25 -2.5 -1.0136 -.25 -2.5 -1.0136 -.25 -2 -1.053995 -.25 -2.046005
4 1 .6 -.25 -2.5 1.25 -.25 -2.165 1.0027 -.25 -2 .6 -.25 -2
4 1 .6 -.25 -2.5 1.54325 -.25 -2.5 1.54325 -.25 -2.30975 1.25 -.25 -2.165
0 // Grey faces
4 7 -6.8 -.25 2.5 -5.4 -.25 .9 -.9 -.25 .9 -.9 -.25 2.5
4 7 -6.8 -.25 2.5 -7.45 -.25 -.45 -5.4661 -.25 .6 -5.4 -.25 .9 
3 7 -5.9 -.25 -.3 -5.4661 -.25 .6 -7.45 -.25 -.45
4 7 -5.9 -.25 -.3 -7.45 -.25 -.45 -5.8117 -.25 -.45 -5.78284 -.25 -.41716
3 7 -5.9 -.25 -.3 -5.5 -.25 -.3 -5.4661 -.25 .6
4 7 -2.15 -.25 .6 -5.4661 -.25 .6 -5.5 -.25 -.3 -2.6 -.25 -.3
3 7 -2.15 -.25 .6 -2.6 -.25 -.3 -2.2 -.25 -.3
4 7 -2.15 -.25 .6 -2.2 -.25 -.3 -2.2 -.25 -.7 -.6 -.25 -1
4 7 -2.15 -.25 .6 -.6 -.25 -1 -.746 -.25 -.3 -.8077 -.25 -.175
4 7 -2.15 -.25 .6 -.8077 -.25 -.175 -.92023 -.25 -.00636 -1.053995 -.25 .146005
4 7 -2.15 -.25 -2.5 -1.053995 -.25 -2.046005 -1.0136 -.25 -2 -.6 -.25 -1
4 7 -2.15 -.25 -2.5 -.6 -.25 -1 -2.2 -.25 -.7 -2.2 -.25 -1.1
3 7 -2.15 -.25 -2.5 -2.2 -.25 -1.1 -2.6 -.25 -1.1
4 7 -2.15 -.25 -2.5 -2.6 -.25 -1.1 -5.5 -.25 -1.1 -5.95 -.25 -2.5
3 7 -5.95 -.25 -2.5 -5.5 -.25 -1.1 -5.9 -.25 -1.1
4 7 -7.5 -.25 -.95 -5.9 -.25 -1.1 -5.78284 -.25 -.98284 -5.8117 -.25 -.95
3 7 -7.5 -.25 -.95 -5.95 -.25 -2.5 -5.9 -.25 -1.1 
4 7 .2 -.25 -1 .0198 -.25 -.3 -.746 -.25 -.3 -.6 -.25 -1
4 7 .2 -.25 -1 .2 -.25 -1.8 .6 -.25 -2 1.0027 -.25 -2
3 7 .2 -.25 -1 1.0027 -.25 -2 .0198 -.25 -.3
3 7 -1.0136 -.25 -2 -.6 -.25 -1.8 -.6 -.25 -1
4 7 -1.0136 -.25 -2 .6 -.25 -2 .2 -.25 -1.8 -.6 -.25 -1.8
4 7 -1.0136 -.25 -2 -1.0136 -.25 -2.5 .6 -.25 -2.5 .6 -.25 -2
3 7 0 -.25 0 1.85 -.25 .8 2.5 -.25 2.5
3 7 0 -.25 0 1.85 -.25 0 1.85 -.25 .8
3 7 0 -.25 0 1.85 -.25 -.8 1.85 -.25 0
3 7 0 -.25 0 2.5 -.25 -2.5 1.85 -.25 -.8
4 7 0 -.25 0 .0198 -.25 -.3 1.0027 -.25 -2 2.5 -.25 -2.5
3 7 2.5 -.25 2.5 1.85 -.25 .8 2.65 -.25 .8
4 7 2.5 -.25 2.5 2.65 -.25 .8 4.85 -.25 .8 5 -.25 2.5
3 7 5 -.25 2.5 4.85 -.25 .8 5.65 -.25 .8
3 7 7.5 -.25 0 5 -.25 2.5 5.65 -.25 .8
3 7 7.5 -.25 0 5.65 -.25 .8 5.65 -.25 0
3 7 7.5 -.25 0 5.65 -.25 0 5.65 -.25 -.8
3 7 7.5 -.25 0 5.65 -.25 -.8 5 -.25 -2.5
4 7 2.5 -.25 -2.5 1.0027 -.25 -2 1.25 -.25 -2.165 1.54325 -.25 -2.30975
3 7 2.5 -.25 -2.5 2.65 -.25 -.8 1.85 -.25 -.8
4 7 2.5 -.25 -2.5 5 -.25 -2.5 4.85 -.25 -.8 2.65 -.25 -.8
3 7 5 -.25 -2.5 5.65 -.25 -.8 4.85 -.25 -.8
