0 Sticker  1.9 x  2.9 with United States of America Flag
0 Name: 6279911m.dat
0 Author: Evert-Jan Boer [ejboer]
0 !LDRAW_ORG Unofficial_Part
0 !LICENSE Redistributable under CCAL version 2.0 : see CAreadme.txt


0 BFC CERTIFY CCW

0 !KEYWORDS Apollo 11, Lunar Lander, NASA, set 10266

1 16 0 -0.25 0 29 0 0 0 0.25 0 0 0 19 box5-12.dat

4 15 29 -.25 13.161 29 -.25 16.081 -5.2 -.25 16.081 -5.2 -.25 13.161
4 15 29 -.25 7.32 29 -.25 10.241 -5.2 -.25 10.241 -5.2 -.25 7.32
4 15 29 -.25 1.48 29 -.25 4.4 -5.2 -.25 4.4 -5.2 -.25 1.481
4 15 -29 -.25 -4.36 29 -.25 -4.36 29 -.25 -1.44 -5.2 -.25 -1.44
3 15 -5.2 -.25 -1.44 -29 -.25 -1.44 -29 -.25 -4.36
4 15 -29 -.25 -7.28 -29 -.25 -10.2 29 -.25 -10.2 29 -.25 -7.28
4 15 29 -.25 -16.04 29 -.25 -13.12 -29 -.25 -13.12 -29 -.25 -16.04
3 15 -11.279 -.25 17.245 -11.851 -.25 17.245 -11.387 -.25 16.908
3 15 -11.1 -.25 17.801 -11.279 -.25 17.245 -10.921 -.25 17.245
4 15 -11.387 -.25 16.908 -10.813 -.25 16.908 -10.348 -.25 17.245 -10.921 -.25 17.245
3 15 -10.813 -.25 16.908 -11.1 -.25 16.7 -10.638 -.25 16.365
3 15 -11.387 -.25 16.908 -11.561 -.25 16.365 -11.1 -.25 16.7
3 15 -10.921 -.25 17.245 -11.279 -.25 17.245 -11.387 -.25 16.908
3 15 -10.813 -.25 16.908 -11.387 -.25 16.908 -11.1 -.25 16.7
3 1 -11.1 -.25 17.801 -11.851 -.25 17.245 -11.279 -.25 17.245
4 1 -14.348 -.25 17.245 -11.851 -.25 17.245 -11.1 -.25 17.801 -15.1 -.25 17.801
3 1 -11.1 -.25 17.801 -10.921 -.25 17.245 -10.348 -.25 17.245
3 1 -10.348 -.25 17.245 -10.813 -.25 16.908 -10.638 -.25 16.365
3 1 -11.1 -.25 16.7 -11.561 -.25 16.365 -10.638 -.25 16.365
3 1 -11.851 -.25 17.245 -11.561 -.25 16.365 -11.387 -.25 16.908
3 15 -7.279 -.25 17.245 -7.851 -.25 17.245 -7.387 -.25 16.908
3 15 -7.1 -.25 17.801 -7.279 -.25 17.245 -6.921 -.25 17.245
4 15 -7.387 -.25 16.908 -6.813 -.25 16.908 -6.348 -.25 17.245 -6.921 -.25 17.245
3 15 -6.813 -.25 16.908 -7.1 -.25 16.7 -6.638 -.25 16.365
3 15 -7.387 -.25 16.908 -7.561 -.25 16.365 -7.1 -.25 16.7
3 15 -6.921 -.25 17.245 -7.279 -.25 17.245 -7.387 -.25 16.908
3 15 -6.813 -.25 16.908 -7.387 -.25 16.908 -7.1 -.25 16.7
3 1 -7.1 -.25 17.801 -7.851 -.25 17.245 -7.279 -.25 17.245
4 1 -10.348 -.25 17.245 -7.851 -.25 17.245 -7.1 -.25 17.801 -11.1 -.25 17.801
4 1 -5.2 -.25 19 -7.1 -.25 17.801 -6.921 -.25 17.245 -6.348 -.25 17.245
3 1 -6.348 -.25 17.245 -6.813 -.25 16.908 -6.638 -.25 16.365
4 1 -5.2 -.25 19 -6.348 -.25 17.245 -6.638 -.25 16.365 -5.2 -.25 16.081
4 1 -8.348 -.25 15.145 -6.638 -.25 16.365 -7.1 -.25 16.7 -7.561 -.25 16.365
4 1 -7.387 -.25 16.908 -7.851 -.25 17.245 -10.348 -.25 17.245 -7.561 -.25 16.365
3 15 -15.279 -.25 17.245 -15.851 -.25 17.245 -15.387 -.25 16.908
3 15 -15.1 -.25 17.801 -15.279 -.25 17.245 -14.921 -.25 17.245
3 15 -14.348 -.25 17.245 -14.921 -.25 17.245 -14.813 -.25 16.908
3 15 -14.813 -.25 16.908 -15.1 -.25 16.7 -14.638 -.25 16.365
3 15 -15.387 -.25 16.908 -15.561 -.25 16.365 -15.1 -.25 16.7
4 15 -14.813 -.25 16.908 -14.921 -.25 17.245 -15.279 -.25 17.245 -15.387 -.25 16.908
3 15 -14.813 -.25 16.908 -15.387 -.25 16.908 -15.1 -.25 16.7
3 1 -15.1 -.25 17.801 -15.851 -.25 17.245 -15.279 -.25 17.245
3 1 -15.1 -.25 17.801 -14.921 -.25 17.245 -14.348 -.25 17.245
4 1 -14.813 -.25 16.908 -14.638 -.25 16.365 -11.851 -.25 17.245 -14.348 -.25 17.245
3 1 -15.1 -.25 16.7 -15.561 -.25 16.365 -14.638 -.25 16.365
3 1 -15.851 -.25 17.245 -15.561 -.25 16.365 -15.387 -.25 16.908
3 15 -19.279 -.25 17.245 -19.851 -.25 17.245 -19.387 -.25 16.908
3 15 -19.1 -.25 17.801 -19.279 -.25 17.245 -18.921 -.25 17.245
4 15 -19.387 -.25 16.908 -18.813 -.25 16.908 -18.348 -.25 17.245 -18.921 -.25 17.245
3 15 -18.813 -.25 16.908 -19.1 -.25 16.7 -18.638 -.25 16.365
3 15 -19.387 -.25 16.908 -19.561 -.25 16.365 -19.1 -.25 16.7
3 15 -18.921 -.25 17.245 -19.279 -.25 17.245 -19.387 -.25 16.908
3 15 -18.813 -.25 16.908 -19.387 -.25 16.908 -19.1 -.25 16.7
3 1 -19.1 -.25 17.801 -19.851 -.25 17.245 -19.279 -.25 17.245
4 1 -18.921 -.25 17.245 -18.348 -.25 17.245 -15.1 -.25 17.801 -19.1 -.25 17.801
4 1 -18.813 -.25 16.908 -18.638 -.25 16.365 -15.851 -.25 17.245 -18.348 -.25 17.245
3 1 -19.1 -.25 16.7 -19.561 -.25 16.365 -18.638 -.25 16.365
3 1 -19.851 -.25 17.245 -19.561 -.25 16.365 -19.387 -.25 16.908
4 1 -21.1 -.25 15.701 -19.561 -.25 16.365 -19.851 -.25 17.245 -22.638 -.25 16.365
3 15 -23.279 -.25 17.245 -23.851 -.25 17.245 -23.387 -.25 16.908
3 15 -23.1 -.25 17.801 -23.279 -.25 17.245 -22.921 -.25 17.245
3 15 -22.348 -.25 17.245 -22.921 -.25 17.245 -22.813 -.25 16.908
3 15 -22.813 -.25 16.908 -23.1 -.25 16.7 -22.638 -.25 16.365
3 15 -23.387 -.25 16.908 -23.561 -.25 16.365 -23.1 -.25 16.7
4 15 -22.813 -.25 16.908 -22.921 -.25 17.245 -23.279 -.25 17.245 -23.387 -.25 16.908
3 15 -22.813 -.25 16.908 -23.387 -.25 16.908 -23.1 -.25 16.7
3 1 -23.1 -.25 17.801 -23.851 -.25 17.245 -23.279 -.25 17.245
3 1 -23.1 -.25 17.801 -22.921 -.25 17.245 -22.348 -.25 17.245
4 1 -22.813 -.25 16.908 -22.638 -.25 16.365 -19.851 -.25 17.245 -22.348 -.25 17.245
3 1 -23.1 -.25 16.7 -23.561 -.25 16.365 -22.638 -.25 16.365
3 1 -23.851 -.25 17.245 -23.561 -.25 16.365 -23.387 -.25 16.908
3 15 -27.279 -.25 17.245 -27.851 -.25 17.245 -27.387 -.25 16.908
3 15 -27.1 -.25 17.801 -27.279 -.25 17.245 -26.921 -.25 17.245
4 15 -27.387 -.25 16.908 -26.813 -.25 16.908 -26.348 -.25 17.245 -26.921 -.25 17.245
3 15 -26.813 -.25 16.908 -27.1 -.25 16.7 -26.638 -.25 16.365
3 15 -27.387 -.25 16.908 -27.561 -.25 16.365 -27.1 -.25 16.7
3 15 -26.921 -.25 17.245 -27.279 -.25 17.245 -27.387 -.25 16.908
3 15 -26.813 -.25 16.908 -27.387 -.25 16.908 -27.1 -.25 16.7
4 1 -29 -.25 19 -27.851 -.25 17.245 -27.279 -.25 17.245 -27.1 -.25 17.801
3 1 -27.1 -.25 17.801 -26.921 -.25 17.245 -26.348 -.25 17.245
4 1 -23.851 -.25 17.245 -23.1 -.25 17.801 -27.1 -.25 17.801 -26.348 -.25 17.245
4 1 -26.813 -.25 16.908 -26.638 -.25 16.365 -23.851 -.25 17.245 -26.348 -.25 17.245
3 1 -27.1 -.25 16.7 -27.561 -.25 16.365 -26.638 -.25 16.365
3 1 -27.851 -.25 17.245 -27.561 -.25 16.365 -27.387 -.25 16.908
3 1 -23.1 -.25 17.801 -22.348 -.25 17.245 -19.851 -.25 17.245
3 1 -15.1 -.25 17.801 -18.348 -.25 17.245 -15.851 -.25 17.245
3 15 -11.279 -.25 13.145 -11.851 -.25 13.145 -11.387 -.25 12.808
3 15 -11.1 -.25 13.701 -11.279 -.25 13.145 -10.921 -.25 13.145
4 15 -11.387 -.25 12.808 -10.813 -.25 12.808 -10.348 -.25 13.145 -10.921 -.25 13.145
3 15 -10.813 -.25 12.808 -11.1 -.25 12.6 -10.638 -.25 12.265
3 15 -11.387 -.25 12.808 -11.561 -.25 12.265 -11.1 -.25 12.6
3 15 -10.921 -.25 13.145 -11.279 -.25 13.145 -11.387 -.25 12.808
3 15 -10.813 -.25 12.808 -11.387 -.25 12.808 -11.1 -.25 12.6
4 1 -15.1 -.25 13.701 -11.851 -.25 13.145 -11.279 -.25 13.145 -11.1 -.25 13.701
3 1 -11.1 -.25 13.701 -10.921 -.25 13.145 -10.348 -.25 13.145
3 1 -10.348 -.25 13.145 -10.813 -.25 12.808 -10.638 -.25 12.265
3 1 -11.1 -.25 12.6 -11.561 -.25 12.265 -10.638 -.25 12.265
3 1 -11.851 -.25 13.145 -11.561 -.25 12.265 -11.387 -.25 12.808
4 1 -13.1 -.25 11.601 -11.561 -.25 12.265 -11.851 -.25 13.145 -14.638 -.25 12.265
3 15 -7.279 -.25 13.145 -7.851 -.25 13.145 -7.387 -.25 12.808
3 15 -7.1 -.25 13.701 -7.279 -.25 13.145 -6.921 -.25 13.145
4 15 -7.387 -.25 12.808 -6.813 -.25 12.808 -6.348 -.25 13.145 -6.921 -.25 13.145
3 15 -6.813 -.25 12.808 -7.1 -.25 12.6 -6.638 -.25 12.265
3 15 -7.387 -.25 12.808 -7.561 -.25 12.265 -7.1 -.25 12.6
3 15 -6.921 -.25 13.145 -7.279 -.25 13.145 -7.387 -.25 12.808
3 15 -6.813 -.25 12.808 -7.387 -.25 12.808 -7.1 -.25 12.6
4 1 -11.1 -.25 13.701 -7.851 -.25 13.145 -7.279 -.25 13.145 -7.1 -.25 13.701
3 1 -7.1 -.25 13.701 -6.921 -.25 13.145 -6.348 -.25 13.145
4 1 -6.813 -.25 12.808 -6.638 -.25 12.265 -5.2 -.25 13.161 -6.348 -.25 13.145
4 1 -7.1 -.25 12.6 -7.561 -.25 12.265 -8.348 -.25 11.045 -6.638 -.25 12.265
4 1 -10.348 -.25 13.145 -7.561 -.25 12.265 -7.387 -.25 12.808 -7.851 -.25 13.145
3 15 -15.279 -.25 13.145 -15.851 -.25 13.145 -15.387 -.25 12.808
3 15 -15.1 -.25 13.701 -15.279 -.25 13.145 -14.921 -.25 13.145
4 15 -15.387 -.25 12.808 -14.813 -.25 12.808 -14.348 -.25 13.145 -14.921 -.25 13.145
3 15 -14.813 -.25 12.808 -15.1 -.25 12.6 -14.638 -.25 12.265
3 15 -15.387 -.25 12.808 -15.561 -.25 12.265 -15.1 -.25 12.6
3 15 -14.921 -.25 13.145 -15.279 -.25 13.145 -15.387 -.25 12.808
3 15 -14.813 -.25 12.808 -15.387 -.25 12.808 -15.1 -.25 12.6
3 1 -15.1 -.25 13.701 -15.851 -.25 13.145 -15.279 -.25 13.145
3 1 -15.1 -.25 13.701 -14.921 -.25 13.145 -14.348 -.25 13.145
4 1 -14.813 -.25 12.808 -14.638 -.25 12.265 -11.851 -.25 13.145 -14.348 -.25 13.145
3 1 -15.1 -.25 12.6 -15.561 -.25 12.265 -14.638 -.25 12.265
3 1 -15.851 -.25 13.145 -15.561 -.25 12.265 -15.387 -.25 12.808
4 1 -17.1 -.25 11.601 -15.561 -.25 12.265 -15.851 -.25 13.145 -18.638 -.25 12.265
3 15 -19.279 -.25 13.145 -19.851 -.25 13.145 -19.387 -.25 12.808
3 15 -19.1 -.25 13.701 -19.279 -.25 13.145 -18.921 -.25 13.145
4 15 -18.348 -.25 13.145 -18.921 -.25 13.145 -19.387 -.25 12.808 -18.813 -.25 12.808
3 15 -18.813 -.25 12.808 -19.1 -.25 12.6 -18.638 -.25 12.265
3 15 -19.387 -.25 12.808 -19.561 -.25 12.265 -19.1 -.25 12.6
3 15 -18.921 -.25 13.145 -19.279 -.25 13.145 -19.387 -.25 12.808
3 15 -18.813 -.25 12.808 -19.387 -.25 12.808 -19.1 -.25 12.6
3 1 -19.1 -.25 13.701 -19.851 -.25 13.145 -19.279 -.25 13.145
4 1 -22.348 -.25 13.145 -19.851 -.25 13.145 -19.1 -.25 13.701 -23.1 -.25 13.701
4 1 -15.1 -.25 13.701 -19.1 -.25 13.701 -18.921 -.25 13.145 -18.348 -.25 13.145
3 1 -18.348 -.25 13.145 -18.813 -.25 12.808 -18.638 -.25 12.265
4 1 -15.1 -.25 13.701 -18.348 -.25 13.145 -18.638 -.25 12.265 -15.851 -.25 13.145
3 1 -19.1 -.25 12.6 -19.561 -.25 12.265 -18.638 -.25 12.265
3 1 -19.851 -.25 13.145 -19.561 -.25 12.265 -19.387 -.25 12.808
4 1 -21.1 -.25 11.601 -19.561 -.25 12.265 -19.851 -.25 13.145 -22.638 -.25 12.265
3 15 -23.279 -.25 13.145 -23.851 -.25 13.145 -23.387 -.25 12.808
3 15 -23.1 -.25 13.701 -23.279 -.25 13.145 -22.921 -.25 13.145
4 15 -23.387 -.25 12.808 -22.813 -.25 12.808 -22.348 -.25 13.145 -22.921 -.25 13.145
3 15 -22.813 -.25 12.808 -23.1 -.25 12.6 -22.638 -.25 12.265
3 15 -23.387 -.25 12.808 -23.561 -.25 12.265 -23.1 -.25 12.6
3 15 -22.921 -.25 13.145 -23.279 -.25 13.145 -23.387 -.25 12.808
3 15 -22.813 -.25 12.808 -23.387 -.25 12.808 -23.1 -.25 12.6
3 1 -23.1 -.25 13.701 -23.851 -.25 13.145 -23.279 -.25 13.145
3 1 -23.1 -.25 13.701 -22.921 -.25 13.145 -22.348 -.25 13.145
4 1 -22.813 -.25 12.808 -22.638 -.25 12.265 -19.851 -.25 13.145 -22.348 -.25 13.145
3 1 -23.1 -.25 12.6 -23.561 -.25 12.265 -22.638 -.25 12.265
3 1 -23.851 -.25 13.145 -23.561 -.25 12.265 -23.387 -.25 12.808
4 1 -25.1 -.25 11.601 -23.561 -.25 12.265 -23.851 -.25 13.145 -26.638 -.25 12.265
3 15 -27.279 -.25 13.145 -27.851 -.25 13.145 -27.387 -.25 12.808
3 15 -27.1 -.25 13.701 -27.279 -.25 13.145 -26.921 -.25 13.145
4 15 -26.348 -.25 13.145 -26.921 -.25 13.145 -27.387 -.25 12.808 -26.813 -.25 12.808
3 15 -26.813 -.25 12.808 -27.1 -.25 12.6 -26.638 -.25 12.265
3 15 -27.387 -.25 12.808 -27.561 -.25 12.265 -27.1 -.25 12.6
3 15 -26.921 -.25 13.145 -27.279 -.25 13.145 -27.387 -.25 12.808
3 15 -26.813 -.25 12.808 -27.387 -.25 12.808 -27.1 -.25 12.6
4 1 -27.561 -.25 16.365 -27.851 -.25 13.145 -27.279 -.25 13.145 -27.1 -.25 13.701
4 1 -23.1 -.25 13.701 -27.1 -.25 13.701 -26.921 -.25 13.145 -26.348 -.25 13.145
3 1 -26.348 -.25 13.145 -26.813 -.25 12.808 -26.638 -.25 12.265
3 1 -27.1 -.25 12.6 -27.561 -.25 12.265 -26.638 -.25 12.265
3 1 -27.851 -.25 13.145 -27.561 -.25 12.265 -27.387 -.25 12.808
4 1 -26.638 -.25 12.265 -23.851 -.25 13.145 -23.1 -.25 13.701 -26.348 -.25 13.145
3 1 -15.1 -.25 13.701 -14.348 -.25 13.145 -11.851 -.25 13.145
3 1 -11.1 -.25 13.701 -10.348 -.25 13.145 -7.851 -.25 13.145
3 15 -11.279 -.25 9.045 -11.851 -.25 9.045 -11.387 -.25 8.708
4 15 -11.387 -.25 8.708 -10.921 -.25 9.045 -11.1 -.25 9.6 -11.279 -.25 9.045
4 15 -11.387 -.25 8.708 -10.813 -.25 8.708 -10.348 -.25 9.045 -10.921 -.25 9.045
3 15 -10.813 -.25 8.708 -11.1 -.25 8.5 -10.638 -.25 8.165
3 15 -11.387 -.25 8.708 -11.561 -.25 8.165 -11.1 -.25 8.5
3 15 -10.813 -.25 8.708 -11.387 -.25 8.708 -11.1 -.25 8.5
4 1 -15.1 -.25 9.6 -11.851 -.25 9.045 -11.279 -.25 9.045 -11.1 -.25 9.6
3 1 -11.1 -.25 9.6 -10.921 -.25 9.045 -10.348 -.25 9.045
3 1 -10.348 -.25 9.045 -10.813 -.25 8.708 -10.638 -.25 8.165
4 1 -9.1 -.25 7.5 -7.561 -.25 8.165 -10.348 -.25 9.045 -10.638 -.25 8.165
3 1 -11.1 -.25 8.5 -11.561 -.25 8.165 -10.638 -.25 8.165
3 1 -11.851 -.25 9.045 -11.561 -.25 8.165 -11.387 -.25 8.708
4 1 -13.1 -.25 7.5 -11.561 -.25 8.165 -11.851 -.25 9.045 -14.638 -.25 8.165
3 15 -7.279 -.25 9.045 -7.851 -.25 9.045 -7.387 -.25 8.708
4 15 -7.387 -.25 8.708 -6.921 -.25 9.045 -7.1 -.25 9.6 -7.279 -.25 9.045
4 15 -7.387 -.25 8.708 -6.813 -.25 8.708 -6.348 -.25 9.045 -6.921 -.25 9.045
3 15 -6.813 -.25 8.708 -7.1 -.25 8.5 -6.638 -.25 8.165
3 15 -7.387 -.25 8.708 -7.561 -.25 8.165 -7.1 -.25 8.5
3 15 -6.813 -.25 8.708 -7.387 -.25 8.708 -7.1 -.25 8.5
4 1 -11.1 -.25 9.6 -7.851 -.25 9.045 -7.279 -.25 9.045 -7.1 -.25 9.6
4 1 -6.921 -.25 9.045 -6.348 -.25 9.045 -5.2 -.25 10.241 -7.1 -.25 9.6
3 1 -6.348 -.25 9.045 -6.813 -.25 8.708 -6.638 -.25 8.165
4 1 -5.2 -.25 10.241 -6.348 -.25 9.045 -6.638 -.25 8.165 -5.2 -.25 7.32
4 1 -7.1 -.25 8.5 -7.561 -.25 8.165 -8.348 -.25 6.945 -6.638 -.25 8.165
4 1 -10.348 -.25 9.045 -7.561 -.25 8.165 -7.387 -.25 8.708 -7.851 -.25 9.045
3 15 -15.279 -.25 9.045 -15.851 -.25 9.045 -15.387 -.25 8.708
4 15 -15.387 -.25 8.708 -14.921 -.25 9.045 -15.1 -.25 9.6 -15.279 -.25 9.045
4 15 -15.387 -.25 8.708 -14.813 -.25 8.708 -14.348 -.25 9.045 -14.921 -.25 9.045
3 15 -14.813 -.25 8.708 -15.1 -.25 8.5 -14.638 -.25 8.165
3 15 -15.387 -.25 8.708 -15.561 -.25 8.165 -15.1 -.25 8.5
3 15 -14.813 -.25 8.708 -15.387 -.25 8.708 -15.1 -.25 8.5
3 1 -15.1 -.25 9.6 -15.851 -.25 9.045 -15.279 -.25 9.045
3 1 -15.1 -.25 9.6 -14.921 -.25 9.045 -14.348 -.25 9.045
4 1 -11.851 -.25 9.045 -14.348 -.25 9.045 -14.813 -.25 8.708 -14.638 -.25 8.165
3 1 -15.1 -.25 8.5 -15.561 -.25 8.165 -14.638 -.25 8.165
3 1 -15.851 -.25 9.045 -15.561 -.25 8.165 -15.387 -.25 8.708
4 1 -17.1 -.25 7.5 -15.561 -.25 8.165 -15.851 -.25 9.045 -18.638 -.25 8.165
3 15 -19.279 -.25 9.045 -19.851 -.25 9.045 -19.387 -.25 8.708
3 15 -19.1 -.25 9.6 -19.279 -.25 9.045 -18.921 -.25 9.045
3 15 -18.348 -.25 9.045 -18.921 -.25 9.045 -18.813 -.25 8.708
4 15 -19.279 -.25 9.045 -19.387 -.25 8.708 -18.813 -.25 8.708 -18.921 -.25 9.045
3 15 -18.813 -.25 8.708 -19.1 -.25 8.5 -18.638 -.25 8.165
3 15 -19.387 -.25 8.708 -19.561 -.25 8.165 -19.1 -.25 8.5
3 15 -18.813 -.25 8.708 -19.387 -.25 8.708 -19.1 -.25 8.5
4 1 -19.279 -.25 9.045 -19.1 -.25 9.6 -23.1 -.25 9.6 -19.851 -.25 9.045
3 1 -19.1 -.25 9.6 -18.921 -.25 9.045 -18.348 -.25 9.045
4 1 -15.851 -.25 9.045 -15.1 -.25 9.6 -19.1 -.25 9.6 -18.348 -.25 9.045
4 1 -15.851 -.25 9.045 -18.348 -.25 9.045 -18.813 -.25 8.708 -18.638 -.25 8.165
3 1 -19.1 -.25 8.5 -19.561 -.25 8.165 -18.638 -.25 8.165
3 1 -19.851 -.25 9.045 -19.561 -.25 8.165 -19.387 -.25 8.708
4 1 -21.1 -.25 7.5 -19.561 -.25 8.165 -19.851 -.25 9.045 -22.638 -.25 8.165
3 15 -23.279 -.25 9.045 -23.851 -.25 9.045 -23.387 -.25 8.708
4 15 -23.387 -.25 8.708 -22.921 -.25 9.045 -23.1 -.25 9.6 -23.279 -.25 9.045
4 15 -23.387 -.25 8.708 -22.813 -.25 8.708 -22.348 -.25 9.045 -22.921 -.25 9.045
3 15 -22.813 -.25 8.708 -23.1 -.25 8.5 -22.638 -.25 8.165
3 15 -23.387 -.25 8.708 -23.561 -.25 8.165 -23.1 -.25 8.5
3 15 -22.813 -.25 8.708 -23.387 -.25 8.708 -23.1 -.25 8.5
3 1 -23.1 -.25 9.6 -23.851 -.25 9.045 -23.279 -.25 9.045
3 1 -23.1 -.25 9.6 -22.921 -.25 9.045 -22.348 -.25 9.045
4 1 -19.851 -.25 9.045 -22.348 -.25 9.045 -22.813 -.25 8.708 -22.638 -.25 8.165
3 1 -23.1 -.25 8.5 -23.561 -.25 8.165 -22.638 -.25 8.165
3 1 -23.851 -.25 9.045 -23.561 -.25 8.165 -23.387 -.25 8.708
4 1 -25.1 -.25 7.501 -23.561 -.25 8.165 -23.851 -.25 9.045 -26.638 -.25 8.165
3 15 -27.279 -.25 9.045 -27.851 -.25 9.045 -27.387 -.25 8.708
3 15 -27.1 -.25 9.6 -27.279 -.25 9.045 -26.921 -.25 9.045
3 15 -26.348 -.25 9.045 -26.921 -.25 9.045 -26.813 -.25 8.708
4 15 -27.279 -.25 9.045 -27.387 -.25 8.708 -26.813 -.25 8.708 -26.921 -.25 9.045
3 15 -26.813 -.25 8.708 -27.1 -.25 8.5 -26.638 -.25 8.165
3 15 -27.387 -.25 8.708 -27.561 -.25 8.165 -27.1 -.25 8.5
3 15 -26.813 -.25 8.708 -27.387 -.25 8.708 -27.1 -.25 8.5
3 1 -27.1 -.25 9.6 -27.851 -.25 9.045 -27.279 -.25 9.045
4 1 -25.851 -.25 11.045 -27.561 -.25 12.265 -27.851 -.25 9.045 -27.1 -.25 9.6
3 1 -27.1 -.25 9.6 -26.921 -.25 9.045 -26.348 -.25 9.045
4 1 -23.851 -.25 9.045 -23.1 -.25 9.6 -27.1 -.25 9.6 -26.348 -.25 9.045
4 1 -23.851 -.25 9.045 -26.348 -.25 9.045 -26.813 -.25 8.708 -26.638 -.25 8.165
4 1 -27.1 -.25 8.5 -27.561 -.25 8.165 -27.1 -.25 5.5 -26.638 -.25 8.165
3 1 -27.851 -.25 9.045 -27.561 -.25 8.165 -27.387 -.25 8.708
3 1 -23.1 -.25 9.6 -22.348 -.25 9.045 -19.851 -.25 9.045
3 1 -15.1 -.25 9.6 -14.348 -.25 9.045 -11.851 -.25 9.045
3 1 -11.1 -.25 9.6 -10.348 -.25 9.045 -7.851 -.25 9.045
3 15 -11.279 -.25 4.945 -11.851 -.25 4.945 -11.387 -.25 4.608
4 15 -11.387 -.25 4.608 -10.921 -.25 4.945 -11.1 -.25 5.5 -11.279 -.25 4.945
4 15 -10.348 -.25 4.945 -10.921 -.25 4.945 -11.387 -.25 4.608 -10.813 -.25 4.608
3 15 -10.813 -.25 4.608 -11.1 -.25 4.4 -10.638 -.25 4.065
3 15 -11.387 -.25 4.608 -11.561 -.25 4.065 -11.1 -.25 4.4
3 15 -10.813 -.25 4.608 -11.387 -.25 4.608 -11.1 -.25 4.4
3 1 -11.1 -.25 5.5 -11.851 -.25 4.945 -11.279 -.25 4.945
3 1 -11.1 -.25 5.5 -10.921 -.25 4.945 -10.348 -.25 4.945
3 1 -10.348 -.25 4.945 -10.813 -.25 4.608 -10.638 -.25 4.065
4 1 -9.1 -.25 3.4 -7.561 -.25 4.065 -10.348 -.25 4.945 -10.638 -.25 4.065
3 1 -11.1 -.25 4.4 -11.561 -.25 4.065 -10.638 -.25 4.065
3 1 -11.851 -.25 4.945 -11.561 -.25 4.065 -11.387 -.25 4.608
3 15 -7.279 -.25 4.945 -7.851 -.25 4.945 -7.387 -.25 4.608
4 15 -7.387 -.25 4.608 -6.921 -.25 4.945 -7.1 -.25 5.5 -7.279 -.25 4.945
4 15 -6.348 -.25 4.945 -6.921 -.25 4.945 -7.387 -.25 4.608 -6.813 -.25 4.608
3 15 -6.813 -.25 4.608 -7.1 -.25 4.4 -6.638 -.25 4.065
3 15 -7.387 -.25 4.608 -7.561 -.25 4.065 -7.1 -.25 4.4
3 15 -6.813 -.25 4.608 -7.387 -.25 4.608 -7.1 -.25 4.4
3 1 -7.1 -.25 5.5 -7.851 -.25 4.945 -7.279 -.25 4.945
3 1 -7.1 -.25 5.5 -6.921 -.25 4.945 -6.348 -.25 4.945
4 1 -5.2 -.25 4.4 -5.2 -.25 7.32 -7.1 -.25 5.5 -6.348 -.25 4.945
4 1 -6.813 -.25 4.608 -6.638 -.25 4.065 -5.2 -.25 4.4 -6.348 -.25 4.945
3 1 -7.1 -.25 4.4 -7.561 -.25 4.065 -6.638 -.25 4.065
4 1 -7.387 -.25 4.608 -7.851 -.25 4.945 -10.348 -.25 4.945 -7.561 -.25 4.065
3 15 -15.279 -.25 4.945 -15.851 -.25 4.945 -15.387 -.25 4.608
3 15 -15.1 -.25 5.5 -15.279 -.25 4.945 -14.921 -.25 4.945
3 15 -14.348 -.25 4.945 -14.921 -.25 4.945 -14.813 -.25 4.608
4 15 -15.279 -.25 4.945 -15.387 -.25 4.608 -14.813 -.25 4.608 -14.921 -.25 4.945
3 15 -14.813 -.25 4.608 -15.1 -.25 4.4 -14.638 -.25 4.065
3 15 -15.387 -.25 4.608 -15.561 -.25 4.065 -15.1 -.25 4.4
3 15 -14.813 -.25 4.608 -15.387 -.25 4.608 -15.1 -.25 4.4
3 1 -15.1 -.25 5.5 -15.851 -.25 4.945 -15.279 -.25 4.945
3 1 -15.1 -.25 5.5 -14.921 -.25 4.945 -14.348 -.25 4.945
4 1 -14.813 -.25 4.608 -14.638 -.25 4.065 -11.851 -.25 4.945 -14.348 -.25 4.945
3 1 -15.1 -.25 4.4 -15.561 -.25 4.065 -14.638 -.25 4.065
3 1 -15.851 -.25 4.945 -15.561 -.25 4.065 -15.387 -.25 4.608
3 15 -19.279 -.25 4.945 -19.851 -.25 4.945 -19.387 -.25 4.608
4 15 -19.387 -.25 4.608 -18.813 -.25 4.608 -18.348 -.25 4.945 -18.921 -.25 4.945
3 15 -18.813 -.25 4.608 -19.1 -.25 4.4 -18.638 -.25 4.065
3 15 -19.387 -.25 4.608 -19.561 -.25 4.065 -19.1 -.25 4.4
4 15 -19.1 -.25 5.5 -19.279 -.25 4.945 -19.387 -.25 4.608 -18.921 -.25 4.945
3 15 -18.813 -.25 4.608 -19.387 -.25 4.608 -19.1 -.25 4.4
4 1 -23.1 -.25 5.5 -19.851 -.25 4.945 -19.279 -.25 4.945 -19.1 -.25 5.5
4 1 -18.921 -.25 4.945 -18.348 -.25 4.945 -15.1 -.25 5.5 -19.1 -.25 5.5
4 1 -18.813 -.25 4.608 -18.638 -.25 4.065 -15.851 -.25 4.945 -18.348 -.25 4.945
3 1 -19.1 -.25 4.4 -19.561 -.25 4.065 -18.638 -.25 4.065
3 1 -19.851 -.25 4.945 -19.561 -.25 4.065 -19.387 -.25 4.608
4 1 -21.1 -.25 3.401 -19.561 -.25 4.065 -19.851 -.25 4.945 -22.638 -.25 4.065
3 15 -23.279 -.25 4.945 -23.851 -.25 4.945 -23.387 -.25 4.608
3 15 -23.1 -.25 5.5 -23.279 -.25 4.945 -22.921 -.25 4.945
3 15 -22.348 -.25 4.945 -22.921 -.25 4.945 -22.813 -.25 4.608
4 15 -23.279 -.25 4.945 -23.387 -.25 4.608 -22.813 -.25 4.608 -22.921 -.25 4.945
3 15 -22.813 -.25 4.608 -23.1 -.25 4.4 -22.638 -.25 4.065
3 15 -23.387 -.25 4.608 -23.561 -.25 4.065 -23.1 -.25 4.4
3 15 -22.813 -.25 4.608 -23.387 -.25 4.608 -23.1 -.25 4.4
3 1 -23.1 -.25 5.5 -23.851 -.25 4.945 -23.279 -.25 4.945
3 1 -23.1 -.25 5.5 -22.921 -.25 4.945 -22.348 -.25 4.945
4 1 -22.813 -.25 4.608 -22.638 -.25 4.065 -19.851 -.25 4.945 -22.348 -.25 4.945
3 1 -23.1 -.25 4.4 -23.561 -.25 4.065 -22.638 -.25 4.065
3 1 -23.851 -.25 4.945 -23.561 -.25 4.065 -23.387 -.25 4.608
4 1 -25.1 -.25 3.401 -23.561 -.25 4.065 -23.851 -.25 4.945 -26.638 -.25 4.065
3 15 -27.279 -.25 4.945 -27.851 -.25 4.945 -27.387 -.25 4.608
4 15 -27.387 -.25 4.608 -26.813 -.25 4.608 -26.348 -.25 4.945 -26.921 -.25 4.945
3 15 -26.813 -.25 4.608 -27.1 -.25 4.4 -26.638 -.25 4.065
3 15 -27.387 -.25 4.608 -27.561 -.25 4.065 -27.1 -.25 4.4
4 15 -27.1 -.25 5.5 -27.279 -.25 4.945 -27.387 -.25 4.608 -26.921 -.25 4.945
3 15 -26.813 -.25 4.608 -27.387 -.25 4.608 -27.1 -.25 4.4
3 1 -27.1 -.25 5.5 -27.851 -.25 4.945 -27.279 -.25 4.945
4 1 -27.851 -.25 9.045 -27.851 -.25 4.945 -27.1 -.25 5.5 -27.561 -.25 8.165
3 1 -27.1 -.25 5.5 -26.921 -.25 4.945 -26.348 -.25 4.945
4 1 -23.851 -.25 4.945 -23.1 -.25 5.5 -27.1 -.25 5.5 -26.348 -.25 4.945
4 1 -26.813 -.25 4.608 -26.638 -.25 4.065 -23.851 -.25 4.945 -26.348 -.25 4.945
3 1 -27.1 -.25 4.4 -27.561 -.25 4.065 -26.638 -.25 4.065
3 1 -27.851 -.25 4.945 -27.561 -.25 4.065 -27.387 -.25 4.608
3 1 -23.1 -.25 5.5 -22.348 -.25 4.945 -19.851 -.25 4.945
3 1 -15.1 -.25 5.5 -18.348 -.25 4.945 -15.851 -.25 4.945
4 1 -11.1 -.25 5.5 -15.1 -.25 5.5 -14.348 -.25 4.945 -11.851 -.25 4.945
4 1 -7.1 -.25 5.5 -11.1 -.25 5.5 -10.348 -.25 4.945 -7.851 -.25 4.945
3 15 -11.279 -.25 .845 -11.851 -.25 .845 -11.387 -.25 .508
4 15 -11.387 -.25 .508 -10.921 -.25 .845 -11.1 -.25 1.4 -11.279 -.25 .845
4 15 -11.387 -.25 .508 -10.813 -.25 .508 -10.348 -.25 .845 -10.921 -.25 .845
3 15 -10.813 -.25 .508 -11.1 -.25 .3 -10.638 -.25 -.035
3 15 -11.387 -.25 .508 -11.561 -.25 -.035 -11.1 -.25 .3
3 15 -10.813 -.25 .508 -11.387 -.25 .508 -11.1 -.25 .3
4 1 -15.1 -.25 1.4 -11.851 -.25 .845 -11.279 -.25 .845 -11.1 -.25 1.4
3 1 -11.1 -.25 1.4 -10.921 -.25 .845 -10.348 -.25 .845
3 1 -10.348 -.25 .845 -10.813 -.25 .508 -10.638 -.25 -.035
4 1 -7.851 -.25 .845 -10.348 -.25 .845 -10.638 -.25 -.035 -7.561 -.25 -.035
3 1 -11.1 -.25 .3 -11.561 -.25 -.035 -10.638 -.25 -.035
4 1 -14.638 -.25 -.035 -11.561 -.25 -.035 -11.387 -.25 .508 -11.851 -.25 .845
3 15 -7.279 -.25 .845 -7.851 -.25 .845 -7.387 -.25 .508
3 15 -7.1 -.25 1.401 -7.279 -.25 .845 -6.921 -.25 .845
4 15 -7.387 -.25 .508 -6.813 -.25 .508 -6.348 -.25 .845 -6.921 -.25 .845
3 15 -6.813 -.25 .508 -7.1 -.25 .3 -6.638 -.25 -.035
3 15 -7.387 -.25 .508 -7.561 -.25 -.035 -7.1 -.25 .3
3 15 -6.921 -.25 .845 -7.279 -.25 .845 -7.387 -.25 .508
3 15 -6.813 -.25 .508 -7.387 -.25 .508 -7.1 -.25 .3
4 1 -11.1 -.25 1.4 -7.851 -.25 .845 -7.279 -.25 .845 -7.1 -.25 1.401
4 1 -6.921 -.25 .845 -6.348 -.25 .845 -5.2 -.25 1.481 -7.1 -.25 1.401
4 1 -6.813 -.25 .508 -6.638 -.25 -.035 -5.2 -.25 1.481 -6.348 -.25 .845
4 1 -5.2 -.25 -1.44 -6.638 -.25 -.035 -7.1 -.25 .3 -7.561 -.25 -.035
3 1 -7.851 -.25 .845 -7.561 -.25 -.035 -7.387 -.25 .508
3 15 -15.279 -.25 .845 -15.851 -.25 .845 -15.387 -.25 .508
4 15 -15.387 -.25 .508 -14.921 -.25 .845 -15.1 -.25 1.4 -15.279 -.25 .845
4 15 -15.387 -.25 .508 -14.813 -.25 .508 -14.348 -.25 .845 -14.921 -.25 .845
3 15 -14.813 -.25 .508 -15.1 -.25 .3 -14.638 -.25 -.035
3 15 -15.387 -.25 .508 -15.561 -.25 -.035 -15.1 -.25 .3
3 15 -14.813 -.25 .508 -15.387 -.25 .508 -15.1 -.25 .3
3 1 -15.1 -.25 1.4 -15.851 -.25 .845 -15.279 -.25 .845
3 1 -15.1 -.25 1.4 -14.921 -.25 .845 -14.348 -.25 .845
4 1 -14.813 -.25 .508 -14.638 -.25 -.035 -11.851 -.25 .845 -14.348 -.25 .845
3 1 -15.1 -.25 .3 -15.561 -.25 -.035 -14.638 -.25 -.035
4 1 -18.638 -.25 -.035 -15.561 -.25 -.035 -15.387 -.25 .508 -15.851 -.25 .845
3 15 -19.279 -.25 .845 -19.851 -.25 .845 -19.387 -.25 .508
4 15 -19.387 -.25 .508 -18.921 -.25 .845 -19.1 -.25 1.4 -19.279 -.25 .845
4 15 -19.387 -.25 .508 -18.813 -.25 .508 -18.348 -.25 .845 -18.921 -.25 .845
3 15 -18.813 -.25 .508 -19.1 -.25 .3 -18.638 -.25 -.035
3 15 -19.387 -.25 .508 -19.561 -.25 -.035 -19.1 -.25 .3
3 15 -18.813 -.25 .508 -19.387 -.25 .508 -19.1 -.25 .3
3 1 -19.1 -.25 1.4 -19.851 -.25 .845 -19.279 -.25 .845
4 1 -18.921 -.25 .845 -18.348 -.25 .845 -15.1 -.25 1.4 -19.1 -.25 1.4
3 1 -18.348 -.25 .845 -18.813 -.25 .508 -18.638 -.25 -.035
4 1 -15.1 -.25 1.4 -18.348 -.25 .845 -18.638 -.25 -.035 -15.851 -.25 .845
3 1 -19.1 -.25 .3 -19.561 -.25 -.035 -18.638 -.25 -.035
4 1 -22.638 -.25 -.035 -19.561 -.25 -.035 -19.387 -.25 .508 -19.851 -.25 .845
3 15 -23.279 -.25 .845 -23.851 -.25 .845 -23.387 -.25 .508
4 15 -23.387 -.25 .508 -22.921 -.25 .845 -23.1 -.25 1.4 -23.279 -.25 .845
4 15 -23.387 -.25 .508 -22.813 -.25 .508 -22.348 -.25 .845 -22.921 -.25 .845
3 15 -22.813 -.25 .508 -23.1 -.25 .3 -22.638 -.25 -.035
3 15 -23.387 -.25 .508 -23.561 -.25 -.035 -23.1 -.25 .3
3 15 -22.813 -.25 .508 -23.387 -.25 .508 -23.1 -.25 .3
3 1 -23.1 -.25 1.4 -23.851 -.25 .845 -23.279 -.25 .845
3 1 -23.1 -.25 1.4 -22.921 -.25 .845 -22.348 -.25 .845
4 1 -22.813 -.25 .508 -22.638 -.25 -.035 -19.851 -.25 .845 -22.348 -.25 .845
3 1 -23.1 -.25 .3 -23.561 -.25 -.035 -22.638 -.25 -.035
4 1 -26.638 -.25 -.035 -23.561 -.25 -.035 -23.387 -.25 .508 -23.851 -.25 .845
3 15 -27.279 -.25 .845 -27.851 -.25 .845 -27.387 -.25 .508
4 15 -27.387 -.25 .508 -26.921 -.25 .845 -27.1 -.25 1.4 -27.279 -.25 .845
4 15 -27.387 -.25 .508 -26.813 -.25 .508 -26.348 -.25 .845 -26.921 -.25 .845
3 15 -26.813 -.25 .508 -27.1 -.25 .3 -26.638 -.25 -.035
3 15 -27.387 -.25 .508 -27.561 -.25 -.035 -27.1 -.25 .3
3 15 -26.813 -.25 .508 -27.387 -.25 .508 -27.1 -.25 .3
3 1 -27.1 -.25 1.4 -27.851 -.25 .845 -27.279 -.25 .845
4 1 -26.638 -.25 4.065 -27.561 -.25 4.065 -27.851 -.25 .845 -27.1 -.25 1.4
4 1 -26.921 -.25 .845 -26.348 -.25 .845 -23.1 -.25 1.4 -27.1 -.25 1.4
3 1 -26.348 -.25 .845 -26.813 -.25 .508 -26.638 -.25 -.035
4 1 -23.1 -.25 1.4 -26.348 -.25 .845 -26.638 -.25 -.035 -23.851 -.25 .845
4 1 -27.1 -.25 .3 -27.561 -.25 -.035 -29 -.25 -1.44 -26.638 -.25 -.035
4 1 -27.387 -.25 .508 -27.851 -.25 .845 -29 -.25 -1.44 -27.561 -.25 -.035
4 1 -19.1 -.25 1.4 -23.1 -.25 1.4 -22.348 -.25 .845 -19.851 -.25 .845
3 1 -15.1 -.25 1.4 -14.348 -.25 .845 -11.851 -.25 .845
3 1 -11.1 -.25 1.4 -10.348 -.25 .845 -7.851 -.25 .845
3 15 -9.279 -.25 15.145 -9.851 -.25 15.145 -9.387 -.25 14.808
3 15 -9.1 -.25 15.701 -9.279 -.25 15.145 -8.921 -.25 15.145
4 15 -9.387 -.25 14.808 -8.813 -.25 14.808 -8.348 -.25 15.145 -8.921 -.25 15.145
3 15 -8.813 -.25 14.808 -9.1 -.25 14.6 -8.638 -.25 14.265
3 15 -9.387 -.25 14.808 -9.561 -.25 14.265 -9.1 -.25 14.6
3 15 -8.921 -.25 15.145 -9.279 -.25 15.145 -9.387 -.25 14.808
3 15 -8.813 -.25 14.808 -9.387 -.25 14.808 -9.1 -.25 14.6
4 1 -13.1 -.25 15.701 -9.851 -.25 15.145 -9.279 -.25 15.145 -9.1 -.25 15.701
4 1 -8.921 -.25 15.145 -8.348 -.25 15.145 -7.561 -.25 16.365 -9.1 -.25 15.701
4 1 -7.1 -.25 13.701 -8.348 -.25 15.145 -8.813 -.25 14.808 -8.638 -.25 14.265
3 1 -9.1 -.25 14.6 -9.561 -.25 14.265 -8.638 -.25 14.265
4 1 -12.638 -.25 14.265 -9.561 -.25 14.265 -9.387 -.25 14.808 -9.851 -.25 15.145
3 15 -13.279 -.25 15.145 -13.851 -.25 15.145 -13.387 -.25 14.808
3 15 -13.1 -.25 15.701 -13.279 -.25 15.145 -12.921 -.25 15.145
4 15 -12.348 -.25 15.145 -12.921 -.25 15.145 -13.387 -.25 14.808 -12.813 -.25 14.808
3 15 -12.813 -.25 14.808 -13.1 -.25 14.6 -12.638 -.25 14.265
3 15 -13.387 -.25 14.808 -13.561 -.25 14.265 -13.1 -.25 14.6
3 15 -12.921 -.25 15.145 -13.279 -.25 15.145 -13.387 -.25 14.808
3 15 -12.813 -.25 14.808 -13.387 -.25 14.808 -13.1 -.25 14.6
3 1 -13.1 -.25 15.701 -13.851 -.25 15.145 -13.279 -.25 15.145
3 1 -13.1 -.25 15.701 -12.921 -.25 15.145 -12.348 -.25 15.145
4 1 -9.851 -.25 15.145 -12.348 -.25 15.145 -12.813 -.25 14.808 -12.638 -.25 14.265
3 1 -13.1 -.25 14.6 -13.561 -.25 14.265 -12.638 -.25 14.265
4 1 -16.638 -.25 14.265 -13.561 -.25 14.265 -13.387 -.25 14.808 -13.851 -.25 15.145
3 15 -17.279 -.25 15.145 -17.851 -.25 15.145 -17.387 -.25 14.808
3 15 -17.1 -.25 15.701 -17.279 -.25 15.145 -16.921 -.25 15.145
4 15 -17.387 -.25 14.808 -16.813 -.25 14.808 -16.348 -.25 15.145 -16.921 -.25 15.145
3 15 -16.813 -.25 14.808 -17.1 -.25 14.6 -16.638 -.25 14.265
3 15 -17.387 -.25 14.808 -17.561 -.25 14.265 -17.1 -.25 14.6
3 15 -16.921 -.25 15.145 -17.279 -.25 15.145 -17.387 -.25 14.808
3 15 -16.813 -.25 14.808 -17.387 -.25 14.808 -17.1 -.25 14.6
4 1 -21.1 -.25 15.701 -17.851 -.25 15.145 -17.279 -.25 15.145 -17.1 -.25 15.701
4 1 -16.921 -.25 15.145 -16.348 -.25 15.145 -13.1 -.25 15.701 -17.1 -.25 15.701
4 1 -16.813 -.25 14.808 -16.638 -.25 14.265 -13.851 -.25 15.145 -16.348 -.25 15.145
3 1 -17.1 -.25 14.6 -17.561 -.25 14.265 -16.638 -.25 14.265
4 1 -20.638 -.25 14.265 -17.561 -.25 14.265 -17.387 -.25 14.808 -17.851 -.25 15.145
3 15 -21.279 -.25 15.145 -21.851 -.25 15.145 -21.387 -.25 14.808
3 15 -21.1 -.25 15.701 -21.279 -.25 15.145 -20.921 -.25 15.145
4 15 -20.348 -.25 15.145 -20.921 -.25 15.145 -21.387 -.25 14.808 -20.813 -.25 14.808
3 15 -20.813 -.25 14.808 -21.1 -.25 14.6 -20.638 -.25 14.265
3 15 -21.387 -.25 14.808 -21.561 -.25 14.265 -21.1 -.25 14.6
3 15 -20.921 -.25 15.145 -21.279 -.25 15.145 -21.387 -.25 14.808
3 15 -20.813 -.25 14.808 -21.387 -.25 14.808 -21.1 -.25 14.6
3 1 -21.1 -.25 15.701 -21.851 -.25 15.145 -21.279 -.25 15.145
3 1 -21.1 -.25 15.701 -20.921 -.25 15.145 -20.348 -.25 15.145
4 1 -17.851 -.25 15.145 -20.348 -.25 15.145 -20.813 -.25 14.808 -20.638 -.25 14.265
3 1 -21.1 -.25 14.6 -21.561 -.25 14.265 -20.638 -.25 14.265
4 1 -24.638 -.25 14.265 -21.561 -.25 14.265 -21.387 -.25 14.808 -21.851 -.25 15.145
3 15 -25.279 -.25 15.145 -25.851 -.25 15.145 -25.387 -.25 14.808
3 15 -25.1 -.25 15.701 -25.279 -.25 15.145 -24.921 -.25 15.145
4 15 -25.387 -.25 14.808 -24.813 -.25 14.808 -24.348 -.25 15.145 -24.921 -.25 15.145
3 15 -24.813 -.25 14.808 -25.1 -.25 14.6 -24.638 -.25 14.265
3 15 -25.387 -.25 14.808 -25.561 -.25 14.265 -25.1 -.25 14.6
3 15 -24.921 -.25 15.145 -25.279 -.25 15.145 -25.387 -.25 14.808
3 15 -24.813 -.25 14.808 -25.387 -.25 14.808 -25.1 -.25 14.6
4 1 -25.279 -.25 15.145 -25.1 -.25 15.701 -26.638 -.25 16.365 -25.851 -.25 15.145
4 1 -24.921 -.25 15.145 -24.348 -.25 15.145 -21.1 -.25 15.701 -25.1 -.25 15.701
4 1 -24.813 -.25 14.808 -24.638 -.25 14.265 -21.851 -.25 15.145 -24.348 -.25 15.145
3 1 -25.1 -.25 14.6 -25.561 -.25 14.265 -24.638 -.25 14.265
4 1 -27.1 -.25 13.701 -25.561 -.25 14.265 -25.387 -.25 14.808 -25.851 -.25 15.145
3 1 -21.1 -.25 15.701 -24.348 -.25 15.145 -21.851 -.25 15.145
3 1 -21.1 -.25 15.701 -20.348 -.25 15.145 -17.851 -.25 15.145
3 1 -13.1 -.25 15.701 -16.348 -.25 15.145 -13.851 -.25 15.145
3 1 -13.1 -.25 15.701 -12.348 -.25 15.145 -9.851 -.25 15.145
3 15 -9.279 -.25 11.045 -9.851 -.25 11.045 -9.387 -.25 10.708
3 15 -9.1 -.25 11.601 -9.279 -.25 11.045 -8.921 -.25 11.045
4 15 -8.348 -.25 11.045 -8.921 -.25 11.045 -9.387 -.25 10.708 -8.813 -.25 10.708
3 15 -8.813 -.25 10.708 -9.1 -.25 10.5 -8.638 -.25 10.165
3 15 -9.387 -.25 10.708 -9.561 -.25 10.165 -9.1 -.25 10.5
3 15 -8.921 -.25 11.045 -9.279 -.25 11.045 -9.387 -.25 10.708
3 15 -8.813 -.25 10.708 -9.387 -.25 10.708 -9.1 -.25 10.5
3 1 -9.1 -.25 11.601 -9.851 -.25 11.045 -9.279 -.25 11.045
4 1 -7.561 -.25 12.265 -9.1 -.25 11.601 -8.921 -.25 11.045 -8.348 -.25 11.045
3 1 -8.348 -.25 11.045 -8.813 -.25 10.708 -8.638 -.25 10.165
3 1 -9.1 -.25 10.5 -9.561 -.25 10.165 -8.638 -.25 10.165
4 1 -12.638 -.25 10.165 -9.561 -.25 10.165 -9.387 -.25 10.708 -9.851 -.25 11.045
3 15 -13.279 -.25 11.045 -13.851 -.25 11.045 -13.387 -.25 10.708
3 15 -13.1 -.25 11.601 -13.279 -.25 11.045 -12.921 -.25 11.045
4 15 -13.387 -.25 10.708 -12.813 -.25 10.708 -12.348 -.25 11.045 -12.921 -.25 11.045
3 15 -12.813 -.25 10.708 -13.1 -.25 10.5 -12.638 -.25 10.165
3 15 -13.387 -.25 10.708 -13.561 -.25 10.165 -13.1 -.25 10.5
3 15 -12.921 -.25 11.045 -13.279 -.25 11.045 -13.387 -.25 10.708
3 15 -12.813 -.25 10.708 -13.387 -.25 10.708 -13.1 -.25 10.5
3 1 -13.1 -.25 11.601 -13.851 -.25 11.045 -13.279 -.25 11.045
3 1 -13.1 -.25 11.601 -12.921 -.25 11.045 -12.348 -.25 11.045
4 1 -12.813 -.25 10.708 -12.638 -.25 10.165 -9.851 -.25 11.045 -12.348 -.25 11.045
3 1 -13.1 -.25 10.5 -13.561 -.25 10.165 -12.638 -.25 10.165
4 1 -13.387 -.25 10.708 -13.851 -.25 11.045 -16.638 -.25 10.165 -13.561 -.25 10.165
3 15 -17.279 -.25 11.045 -17.851 -.25 11.045 -17.387 -.25 10.708
3 15 -17.1 -.25 11.601 -17.279 -.25 11.045 -16.921 -.25 11.045
4 15 -16.348 -.25 11.045 -16.921 -.25 11.045 -17.387 -.25 10.708 -16.813 -.25 10.708
3 15 -16.813 -.25 10.708 -17.1 -.25 10.5 -16.638 -.25 10.165
3 15 -17.387 -.25 10.708 -17.561 -.25 10.165 -17.1 -.25 10.5
3 15 -16.921 -.25 11.045 -17.279 -.25 11.045 -17.387 -.25 10.708
3 15 -16.813 -.25 10.708 -17.387 -.25 10.708 -17.1 -.25 10.5
3 1 -17.1 -.25 11.601 -17.851 -.25 11.045 -17.279 -.25 11.045
4 1 -13.1 -.25 11.601 -17.1 -.25 11.601 -16.921 -.25 11.045 -16.348 -.25 11.045
3 1 -16.348 -.25 11.045 -16.813 -.25 10.708 -16.638 -.25 10.165
3 1 -17.1 -.25 10.5 -17.561 -.25 10.165 -16.638 -.25 10.165
4 1 -20.638 -.25 10.165 -17.561 -.25 10.165 -17.387 -.25 10.708 -17.851 -.25 11.045
3 15 -21.279 -.25 11.045 -21.851 -.25 11.045 -21.387 -.25 10.708
3 15 -21.1 -.25 11.601 -21.279 -.25 11.045 -20.921 -.25 11.045
4 15 -21.387 -.25 10.708 -20.813 -.25 10.708 -20.348 -.25 11.045 -20.921 -.25 11.045
3 15 -20.813 -.25 10.708 -21.1 -.25 10.5 -20.638 -.25 10.165
3 15 -21.387 -.25 10.708 -21.561 -.25 10.165 -21.1 -.25 10.5
3 15 -20.921 -.25 11.045 -21.279 -.25 11.045 -21.387 -.25 10.708
3 15 -20.813 -.25 10.708 -21.387 -.25 10.708 -21.1 -.25 10.5
3 1 -21.1 -.25 11.601 -21.851 -.25 11.045 -21.279 -.25 11.045
3 1 -21.1 -.25 11.601 -20.921 -.25 11.045 -20.348 -.25 11.045
4 1 -20.813 -.25 10.708 -20.638 -.25 10.165 -17.851 -.25 11.045 -20.348 -.25 11.045
3 1 -21.1 -.25 10.5 -21.561 -.25 10.165 -20.638 -.25 10.165
4 1 -21.387 -.25 10.708 -21.851 -.25 11.045 -24.638 -.25 10.165 -21.561 -.25 10.165
3 15 -25.279 -.25 11.045 -25.851 -.25 11.045 -25.387 -.25 10.708
3 15 -25.1 -.25 11.601 -25.279 -.25 11.045 -24.921 -.25 11.045
4 15 -24.348 -.25 11.045 -24.921 -.25 11.045 -25.387 -.25 10.708 -24.813 -.25 10.708
3 15 -24.813 -.25 10.708 -25.1 -.25 10.5 -24.638 -.25 10.165
3 15 -25.387 -.25 10.708 -25.561 -.25 10.165 -25.1 -.25 10.5
3 15 -24.921 -.25 11.045 -25.279 -.25 11.045 -25.387 -.25 10.708
3 15 -24.813 -.25 10.708 -25.387 -.25 10.708 -25.1 -.25 10.5
3 1 -25.1 -.25 11.601 -25.851 -.25 11.045 -25.279 -.25 11.045
4 1 -26.638 -.25 12.265 -27.561 -.25 12.265 -25.851 -.25 11.045 -25.1 -.25 11.601
4 1 -21.1 -.25 11.601 -25.1 -.25 11.601 -24.921 -.25 11.045 -24.348 -.25 11.045
3 1 -24.348 -.25 11.045 -24.813 -.25 10.708 -24.638 -.25 10.165
4 1 -21.1 -.25 11.601 -24.348 -.25 11.045 -24.638 -.25 10.165 -21.851 -.25 11.045
3 1 -25.1 -.25 10.5 -25.561 -.25 10.165 -24.638 -.25 10.165
4 1 -27.1 -.25 9.6 -25.561 -.25 10.165 -25.387 -.25 10.708 -25.851 -.25 11.045
4 1 -17.1 -.25 11.601 -21.1 -.25 11.601 -20.348 -.25 11.045 -17.851 -.25 11.045
4 1 -16.638 -.25 10.165 -13.851 -.25 11.045 -13.1 -.25 11.601 -16.348 -.25 11.045
4 1 -9.1 -.25 11.601 -13.1 -.25 11.601 -12.348 -.25 11.045 -9.851 -.25 11.045
3 15 -9.279 -.25 6.945 -9.851 -.25 6.945 -9.387 -.25 6.608
4 15 -9.387 -.25 6.608 -8.921 -.25 6.945 -9.1 -.25 7.5 -9.279 -.25 6.945
4 15 -9.387 -.25 6.608 -8.813 -.25 6.608 -8.348 -.25 6.945 -8.921 -.25 6.945
3 15 -8.813 -.25 6.608 -9.1 -.25 6.4 -8.638 -.25 6.065
3 15 -9.387 -.25 6.608 -9.561 -.25 6.065 -9.1 -.25 6.4
3 15 -8.813 -.25 6.608 -9.387 -.25 6.608 -9.1 -.25 6.4
4 1 -13.1 -.25 7.5 -9.851 -.25 6.945 -9.279 -.25 6.945 -9.1 -.25 7.5
4 1 -8.921 -.25 6.945 -8.348 -.25 6.945 -7.561 -.25 8.165 -9.1 -.25 7.5
4 1 -7.1 -.25 5.5 -8.348 -.25 6.945 -8.813 -.25 6.608 -8.638 -.25 6.065
3 1 -9.1 -.25 6.4 -9.561 -.25 6.065 -8.638 -.25 6.065
3 1 -9.851 -.25 6.945 -9.561 -.25 6.065 -9.387 -.25 6.608
3 15 -13.279 -.25 6.945 -13.851 -.25 6.945 -13.387 -.25 6.608
3 15 -13.1 -.25 7.5 -13.279 -.25 6.945 -12.921 -.25 6.945
3 15 -12.348 -.25 6.945 -12.921 -.25 6.945 -12.813 -.25 6.608
4 15 -13.279 -.25 6.945 -13.387 -.25 6.608 -12.813 -.25 6.608 -12.921 -.25 6.945
3 15 -12.813 -.25 6.608 -13.1 -.25 6.4 -12.638 -.25 6.065
3 15 -13.387 -.25 6.608 -13.561 -.25 6.065 -13.1 -.25 6.4
3 15 -12.813 -.25 6.608 -13.387 -.25 6.608 -13.1 -.25 6.4
3 1 -13.1 -.25 7.5 -13.851 -.25 6.945 -13.279 -.25 6.945
3 1 -13.1 -.25 7.5 -12.921 -.25 6.945 -12.348 -.25 6.945
3 1 -12.348 -.25 6.945 -12.813 -.25 6.608 -12.638 -.25 6.065
4 1 -9.561 -.25 6.065 -9.851 -.25 6.945 -12.348 -.25 6.945 -12.638 -.25 6.065
3 1 -13.1 -.25 6.4 -13.561 -.25 6.065 -12.638 -.25 6.065
4 1 -16.638 -.25 6.065 -13.561 -.25 6.065 -13.387 -.25 6.608 -13.851 -.25 6.945
3 15 -17.279 -.25 6.945 -17.851 -.25 6.945 -17.387 -.25 6.608
4 15 -17.387 -.25 6.608 -16.921 -.25 6.945 -17.1 -.25 7.5 -17.279 -.25 6.945
4 15 -17.387 -.25 6.608 -16.813 -.25 6.608 -16.348 -.25 6.945 -16.921 -.25 6.945
3 15 -16.813 -.25 6.608 -17.1 -.25 6.4 -16.638 -.25 6.065
3 15 -17.387 -.25 6.608 -17.561 -.25 6.065 -17.1 -.25 6.4
3 15 -16.813 -.25 6.608 -17.387 -.25 6.608 -17.1 -.25 6.4
4 1 -21.1 -.25 7.5 -17.851 -.25 6.945 -17.279 -.25 6.945 -17.1 -.25 7.5
4 1 -16.921 -.25 6.945 -16.348 -.25 6.945 -13.1 -.25 7.5 -17.1 -.25 7.5
4 1 -13.851 -.25 6.945 -16.348 -.25 6.945 -16.813 -.25 6.608 -16.638 -.25 6.065
3 1 -17.1 -.25 6.4 -17.561 -.25 6.065 -16.638 -.25 6.065
3 1 -17.851 -.25 6.945 -17.561 -.25 6.065 -17.387 -.25 6.608
3 15 -21.279 -.25 6.945 -21.851 -.25 6.945 -21.387 -.25 6.608
3 15 -21.1 -.25 7.5 -21.279 -.25 6.945 -20.921 -.25 6.945
3 15 -20.348 -.25 6.945 -20.921 -.25 6.945 -20.813 -.25 6.608
4 15 -21.279 -.25 6.945 -21.387 -.25 6.608 -20.813 -.25 6.608 -20.921 -.25 6.945
3 15 -20.813 -.25 6.608 -21.1 -.25 6.4 -20.638 -.25 6.065
3 15 -21.387 -.25 6.608 -21.561 -.25 6.065 -21.1 -.25 6.4
3 15 -20.813 -.25 6.608 -21.387 -.25 6.608 -21.1 -.25 6.4
3 1 -21.1 -.25 7.5 -21.851 -.25 6.945 -21.279 -.25 6.945
3 1 -21.1 -.25 7.5 -20.921 -.25 6.945 -20.348 -.25 6.945
3 1 -20.348 -.25 6.945 -20.813 -.25 6.608 -20.638 -.25 6.065
4 1 -17.561 -.25 6.065 -17.851 -.25 6.945 -20.348 -.25 6.945 -20.638 -.25 6.065
3 1 -21.1 -.25 6.4 -21.561 -.25 6.065 -20.638 -.25 6.065
4 1 -24.638 -.25 6.065 -21.561 -.25 6.065 -21.387 -.25 6.608 -21.851 -.25 6.945
3 15 -25.279 -.25 6.945 -25.851 -.25 6.945 -25.387 -.25 6.608
3 15 -25.1 -.25 7.501 -25.279 -.25 6.945 -24.921 -.25 6.945
4 15 -25.387 -.25 6.608 -24.813 -.25 6.608 -24.348 -.25 6.945 -24.921 -.25 6.945
3 15 -24.813 -.25 6.608 -25.1 -.25 6.4 -24.638 -.25 6.065
3 15 -25.387 -.25 6.608 -25.561 -.25 6.065 -25.1 -.25 6.4
3 15 -24.921 -.25 6.945 -25.279 -.25 6.945 -25.387 -.25 6.608
3 15 -24.813 -.25 6.608 -25.387 -.25 6.608 -25.1 -.25 6.4
4 1 -25.279 -.25 6.945 -25.1 -.25 7.501 -26.638 -.25 8.165 -25.851 -.25 6.945
3 1 -25.1 -.25 7.501 -24.921 -.25 6.945 -24.348 -.25 6.945
4 1 -21.851 -.25 6.945 -21.1 -.25 7.5 -25.1 -.25 7.501 -24.348 -.25 6.945
4 1 -21.851 -.25 6.945 -24.348 -.25 6.945 -24.813 -.25 6.608 -24.638 -.25 6.065
3 1 -25.1 -.25 6.4 -25.561 -.25 6.065 -24.638 -.25 6.065
3 1 -25.851 -.25 6.945 -25.561 -.25 6.065 -25.387 -.25 6.608
4 1 -26.638 -.25 8.165 -27.1 -.25 5.5 -25.561 -.25 6.065 -25.851 -.25 6.945
3 1 -21.1 -.25 7.5 -20.348 -.25 6.945 -17.851 -.25 6.945
3 1 -13.1 -.25 7.5 -16.348 -.25 6.945 -13.851 -.25 6.945
3 1 -13.1 -.25 7.5 -12.348 -.25 6.945 -9.851 -.25 6.945
3 15 -9.279 -.25 2.845 -9.851 -.25 2.845 -9.387 -.25 2.508
3 15 -9.1 -.25 3.4 -9.279 -.25 2.845 -8.921 -.25 2.845
3 15 -8.348 -.25 2.845 -8.921 -.25 2.845 -8.813 -.25 2.508
3 15 -8.813 -.25 2.508 -9.1 -.25 2.3 -8.638 -.25 1.965
3 15 -9.387 -.25 2.508 -9.561 -.25 1.965 -9.1 -.25 2.3
4 15 -8.813 -.25 2.508 -8.921 -.25 2.845 -9.279 -.25 2.845 -9.387 -.25 2.508
3 15 -8.813 -.25 2.508 -9.387 -.25 2.508 -9.1 -.25 2.3
4 1 -13.1 -.25 3.4 -9.851 -.25 2.845 -9.279 -.25 2.845 -9.1 -.25 3.4
4 1 -8.921 -.25 2.845 -8.348 -.25 2.845 -7.561 -.25 4.065 -9.1 -.25 3.4
4 1 -7.1 -.25 1.401 -8.348 -.25 2.845 -8.813 -.25 2.508 -8.638 -.25 1.965
3 1 -9.1 -.25 2.3 -9.561 -.25 1.965 -8.638 -.25 1.965
4 1 -12.638 -.25 1.965 -9.561 -.25 1.965 -9.387 -.25 2.508 -9.851 -.25 2.845
3 15 -13.279 -.25 2.845 -13.851 -.25 2.845 -13.387 -.25 2.508
4 15 -13.387 -.25 2.508 -12.813 -.25 2.508 -12.348 -.25 2.845 -12.921 -.25 2.845
3 15 -12.813 -.25 2.508 -13.1 -.25 2.3 -12.638 -.25 1.965
3 15 -13.387 -.25 2.508 -13.561 -.25 1.965 -13.1 -.25 2.3
4 15 -13.1 -.25 3.4 -13.279 -.25 2.845 -13.387 -.25 2.508 -12.921 -.25 2.845
3 15 -12.813 -.25 2.508 -13.387 -.25 2.508 -13.1 -.25 2.3
3 1 -13.1 -.25 3.4 -13.851 -.25 2.845 -13.279 -.25 2.845
3 1 -13.1 -.25 3.4 -12.921 -.25 2.845 -12.348 -.25 2.845
4 1 -12.813 -.25 2.508 -12.638 -.25 1.965 -9.851 -.25 2.845 -12.348 -.25 2.845
3 1 -13.1 -.25 2.3 -13.561 -.25 1.965 -12.638 -.25 1.965
3 1 -13.851 -.25 2.845 -13.561 -.25 1.965 -13.387 -.25 2.508
4 1 -16.348 -.25 2.845 -16.638 -.25 1.965 -13.561 -.25 1.965 -13.851 -.25 2.845
3 15 -17.279 -.25 2.845 -17.851 -.25 2.845 -17.387 -.25 2.508
3 15 -17.1 -.25 3.4 -17.279 -.25 2.845 -16.921 -.25 2.845
3 15 -16.348 -.25 2.845 -16.921 -.25 2.845 -16.813 -.25 2.508
3 15 -16.813 -.25 2.508 -17.1 -.25 2.3 -16.638 -.25 1.965
3 15 -17.387 -.25 2.508 -17.561 -.25 1.965 -17.1 -.25 2.3
4 15 -16.813 -.25 2.508 -16.921 -.25 2.845 -17.279 -.25 2.845 -17.387 -.25 2.508
3 15 -16.813 -.25 2.508 -17.387 -.25 2.508 -17.1 -.25 2.3
4 1 -21.1 -.25 3.401 -17.851 -.25 2.845 -17.279 -.25 2.845 -17.1 -.25 3.4
3 1 -17.1 -.25 3.4 -16.921 -.25 2.845 -16.348 -.25 2.845
4 1 -13.851 -.25 2.845 -13.1 -.25 3.4 -17.1 -.25 3.4 -16.348 -.25 2.845
3 1 -16.348 -.25 2.845 -16.813 -.25 2.508 -16.638 -.25 1.965
3 1 -17.1 -.25 2.3 -17.561 -.25 1.965 -16.638 -.25 1.965
4 1 -20.638 -.25 1.965 -17.561 -.25 1.965 -17.387 -.25 2.508 -17.851 -.25 2.845
3 15 -21.279 -.25 2.845 -21.851 -.25 2.845 -21.387 -.25 2.508
3 15 -21.1 -.25 3.401 -21.279 -.25 2.845 -20.921 -.25 2.845
4 15 -21.387 -.25 2.508 -20.813 -.25 2.508 -20.348 -.25 2.845 -20.921 -.25 2.845
3 15 -20.813 -.25 2.508 -21.1 -.25 2.3 -20.638 -.25 1.965
3 15 -21.387 -.25 2.508 -21.561 -.25 1.965 -21.1 -.25 2.3
3 15 -20.921 -.25 2.845 -21.279 -.25 2.845 -21.387 -.25 2.508
3 15 -20.813 -.25 2.508 -21.387 -.25 2.508 -21.1 -.25 2.3
3 1 -21.1 -.25 3.401 -21.851 -.25 2.845 -21.279 -.25 2.845
3 1 -21.1 -.25 3.401 -20.921 -.25 2.845 -20.348 -.25 2.845
4 1 -20.813 -.25 2.508 -20.638 -.25 1.965 -17.851 -.25 2.845 -20.348 -.25 2.845
3 1 -21.1 -.25 2.3 -21.561 -.25 1.965 -20.638 -.25 1.965
3 1 -21.851 -.25 2.845 -21.561 -.25 1.965 -21.387 -.25 2.508
4 1 -24.348 -.25 2.845 -24.638 -.25 1.965 -21.561 -.25 1.965 -21.851 -.25 2.845
3 15 -25.279 -.25 2.845 -25.851 -.25 2.845 -25.387 -.25 2.508
3 15 -25.1 -.25 3.401 -25.279 -.25 2.845 -24.921 -.25 2.845
3 15 -24.348 -.25 2.845 -24.921 -.25 2.845 -24.813 -.25 2.508
3 15 -24.813 -.25 2.508 -25.1 -.25 2.3 -24.638 -.25 1.965
3 15 -25.387 -.25 2.508 -25.561 -.25 1.965 -25.1 -.25 2.3
4 15 -24.813 -.25 2.508 -24.921 -.25 2.845 -25.279 -.25 2.845 -25.387 -.25 2.508
3 15 -24.813 -.25 2.508 -25.387 -.25 2.508 -25.1 -.25 2.3
4 1 -26.638 -.25 4.065 -25.851 -.25 2.845 -25.279 -.25 2.845 -25.1 -.25 3.401
3 1 -25.1 -.25 3.401 -24.921 -.25 2.845 -24.348 -.25 2.845
4 1 -21.851 -.25 2.845 -21.1 -.25 3.401 -25.1 -.25 3.401 -24.348 -.25 2.845
3 1 -24.348 -.25 2.845 -24.813 -.25 2.508 -24.638 -.25 1.965
3 1 -25.1 -.25 2.3 -25.561 -.25 1.965 -24.638 -.25 1.965
4 1 -27.1 -.25 1.4 -25.561 -.25 1.965 -25.387 -.25 2.508 -25.851 -.25 2.845
3 1 -21.1 -.25 3.401 -20.348 -.25 2.845 -17.851 -.25 2.845
3 1 -13.1 -.25 3.4 -12.348 -.25 2.845 -9.851 -.25 2.845
4 4 29 -.25 -7.28 29 -.25 -4.36 -29 -.25 -4.36 -29 -.25 -7.28
4 4 29 -.25 -13.12 29 -.25 -10.2 -29 -.25 -10.2 -29 -.25 -13.12
4 4 29 -.25 -19 29 -.25 -16.04 -29 -.25 -16.04 -29 -.25 -19
4 4 -5.2 -.25 16.081 29 -.25 16.081 29 -.25 19 -5.2 -.25 19
4 4 29 -.25 10.241 29 -.25 13.161 -5.2 -.25 13.161 -5.2 -.25 10.241
4 4 29 -.25 4.4 29 -.25 7.32 -5.2 -.25 7.32 -5.2 -.25 4.4
4 4 -5.2 -.25 1.481 -5.2 -.25 -1.44 29 -.25 -1.44 29 -.25 1.48
3 1 -29 -.25 19 -27.1 -.25 17.801 -23.1 -.25 17.801
4 1 -19.851 -.25 17.245 -19.1 -.25 17.801 -29 -.25 19 -23.1 -.25 17.801
3 1 -29 -.25 19 -19.1 -.25 17.801 -15.1 -.25 17.801
4 1 -29 -.25 19 -15.1 -.25 17.801 -11.1 -.25 17.801 -5.2 -.25 19
3 1 -5.2 -.25 19 -11.1 -.25 17.801 -7.1 -.25 17.801
4 1 -5.2 -.25 16.081 -6.638 -.25 16.365 -8.348 -.25 15.145 -7.1 -.25 13.701
4 1 -7.1 -.25 13.701 -6.348 -.25 13.145 -5.2 -.25 13.161 -5.2 -.25 16.081
4 1 -7.1 -.25 9.6 -5.2 -.25 10.241 -5.2 -.25 13.161 -6.638 -.25 12.265
4 1 -8.348 -.25 6.945 -7.1 -.25 5.5 -5.2 -.25 7.32 -6.638 -.25 8.165
4 1 -7.1 -.25 1.401 -5.2 -.25 1.481 -5.2 -.25 4.4 -6.638 -.25 4.065
3 1 -5.2 -.25 1.481 -6.638 -.25 -.035 -5.2 -.25 -1.44
3 1 -7.561 -.25 -.035 -10.638 -.25 -.035 -5.2 -.25 -1.44
3 1 -10.638 -.25 -.035 -11.561 -.25 -.035 -5.2 -.25 -1.44
3 1 -11.561 -.25 -.035 -14.638 -.25 -.035 -5.2 -.25 -1.44
3 1 -14.638 -.25 -.035 -15.561 -.25 -.035 -5.2 -.25 -1.44
3 1 -15.561 -.25 -.035 -18.638 -.25 -.035 -5.2 -.25 -1.44
4 1 -29 -.25 -1.44 -5.2 -.25 -1.44 -18.638 -.25 -.035 -19.561 -.25 -.035
3 1 -19.561 -.25 -.035 -22.638 -.25 -.035 -29 -.25 -1.44
3 1 -22.638 -.25 -.035 -23.561 -.25 -.035 -29 -.25 -1.44
3 1 -23.561 -.25 -.035 -26.638 -.25 -.035 -29 -.25 -1.44
4 1 -27.851 -.25 4.945 -29 -.25 -1.44 -27.851 -.25 .845 -27.561 -.25 4.065
3 1 -26.638 -.25 4.065 -27.1 -.25 1.4 -25.851 -.25 2.845
4 1 -7.561 -.25 4.065 -8.348 -.25 2.845 -7.1 -.25 1.401 -6.638 -.25 4.065
4 1 -8.638 -.25 10.165 -7.1 -.25 9.6 -6.638 -.25 12.265 -8.348 -.25 11.045
4 1 -27.851 -.25 13.145 -27.561 -.25 16.365 -27.851 -.25 17.245 -29 -.25 19
4 1 -27.561 -.25 16.365 -27.1 -.25 13.701 -25.851 -.25 15.145 -26.638 -.25 16.365
3 1 -27.851 -.25 13.145 -27.851 -.25 9.045 -27.561 -.25 12.265
4 1 -29 -.25 -1.44 -27.851 -.25 9.045 -27.851 -.25 13.145 -29 -.25 19
3 1 -27.851 -.25 9.045 -29 -.25 -1.44 -27.851 -.25 4.945
4 1 -23.851 -.25 17.245 -26.638 -.25 16.365 -25.1 -.25 15.701 -23.561 -.25 16.365
4 1 -21.1 -.25 15.701 -22.638 -.25 16.365 -23.561 -.25 16.365 -25.1 -.25 15.701
4 1 -19.561 -.25 16.365 -21.1 -.25 15.701 -17.1 -.25 15.701 -18.638 -.25 16.365
4 1 -15.851 -.25 17.245 -18.638 -.25 16.365 -17.1 -.25 15.701 -15.561 -.25 16.365
4 1 -13.1 -.25 15.701 -14.638 -.25 16.365 -15.561 -.25 16.365 -17.1 -.25 15.701
4 1 -11.851 -.25 17.245 -14.638 -.25 16.365 -13.1 -.25 15.701 -11.561 -.25 16.365
4 1 -11.561 -.25 16.365 -13.1 -.25 15.701 -9.1 -.25 15.701 -10.638 -.25 16.365
4 1 -10.348 -.25 17.245 -10.638 -.25 16.365 -9.1 -.25 15.701 -7.561 -.25 16.365
4 1 -27.1 -.25 13.701 -23.1 -.25 13.701 -24.638 -.25 14.265 -25.561 -.25 14.265
3 1 -21.561 -.25 14.265 -24.638 -.25 14.265 -23.1 -.25 13.701
4 1 -19.1 -.25 13.701 -20.638 -.25 14.265 -21.561 -.25 14.265 -23.1 -.25 13.701
3 1 -17.561 -.25 14.265 -20.638 -.25 14.265 -19.1 -.25 13.701
4 1 -15.1 -.25 13.701 -16.638 -.25 14.265 -17.561 -.25 14.265 -19.1 -.25 13.701
3 1 -13.561 -.25 14.265 -16.638 -.25 14.265 -15.1 -.25 13.701
4 1 -13.561 -.25 14.265 -15.1 -.25 13.701 -11.1 -.25 13.701 -12.638 -.25 14.265
3 1 -9.561 -.25 14.265 -12.638 -.25 14.265 -11.1 -.25 13.701
4 1 -7.1 -.25 13.701 -8.638 -.25 14.265 -9.561 -.25 14.265 -11.1 -.25 13.701
4 1 -21.1 -.25 11.601 -22.638 -.25 12.265 -23.561 -.25 12.265 -25.1 -.25 11.601
4 1 -17.1 -.25 11.601 -18.638 -.25 12.265 -19.561 -.25 12.265 -21.1 -.25 11.601
4 1 -15.561 -.25 12.265 -17.1 -.25 11.601 -13.1 -.25 11.601 -14.638 -.25 12.265
4 1 -9.1 -.25 11.601 -10.638 -.25 12.265 -11.561 -.25 12.265 -13.1 -.25 11.601
4 1 -10.348 -.25 13.145 -10.638 -.25 12.265 -9.1 -.25 11.601 -7.561 -.25 12.265
4 1 -24.638 -.25 10.165 -25.561 -.25 10.165 -27.1 -.25 9.6 -23.1 -.25 9.6
3 1 -21.561 -.25 10.165 -24.638 -.25 10.165 -23.1 -.25 9.6
4 1 -19.1 -.25 9.6 -20.638 -.25 10.165 -21.561 -.25 10.165 -23.1 -.25 9.6
3 1 -17.561 -.25 10.165 -20.638 -.25 10.165 -19.1 -.25 9.6
4 1 -17.561 -.25 10.165 -19.1 -.25 9.6 -15.1 -.25 9.6 -16.638 -.25 10.165
3 1 -13.561 -.25 10.165 -16.638 -.25 10.165 -15.1 -.25 9.6
3 1 -12.638 -.25 10.165 -13.561 -.25 10.165 -15.1 -.25 9.6
4 1 -15.1 -.25 9.6 -11.1 -.25 9.6 -9.561 -.25 10.165 -12.638 -.25 10.165
4 1 -9.561 -.25 10.165 -11.1 -.25 9.6 -7.1 -.25 9.6 -8.638 -.25 10.165
4 1 -21.1 -.25 7.5 -22.638 -.25 8.165 -23.561 -.25 8.165 -25.1 -.25 7.501
4 1 -19.561 -.25 8.165 -21.1 -.25 7.5 -17.1 -.25 7.5 -18.638 -.25 8.165
4 1 -13.1 -.25 7.5 -14.638 -.25 8.165 -15.561 -.25 8.165 -17.1 -.25 7.5
4 1 -9.1 -.25 7.5 -10.638 -.25 8.165 -11.561 -.25 8.165 -13.1 -.25 7.5
4 1 -27.1 -.25 5.5 -23.1 -.25 5.5 -24.638 -.25 6.065 -25.561 -.25 6.065
3 1 -21.561 -.25 6.065 -24.638 -.25 6.065 -23.1 -.25 5.5
4 1 -21.561 -.25 6.065 -23.1 -.25 5.5 -19.1 -.25 5.5 -20.638 -.25 6.065
3 1 -17.561 -.25 6.065 -20.638 -.25 6.065 -19.1 -.25 5.5
3 1 -16.638 -.25 6.065 -17.561 -.25 6.065 -19.1 -.25 5.5
4 1 -19.1 -.25 5.5 -15.1 -.25 5.5 -13.561 -.25 6.065 -16.638 -.25 6.065
4 1 -11.1 -.25 5.5 -12.638 -.25 6.065 -13.561 -.25 6.065 -15.1 -.25 5.5
3 1 -9.561 -.25 6.065 -12.638 -.25 6.065 -11.1 -.25 5.5
4 1 -7.1 -.25 5.5 -8.638 -.25 6.065 -9.561 -.25 6.065 -11.1 -.25 5.5
4 1 -23.561 -.25 4.065 -25.1 -.25 3.401 -21.1 -.25 3.401 -22.638 -.25 4.065
4 1 -17.1 -.25 3.4 -18.638 -.25 4.065 -19.561 -.25 4.065 -21.1 -.25 3.401
4 1 -15.851 -.25 4.945 -18.638 -.25 4.065 -17.1 -.25 3.4 -15.561 -.25 4.065
4 1 -13.1 -.25 3.4 -14.638 -.25 4.065 -15.561 -.25 4.065 -17.1 -.25 3.4
4 1 -11.851 -.25 4.945 -14.638 -.25 4.065 -13.1 -.25 3.4 -11.561 -.25 4.065
4 1 -9.1 -.25 3.4 -10.638 -.25 4.065 -11.561 -.25 4.065 -13.1 -.25 3.4
4 1 -27.1 -.25 1.4 -23.1 -.25 1.4 -24.638 -.25 1.965 -25.561 -.25 1.965
3 1 -21.561 -.25 1.965 -24.638 -.25 1.965 -23.1 -.25 1.4
3 1 -20.638 -.25 1.965 -21.561 -.25 1.965 -23.1 -.25 1.4
4 1 -23.1 -.25 1.4 -19.1 -.25 1.4 -17.561 -.25 1.965 -20.638 -.25 1.965
4 1 -17.561 -.25 1.965 -19.1 -.25 1.4 -15.1 -.25 1.4 -16.638 -.25 1.965
3 1 -13.561 -.25 1.965 -16.638 -.25 1.965 -15.1 -.25 1.4
4 1 -11.1 -.25 1.4 -12.638 -.25 1.965 -13.561 -.25 1.965 -15.1 -.25 1.4
3 1 -9.561 -.25 1.965 -12.638 -.25 1.965 -11.1 -.25 1.4
4 1 -7.1 -.25 1.401 -8.638 -.25 1.965 -9.561 -.25 1.965 -11.1 -.25 1.4
