0 Technic Shock Absorber 18L Piston
0 Name: 69635.dat
0 Author: Philippe Hurbain [Philo]
0 !LDRAW_ORG Unofficial_Part
0 !LICENSE Redistributable under CCAL version 2.0 : see CAreadme.txt

0 BFC CERTIFY CCW

0 !KEYWORDS Set 42130, BMW M 1000 RR

1 16 0 0 -10 -1 0 0 0 0 1 0 20 0 axlehol4.dat
1 16 0 10 -10 -1 0 0 0 0 1 0 20 0 npeghol4.dat
1 16 0 20 0 -1 0 0 0 0 1 0 1 0 connhole.dat
1 16 9 5 0 0 -1 0 0 0 -15 10 0 0 rect3.dat
1 16 0 20 -10 9 0 0 0 0 9 0 20 0 2-4cylo.dat
1 16 -9 5 0 0 1 0 0 0 -15 -10 0 0 rect3.dat
1 16 0 0 -10 -6 0 0 0 0 -6 0 1 0 2-4ndis.dat
4 16 6 0 -10 9 0 -10 9 -10 -10 6 -6 -10
4 16 -9 0 -10 -6 0 -10 -6 -6 -10 -9 -10 -10
4 16 9 -10 -10 -9 -10 -10 -6 -6 -10 6 -6 -10
2 24 9 -10 -10 -9 -10 -10
1 16 0 0 10 -6 0 0 0 0 -6 0 -1 0 2-4ndis.dat
4 16 9 -10 10 9 0 10 6 0 10 6 -6 10
4 16 -6 -6 10 -6 0 10 -9 0 10 -9 -10 10
4 16 -6 -6 10 -9 -10 10 9 -10 10 6 -6 10
2 24 9 -10 10 -9 -10 10
4 16 2 5.6023 -4 0 6 -4 0 6 -8 2 5.6023 -8
4 16 0 6 -8 0 6 -4 -2 5.6023 -4 -2 5.6023 -8
2 24 2 5.6023 -4 2 5.6023 -8
2 24 -2 5.6023 -4 -2 5.6023 -8
2 24 -2 5.6023 -4 0 6 -4
2 24 0 6 -8 -2 5.6023 -8
2 24 2 5.6023 -8 0 6 -8
2 24 2 5.6023 -4 0 6 -4
5 24 0 6 -4 0 6 -8 2 5.6023 -4 -2 5.6023 -4
3 16 3.4444 8.3151 -10 6.364 6.364 -8 2.0001 8.603 -8
1 16 0 20 -8 -6.36396 0 6.36396 -6.36396 0 -6.36396 0 1 0 1-4edge.dat
1 16 0 0 -8 6.36396 0 -6.36396 6.36396 0 6.36396 0 1 0 1-16edge.dat
4 16 6.364 13.636 -8 6.364 6.364 -8 2.0001 8.603 -8 0 11 -8
2 24 6.364 13.636 -8 6.364 6.364 -8
2 24 3.4442 8.3152 -8 2.0001 8.603 -8
1 16 0 0 -8 -6.36396 0 6.36396 6.36396 0 6.36396 0 1 0 1-16edge.dat
4 16 -2.0001 8.603 -8 -6.364 6.364 -8 -6.364 13.636 -8 0 11 -8
2 24 -6.364 13.636 -8 -6.364 6.364 -8
2 24 -3.4442 8.3152 -8 -2.0001 8.603 -8
2 24 2.0001 8.603 -8 2 5.6023 -8
2 24 -2 5.6023 -8 -2.0001 8.603 -8
4 16 0 6 -8 -2 5.6023 -8 -2.0001 8.603 -8 0 11 -8
4 16 0 6 -8 0 11 -8 2.0001 8.603 -8 2 5.6023 -8
1 16 0 20 -4 -6.36396 0 6.36396 -6.36396 0 -6.36396 0 -1 0 1-4edge.dat
1 16 0 0 -4 6.36396 0 -6.36396 6.36396 0 6.36396 0 -1 0 1-16edge.dat
4 16 2.0001 8.603 -4 6.364 6.364 -4 6.364 13.636 -4 0 11 -4
2 24 6.364 13.636 -4 6.364 6.364 -4
2 24 3.4442 8.3152 -4 2.0001 8.603 -4
1 16 0 0 -4 -6.36396 0 6.36396 6.36396 0 6.36396 0 -1 0 1-16edge.dat
4 16 -6.364 13.636 -4 -6.364 6.364 -4 -2.0001 8.603 -4 0 11 -4
2 24 -6.364 13.636 -4 -6.364 6.364 -4
2 24 -3.4442 8.3152 -4 -2.0001 8.603 -4
2 24 2.0001 8.603 -4 2 5.6023 -4
2 24 -2 5.6023 -4 -2.0001 8.603 -4
4 16 -2.0001 8.603 -4 -2 5.6023 -4 0 6 -4 0 11 -4
4 16 2.0001 8.603 -4 0 11 -4 0 6 -4 2 5.6023 -4
1 16 0 -10 0 -13.57143 0 0 0 -150 0 0 0 13.57143 4-4cylc.dat
1 16 0 -160 0 -13.57143 0 0 0 1 0 0 0 13.57143 4-4disc.dat
