0 Technic Gear 22 Tooth Bevel with Peghole
0 Name: 69761.dat
0 Author: Jens Brühl [jb70]
0 !LDRAW_ORG Unofficial_Part
0 !LICENSE Redistributable under CCAL version 2.0 : see CAreadme.txt

0 BFC CERTIFY CCW

1 16 0 0 0 1 0 0 0 1 0 0 0 1 s\69761s01.dat
1 16 0 0 0 -.5 -.86603 0 .86603 -.5 0 0 0 1 s\69761s01.dat
1 16 0 0 0 -.5 .86603 0 -.86603 -.5 0 0 0 1 s\69761s01.dat
1 16 0 0 10 32.8 0 0 0 0 32.8 0 -1 0 48\4-4edge.dat
1 16 0 0 8 29.15 0 0 0 0 29.15 0 -1 0 48\4-4edge.dat
1 16 0 0 8 2.65 0 0 0 0 2.65 0 -1 0 48\4-4rin10.dat
0 BFC INVERTNEXT
1 16 0 0 10 3.64375 0 0 0 0 3.64375 0 -2 0 48\4-4con8.dat
0 BFC INVERTNEXT
1 16 0 0 8 26.5 0 0 0 0 26.5 0 -18 0 48\4-4cylo.dat
1 16 0 0 0 1 0 0 0 0 1 0 1 0 peghole.dat
1 16 0 0 10 1 0 0 0 0 1 0 -1 0 peghole.dat
0 BFC INVERTNEXT
1 16 0 0 2 6 0 0 0 0 6 0 6 0 4-4cyli.dat
1 16 0 0 0 4 0 0 0 0 4 0 1 0 4-4ring2.dat
1 16 0 0 10 1 0 0 0 0 1 0 -1 0 4-4ring8.dat
1 16 0 0 10 9 0 0 0 0 9 0 -6 0 4-4cylo.dat
1 16 0 0 4 3 0 0 0 0 3 0 -1 0 4-4ring3.dat
1 16 0 0 2 2 0 0 0 0 2 0 2 0 4-4con6.dat
1 16 0 0 2 14 0 0 0 0 14 0 1 0 4-4edge.dat
2 24 11.6109 1.9567 4 13.8703 .6522 2
2 24 -4.5 11.1052 4 -4.5 13.1052 2
2 24 13.4851 -2.5895 2 11.6911 -1.5537 4
2 24 11.6911 -1.5537 4 9 0 4
2 24 7.8633 4.1204 4 11.6109 1.9567 4
2 24 -7.5 9.1436 4 -7.5 11.5029 2
2 24 -4.7148 -11.3824 3.6801 -4.3027 -11.1444 4
2 24 -9.0868 -10.4424 2 -7.1928 -9.3489 4
2 24 -4.7148 -11.3824 3.6801 -6.3059 -12.301 2
2 24 -4.5 7.6096 4 -4.5 11.1052 4
2 24 -7.5 9.1436 4 -7.5 4.6639 4
2 24 -4.3518 -7.7086 4 -7.1928 -9.3489 4
2 24 -.4377 -8.913 4 -4.3027 -11.1444 4
2 24 4.5 13.1052 2 4.5 11.1052 4
2 24 7.5 9.1436 4 7.5 11.5029 2
2 24 -11.6911 -1.5537 4 -13.4851 -2.5895 2
2 24 -13.8703 .6522 2 -11.6109 1.9567 4
2 24 4.7148 -11.3824 3.6801 4.3027 -11.1444 4
2 24 9.0868 -10.4424 2 7.1928 -9.3489 4
2 24 4.7148 -11.3824 3.6801 6.3059 -12.301 2
2 24 4.5 7.6096 4 4.5 11.1052 4
2 24 7.5 4.6639 4 7.5 9.1436 4
2 24 -9 0 4 -11.6911 -1.5537 4
2 24 -11.6109 1.9567 4 -7.8633 4.1204 4
2 24 4.3518 -7.7086 4 7.1928 -9.3489 4
2 24 4.3027 -11.1444 4 .4377 -8.913 4
0 BFC INVERTNEXT
1 16 0 0 0 12 0 0 0 0 12 0 -3 0 4-4cylo.dat
1 16 0 0 -3 12 0 0 0 0 12 0 1 0 4-4ndis.dat
4 16 12 12 -3 -12 12 -3 -10.094 17.4834 -3 10.094 17.4834 -3
4 16 -12 -12 -3 12 -12 -3 10.094 -17.4834 -3 -10.094 -17.4834 -3
3 16 -10.094 17.4834 -3 -12 12 -3 -20.188 0 -3
3 16 -20.188 0 -3 -12 -12 -3 -10.094 -17.4834 -3
3 16 -12 12 -3 -12 -12 -3 -20.188 0 -3
3 16 12 12 -3 10.094 17.4834 -3 20.188 0 -3
3 16 12 -12 -3 20.188 0 -3 10.094 -17.4834 -3
3 16 12 -12 -3 12 12 -3 20.188 0 -3


1 16 0 0 -10 2.65 0 0 0 0 2.65 0 1 0 48\4-4rin10.dat
1 16 0 0 -10 29.15 0 0 0 0 29.15 0 -1 0 48\4-4edge.dat
1 16 0 0 -10 29.15 0 0 0 0 29.15 0 12.5 0 48\4-4cylo.dat
1 16 0 0 10 8.2 0 0 0 0 8.2 0 -1 0 48\4-4ring4.dat

1 16 0 0 0 1 0 0 0 1 0 0 0 1 s\69761s02.dat
1 16 0 0 0 .95949 -.28173 0 .28173 .95949 0 0 0 1 s\69761s02.dat
1 16 0 0 0 .84125 -.54064 0 .54064 .84125 0 0 0 1 s\69761s02.dat
1 16 0 0 0 .65486 -.75575 0 .75575 .65486 0 0 0 1 s\69761s02.dat
1 16 0 0 0 .41542 -.90963 0 .90963 .41542 0 0 0 1 s\69761s02.dat
1 16 0 0 0 .14231 -.98982 0 .98982 .14231 0 0 0 1 s\69761s02.dat
1 16 0 0 0 -.14231 -.98982 0 .98982 -.14231 0 0 0 1 s\69761s02.dat
1 16 0 0 0 -.41542 -.90963 0 .90963 -.41542 0 0 0 1 s\69761s02.dat
1 16 0 0 0 -.65486 -.75575 0 .75575 -.65486 0 0 0 1 s\69761s02.dat
1 16 0 0 0 -.84125 -.54064 0 .54064 -.84125 0 0 0 1 s\69761s02.dat
1 16 0 0 0 -.95949 -.28173 0 .28173 -.95949 0 0 0 1 s\69761s02.dat
1 16 0 0 0 -1 0 0 0 -1 0 0 0 1 s\69761s02.dat
1 16 0 0 0 -.95949 .28173 0 -.28173 -.95949 0 0 0 1 s\69761s02.dat
1 16 0 0 0 -.84125 .54064 0 -.54064 -.84125 0 0 0 1 s\69761s02.dat
1 16 0 0 0 -.65486 .75575 0 -.75575 -.65486 0 0 0 1 s\69761s02.dat
1 16 0 0 0 -.41542 .90963 0 -.90963 -.41542 0 0 0 1 s\69761s02.dat
1 16 0 0 0 -.14231 .98982 0 -.98982 -.14231 0 0 0 1 s\69761s02.dat
1 16 0 0 0 .14231 .98982 0 -.98982 .14231 0 0 0 1 s\69761s02.dat
1 16 0 0 0 .41542 .90963 0 -.90963 .41542 0 0 0 1 s\69761s02.dat
1 16 0 0 0 .65486 .75575 0 -.75575 .65486 0 0 0 1 s\69761s02.dat
1 16 0 0 0 .84125 .54064 0 -.54064 .84125 0 0 0 1 s\69761s02.dat
1 16 0 0 0 .95949 .28173 0 -.28173 .95949 0 0 0 1 s\69761s02.dat
