0 Slope Brick 45  2 x  4 x  1.333 Double, Wedge
0 Name: 80545.dat
0 Author: Gerald Lasser [GeraldLasser]
0 !LDRAW_ORG Unofficial_Part
0 !LICENSE Redistributable under CCAL version 2.0 : see CAreadme.txt

0 BFC CERTIFY CCW

4 16 20 24 20 16 24 16 -36 24 16 -40 24 20
4 16 -40 24 20 -36 24 16 -36 24 -16 -40 24 -20
4 16 -40 24 -20 -36 24 -16 16 24 -16 20 24 -20
4 16 20 24 -20 16 24 -16 16 24 16 20 24 20
1 16 -10 24 0 -26 0 0 0 -1 0 0 0 16 recte4.dat
1 16 -10 24 0 -30 0 0 0 -1 0 0 0 20 recte4.dat

1 16 -36 22.1 0 0 -1 0 -1.9 0 0 0 0 16 rect2p.dat
4 16 -36 24 -16 -36 20.2 -16 16 15 -16 16 24 -16
4 16 16 15 16 -36 20.2 16 -36 24 16 16 24 16
1 16 16 19.5 0 0 1 0 4.5 0 0 0 0 16 rect2p.dat
3 16 16 15 16 16 15 -16 16 -1 0
3 16 -36 20.2 16 -36 4.2 0 -36 20.2 -16
0 BFC INVERTNEXT
1 16 -10 17.6 0 -26 0 0 2.6 -8 -8 0 -8 8 box2-5.dat

1 16 -20 11.4 0 1 0 0 0 -3.15 0 0 0 1 stud4a.dat
0 BFC INVERTNEXT
1 16 -20 11.4 0 -6 0 0 0 -2.2 0 0 0 6 4-4cyli.dat
0 BFC INVERTNEXT
1 16 -20 9.2 0 -6 0 0 0 -.6 0 0 0 6 4-4cyls.dat
1 16 -20 11.4 0 -8 0 0 0 -.8 0 0 0 8 4-4cyls.dat
1 16 -20 2.6 0 6 0 0 -.6 1 6 0 0 6 2-4edge.dat
1 16 -20 2.6 0 6 0 0 -.6 1 6 0 0 -6 2-4edge.dat
1 16 -20 2.6 0 8 0 0 -.8 1 8 0 0 8 2-4edge.dat
1 16 -20 2.6 0 8 0 0 -.8 1 8 0 0 -8 2-4edge.dat
0 BFC INVERTNEXT
1 16 -20 8.6 0 0 0 6 0 -6 -.6 -6 0 0 1-4cyls.dat
0 BFC INVERTNEXT
1 16 -20 8.6 0 0 0 -6 0 -6 .6 -6 0 0 1-4cyls.dat
0 BFC INVERTNEXT
1 16 -20 8.6 0 0 0 6 0 -6 -.6 6 0 0 1-4cyls.dat
0 BFC INVERTNEXT
1 16 -20 8.6 0 0 0 -6 0 -6 .6 6 0 0 1-4cyls.dat

1 16 -20 10.6 0 0 0 8 0 -8 -.8 -8 0 0 1-4cyls.dat
1 16 -20 10.6 0 0 0 -8 0 -8 .8 -8 0 0 1-4cyls.dat
1 16 -20 10.6 0 0 0 8 0 -8 -.8 8 0 0 1-4cyls.dat
1 16 -20 10.6 0 0 0 -8 0 -8 .8 8 0 0 1-4cyls.dat

1 16 0 9.4 0 1 0 0 0 -3.65 0 0 0 1 stud4a.dat
0 BFC INVERTNEXT
1 16 0 9.4 0 -6 0 0 0 -2.2 0 0 0 6 4-4cyli.dat
0 BFC INVERTNEXT
1 16 0 7.2 0 -6 0 0 0 -.6 0 0 0 6 4-4cyls.dat
1 16 0 9.4 0 -8 0 0 0 -.8 0 0 0 8 4-4cyls.dat
1 16 0 .6 0 6 0 0 -.6 1 6 0 0 6 2-4edge.dat
1 16 0 .6 0 6 0 0 -.6 1 6 0 0 -6 2-4edge.dat
1 16 0 .6 0 8 0 0 -.8 1 8 0 0 8 2-4edge.dat
1 16 0 .6 0 8 0 0 -.8 1 8 0 0 -8 2-4edge.dat
0 BFC INVERTNEXT
1 16 0 6.6 0 0 0 6 0 -6 -.6 -6 0 0 1-4cyls.dat
0 BFC INVERTNEXT
1 16 0 6.6 0 0 0 -6 0 -6 .6 -6 0 0 1-4cyls.dat
0 BFC INVERTNEXT
1 16 0 6.6 0 0 0 6 0 -6 -.6 6 0 0 1-4cyls.dat
0 BFC INVERTNEXT
1 16 0 6.6 0 0 0 -6 0 -6 .6 6 0 0 1-4cyls.dat
0 BFC INVERTNEXT
1 16 0 6.6 0 6 0 0 -.6 2 0 0 0 6 4-4cyli.dat
1 16 0 8.6 0 0 0 8 0 -8 -.8 -8 0 0 1-4cyls.dat
1 16 0 8.6 0 0 0 -8 0 -8 .8 -8 0 0 1-4cyls.dat
1 16 0 8.6 0 0 0 8 0 -8 -.8 8 0 0 1-4cyls.dat
1 16 0 8.6 0 0 0 -8 0 -8 .8 8 0 0 1-4cyls.dat

4 16 40 16 -20 36 16 -16 36 16 16 40 16 20
4 16 36 16 -16 40 16 -20 20 16 -20 20 16 -16
4 16 36 16 16 20 16 16 20 16 20 40 16 20
3 16 20 16 -16 20 16 -20 20 24 -20
3 16 20 16 20 20 16 16 20 24 20
4 16 20 24 -20 20 24 20 20 16 16 20 16 -16
1 16 36 14.5 0 0 1 0 1.5 0 0 0 0 -16 rect2p.dat
3 16 20 -1.4 0 20 14.6 -16 20 14.6 16
3 16 36 -3 0 36 13 16 36 13 -16
1 16 20 15.3 0 0 -1 0 -.7 0 0 0 0 -16 rect2p.dat
4 16 20 16 -16 20 14.6 -16 36 13 -16 36 16 -16
4 16 20 14.6 16 20 16 16 36 16 16 30 13.6 16
3 16 36 13 16 30 13.6 16 36 16 16
1 16 28 16 0 0 0 8 0 -1 0 16 0 0 recte3.dat
1 16 30 16 0 0 0 10 0 -1 0 20 0 0 recte3.dat
2 24 20 16 -20 20 24 -20
2 24 20 16 20 20 24 20
1 16 40 14 0 0 -1 0 -2 0 0 0 0 -20 rect2p.dat

2 24 25.7574 12.2669 14.2426 27.7038 13.373 15.5434
2 24 25.7574 12.2669 14.2426 25.5663 12 13.9566
2 24 32.2962 12.9138 15.5434 30 13.6 16
2 24 30 13.6 16 27.7038 13.373 15.5434
2 24 32.2962 12.9138 15.5434 33.4855 12 14.7486
2 24 25.5663 12 13.9566 33.4855 12 14.7486
2 24 27.7038 12 15.5434 25.7574 12 14.2426
2 24 30 12 16 27.7038 12 15.5434
2 24 32.2962 12 15.5434 30 12 16
2 24 32.2962 12 15.5434 33.4855 12 14.7486
2 24 25.5663 12 13.9566 25.7574 12 14.2426
4 16 30 12 16 27.7038 12 15.5434 27.7038 13.373 15.5434 30 13.6 16
4 16 27.7038 12 15.5434 25.7574 12 14.2426 25.7574 12.2669 14.2426 27.7038 13.373 15.5434
4 16 32.2962 12 15.5434 30 12 16 30 13.6 16 32.2962 12.9138 15.5434
3 16 32.2962 12 15.5434 32.2962 12.9138 15.5434 33.4855 12 14.7486
3 16 25.7574 12 14.2426 25.5663 12 13.9566 25.7574 12.2669 14.2426
4 16 30 12 16 32.2962 12 15.5434 33.4855 12 14.7486 27.7038 12 15.5434
4 16 25.7574 12 14.2426 27.7038 12 15.5434 33.4855 12 14.7486 25.5663 12 13.9566

3 16 30 13.6 16 27.7038 13.373 15.5434 20 14.6 16
3 16 20 14.6 16 27.7038 13.373 15.5434 25.7574 12.2669 14.2426
3 16 20 14.6 16 25.7574 12.2669 14.2426 25.5663 12 13.9566
3 16 20 14.6 16 25.5663 12 13.9566 20 -1.4 0
3 16 20 -1.4 0 25.5663 12 13.9566 33.4855 12 14.7486
3 16 20 -1.4 0 33.4855 12 14.7486 36 -3 0
3 16 36 -3 0 33.4855 12 14.7486 36 13 16
3 16 36 13 16 33.4855 12 14.7486 32.2962 12.9138 15.5434
3 16 36 13 16 32.2962 12.9138 15.5434 30 13.6 16
2 24 30 13.6 16 20 14.6 16
2 24 30 13.6 16 36 13 16
2 24 36 13 16 36 -3 0
2 24 36 -3 0 20 -1.4 0
2 24 20 -1.4 0 20 14.6 16

2 24 25.7574 12.2669 -14.2426 27.7038 13.373 -15.5434
2 24 25.7574 12.2669 -14.2426 25.5663 12 -13.9566
2 24 32.2962 12.9138 -15.5434 30 13.6 -16
2 24 30 13.6 -16 27.7038 13.373 -15.5434
2 24 32.2962 12.9138 -15.5434 33.4855 12 -14.7486
2 24 25.5663 12 -13.9566 33.4855 12 -14.7486
2 24 27.7038 12 -15.5434 25.7574 12 -14.2426
2 24 30 12 -16 27.7038 12 -15.5434
2 24 32.2962 12 -15.5434 30 12 -16
2 24 32.2962 12 -15.5434 33.4855 12 -14.7486
2 24 25.5663 12 -13.9566 25.7574 12 -14.2426
4 16 27.7038 13.373 -15.5434 27.7038 12 -15.5434 30 12 -16 30 13.6 -16
4 16 25.7574 12.2669 -14.2426 25.7574 12 -14.2426 27.7038 12 -15.5434 27.7038 13.373 -15.5434
4 16 30 13.6 -16 30 12 -16 32.2962 12 -15.5434 32.2962 12.9138 -15.5434
3 16 32.2962 12.9138 -15.5434 32.2962 12 -15.5434 33.4855 12 -14.7486
3 16 25.5663 12 -13.9566 25.7574 12 -14.2426 25.7574 12.2669 -14.2426
4 16 33.4855 12 -14.7486 32.2962 12 -15.5434 30 12 -16 27.7038 12 -15.5434
4 16 33.4855 12 -14.7486 27.7038 12 -15.5434 25.7574 12 -14.2426 25.5663 12 -13.9566

3 16 27.7038 13.373 -15.5434 30 13.6 -16 20 14.6 -16
3 16 27.7038 13.373 -15.5434 20 14.6 -16 25.7574 12.2669 -14.2426
3 16 25.7574 12.2669 -14.2426 20 14.6 -16 25.5663 12 -13.9566
3 16 25.5663 12 -13.9566 20 14.6 -16 20 -1.4 0
3 16 25.5663 12 -13.9566 20 -1.4 0 33.4855 12 -14.7486
3 16 33.4855 12 -14.7486 20 -1.4 0 36 -3 0
3 16 33.4855 12 -14.7486 36 -3 0 36 13 -16
3 16 33.4855 12 -14.7486 36 13 -16 32.2962 12.9138 -15.5434
3 16 32.2962 12.9138 -15.5434 36 13 -16 30 13.6 -16
2 24 30 13.6 -16 20 14.6 -16
2 24 30 13.6 -16 36 13 -16
2 24 36 13 -16 36 -3 0
2 24 20 -1.4 0 20 14.6 -16

5 24 25.7574 12 -14.2426 25.7574 12.2669 -14.2426 25.5663 12 -13.9566 27.7038 12 -15.5434
5 24 27.7038 12 -15.5434 27.7038 13.373 -15.5434 30 12 -16 25.7574 12.2669 -14.2426
5 24 30 13.6 -16 30 12 -16 32.2962 12 -15.5434 27.7038 13.373 -15.5434
5 24 32.2962 12.9138 -15.5434 32.2962 12 -15.5434 33.4855 12 -14.7486 30 13.6 -16
5 24 32.2962 12 15.5434 32.2962 12.9138 15.5434 33.4855 12 14.7486 30 12 16
5 24 27.7038 12 15.5434 27.7038 13.373 15.5434 30 13.6 16 25.7574 12 14.2426
5 24 25.7574 12.2669 14.2426 25.7574 12 14.2426 27.7038 13.373 15.5434 25.5663 12 13.9566
5 24 30 13.6 16 30 12 16 32.2962 12.9138 15.5434 27.7038 12 15.5434 
0 // Raised 2-4 Stud 4
0 BFC INVERTNEXT
1 16 20 6.6 0 0 0 6 0 -2 0 6 0 0 2-4cyli.dat
0 BFC INVERTNEXT
1 16 20 4.6 0 -6 0 0 0 -.6 0 0 0 6 1-4cyls2.dat
0 BFC INVERTNEXT
1 16 20 4.6 0 -6 0 0 0 -.6 0 0 0 -6 1-4cyls2.dat
1 16 20 6.6 0 -8 0 0 0 -.8 0 0 0 8 1-4cyls2.dat
1 16 20 6.6 0 -8 0 0 0 -.8 0 0 0 -8 1-4cyls2.dat
1 16 20 16 0 0 0 6 0 -1 0 -6 0 0 2-4edge.dat
1 16 20 16 0 0 0 8 0 -1 0 -8 0 0 2-4edge.dat
0 BFC INVERTNEXT
1 16 20 6.6 0 0 0 6 0 9.4 0 -6 0 0 2-4cyli.dat
1 16 20 6.6 0 0 0 8 0 9.4 0 -8 0 0 2-4cyli.dat
1 16 20 16 0 0 0 2 0 -1 0 -2 0 0 2-4ring3.dat

1 16 20 -1.4 0 6 0 0 -.6 1 6 0 0 6 1-4edge.dat
1 16 20 -1.4 0 6 0 0 -.6 1 6 0 0 -6 1-4edge.dat
1 16 20 -1.4 0 8 0 0 -.8 1 8 0 0 8 1-4edge.dat
1 16 20 -1.4 0 8 0 0 -.8 1 8 0 0 -8 1-4edge.dat
0 BFC INVERTNEXT
1 16 20 4.6 0 0 0 6 0 -6 -.6 -6 0 0 1-4cyls.dat
0 BFC INVERTNEXT
1 16 20 4.6 0 0 0 6 0 -6 -.6 6 0 0 1-4cyls.dat
1 16 20 6.6 0 0 0 8 0 -8 -.8 -8 0 0 1-4cyls.dat
1 16 20 6.6 0 0 0 8 0 -8 -.8 8 0 0 1-4cyls.dat
2 24 20 6.6 -8 20 16 -8
2 24 20 4.6 -6 20 16 -6
2 24 20 16 -8 20 16 -6
2 24 20 16 6 20 16 8
2 24 20 16 6 20 4.6 6
2 24 20 6.6 8 20 16 8

0 // Outside
3 16 40 12 20 40 -8 0 40 12 -20
3 16 -40 20 20 -40 20 -20 -40 0 0
1 16 0 16 0 -40 0 0 4 -10 -10 0 -10 10 box2-5.dat
1 16 -40 22 0 0 1 0 -2 0 0 0 0 20 rect2p.dat

3 16 40 16 -20 40 12 -20 20 16 -20
3 16 20 24 -20 20 16 -20 -40 24 -20
4 16 -40 20 -20 -40 24 -20 20 16 -20 40 12 -20
4 16 -40 20 20 40 12 20 20 16 20 -40 24 20
3 16 -40 24 20 20 16 20 20 24 20
3 16 40 12 20 40 16 20 20 16 20
