0 Sticker  0.6 x  2.6 with White "ATLANTIC" on Transparent Background
0 Name: 820673g.dat
0 Author: Takeshi Takahashi [RainbowDolphin]
0 !LDRAW_ORG Unofficial_Part
0 !LICENSE Redistributable under CCAL version 2.0 : see CAreadme.txt

0 BFC CERTIFY CCW

0 !KEYWORDS Set 6542, Ship, Harbour, Seaport

1 16 0 -0.25 0 26 0 0 0 0.25 0 0 0 6 box5-12.dat
0 BFC NOCLIP
3 15 -22.13 -0.25 -2.05 -24.12 -0.25 -3.5 -22.59 -0.25 -3.5
4 15 -21.61 -0.25 3.53 -24.12 -0.25 -3.5 -21.75 -0.25 -0.87 -20.77 -0.25 2.12
4 15 -19.8 -0.25 -0.87 -21.75 -0.25 -0.87 -22.13 -0.25 -2.05 -19.4 -0.25 -2.05
3 15 -21.75 -0.25 -0.87 -24.12 -0.25 -3.5 -22.13 -0.25 -2.05
3 15 -19.4 -0.25 -2.05 -18.93 -0.25 -3.5 -17.41 -0.25 -3.5
4 15 -19.8 -0.25 -0.87 -19.4 -0.25 -2.05 -17.41 -0.25 -3.5 -19.94 -0.25 3.53
3 15 -19.94 -0.25 3.53 -20.77 -0.25 2.12 -19.8 -0.25 -0.87
3 15 -19.94 -0.25 3.53 -21.61 -0.25 3.53 -20.77 -0.25 2.12
4 15 -15.23 -0.25 2.28 -11.71 -0.25 3.53 -17.31 -0.25 3.53 -17.31 -0.25 2.28
4 15 -15.23 -0.25 2.28 -15.23 -0.25 -3.5 -13.78 -0.25 -3.5 -13.78 -0.25 2.28
3 15 -11.71 -0.25 3.53 -13.78 -0.25 2.28 -11.71 -0.25 2.28
3 15 -11.71 -0.25 3.53 -15.23 -0.25 2.28 -13.78 -0.25 2.28
4 15 -10.87 -0.25 3.53 -10.87 -0.25 -3.5 -9.43 -0.25 -2.2 -9.43 -0.25 3.53
4 15 -9.43 -0.25 -2.2 -10.87 -0.25 -3.5 -6 -0.25 -3.5 -6 -0.25 -2.2
4 15 -5.93 -0.25 -3.5 -4.41 -0.25 -3.5 -3.94 -0.25 -2.05 -3.56 -0.25 -0.87
4 15 -3.43 -0.25 3.53 -5.93 -0.25 -3.5 -3.56 -0.25 -0.87 -2.59 -0.25 2.12
4 15 -1.61 -0.25 -0.87 -3.56 -0.25 -0.87 -3.94 -0.25 -2.05 -1.22 -0.25 -2.05
3 15 -1.22 -0.25 -2.05 -0.74 -0.25 -3.5 0.78 -0.25 -3.5
4 15 -1.61 -0.25 -0.87 -1.22 -0.25 -2.05 0.78 -0.25 -3.5 -1.76 -0.25 3.53
3 15 -1.76 -0.25 3.53 -2.59 -0.25 2.12 -1.61 -0.25 -0.87
3 15 -1.76 -0.25 3.53 -3.43 -0.25 3.53 -2.59 -0.25 2.12
4 15 1.5 -0.25 -3.5 2.93 -0.25 -3.5 2.93 -0.25 1.33 1.5 -0.25 3.53
4 15 3.02 -0.25 3.53 1.5 -0.25 3.53 2.93 -0.25 1.33 5.87 -0.25 -1.3
4 15 5.87 -0.25 -1.3 5.8 -0.25 -3.5 7.3 -0.25 -3.5 7.3 -0.25 3.53
3 15 7.3 -0.25 3.53 5.87 -0.25 3.53 5.87 -0.25 -1.3
3 15 2.93 -0.25 1.33 5.8 -0.25 -3.5 5.87 -0.25 -1.3
4 15 10.21 -0.25 2.28 13.73 -0.25 3.53 8.119 -0.25 3.53 8.119 -0.25 2.28
4 15 10.21 -0.25 2.28 10.21 -0.25 -3.5 11.65 -0.25 -3.5 11.65 -0.25 2.28
3 15 13.73 -0.25 3.53 11.65 -0.25 2.28 13.73 -0.25 2.28
3 15 13.73 -0.25 3.53 10.21 -0.25 2.28 11.65 -0.25 2.28
4 15 14.61 -0.25 3.53 14.61 -0.25 -3.5 16.05 -0.25 -3.5 16.05 -0.25 3.53
4 15 19.24 -0.25 -1.76 17.65 -0.25 -1.99 18.14 -0.25 -2.72 18.79 -0.25 -3.26
4 15 18.96 -0.25 -1.29 18.8 -0.25 -0.7 17.36 -0.25 -1.07 17.65 -0.25 -1.99
4 15 17.27 -0.25 0.01 17.36 -0.25 -1.07 18.8 -0.25 -0.7 18.74 -0.25 0.01
4 15 20.64 -0.25 -2.39 19.6 -0.25 -3.59 20.56 -0.25 -3.7 21.41 -0.25 -3.62
4 15 19.6 -0.25 -3.59 20.64 -0.25 -2.39 19.84 -0.25 -2.23 18.79 -0.25 -3.26
3 15 18.96 -0.25 -1.29 17.65 -0.25 -1.99 19.24 -0.25 -1.76
3 15 19.24 -0.25 -1.76 18.79 -0.25 -3.26 19.84 -0.25 -2.23
4 15 18.8 -0.25 0.74 17.37 -0.25 1.11 17.27 -0.25 0.01 18.74 -0.25 0.01
4 15 17.66 -0.25 2.029 17.37 -0.25 1.11 18.96 -0.25 1.34 19.24 -0.25 1.81
4 15 18.15 -0.25 2.76 17.66 -0.25 2.029 19.24 -0.25 1.81 18.83 -0.25 3.29
4 15 19.85 -0.25 2.27 19.67 -0.25 3.61 18.83 -0.25 3.29 19.24 -0.25 1.81
4 15 19.67 -0.25 3.61 19.85 -0.25 2.27 20.69 -0.25 2.43 20.69 -0.25 3.72
3 15 18.96 -0.25 1.34 17.37 -0.25 1.11 18.8 -0.25 0.74
4 15 21.24 -0.25 -2.3 21.41 -0.25 -3.62 22.14 -0.25 -3.38 21.72 -0.25 -2.05
4 15 22.76 -0.25 -2.99 22.07 -0.25 -1.64 21.72 -0.25 -2.05 22.14 -0.25 -3.38
3 15 21.24 -0.25 -2.3 20.64 -0.25 -2.39 21.41 -0.25 -3.62
4 15 22.07 -0.25 -1.64 23.24 -0.25 -2.46 23.55 -0.25 -1.83 22.27 -0.25 -1.08
3 15 23.69 -0.25 -1.08 22.27 -0.25 -1.08 23.55 -0.25 -1.83
3 15 22.07 -0.25 -1.64 22.76 -0.25 -2.99 23.24 -0.25 -2.46
4 15 21.3 -0.25 2.35 22.24 -0.25 3.42 21.53 -0.25 3.64 20.69 -0.25 2.43
3 15 20.69 -0.25 3.72 20.69 -0.25 2.43 21.53 -0.25 3.64
4 15 22.24 -0.25 3.42 21.3 -0.25 2.35 21.76 -0.25 2.11 22.82 -0.25 3.06
4 15 23.55 -0.25 1.94 22.08 -0.25 1.73 22.25 -0.25 1.2 23.68 -0.25 1.2
4 15 22.08 -0.25 1.73 23.55 -0.25 1.94 23.26 -0.25 2.56 22.82 -0.25 3.06
3 15 22.82 -0.25 3.06 21.76 -0.25 2.11 22.08 -0.25 1.73
0 BFC CLIP
3 16 -22.59 -0.25 -3.5 -24.12 -0.25 -3.5 -26 -0.25 -6
4 16 -22.59 -0.25 -3.5 -26 -0.25 -6 -18.93 -0.25 -3.5 -19.4 -0.25 -2.05
4 16 -26 -0.25 6 -26 -0.25 -6 -24.12 -0.25 -3.5 -21.61 -0.25 3.53
3 16 -17.41 -0.25 -3.5 -18.93 -0.25 -3.5 -26 -0.25 -6
3 16 -15.23 -0.25 -3.5 -17.41 -0.25 -3.5 -26 -0.25 -6
4 16 -17.31 -0.25 2.28 -19.94 -0.25 3.53 -17.41 -0.25 -3.5 -15.23 -0.25 -3.5
3 16 -13.78 -0.25 -3.5 -15.23 -0.25 -3.5 -26 -0.25 -6
3 16 -19.4 -0.25 -2.05 -22.13 -0.25 -2.05 -22.59 -0.25 -3.5
3 16 -6 -0.25 -3.5 -10.87 -0.25 -3.5 -26 -0.25 -6
4 16 -6 -0.25 -2.2 -6 -0.25 -3.5 -5.93 -0.25 -3.5 -3.43 -0.25 3.53
4 16 -11.71 -0.25 2.28 -13.78 -0.25 -3.5 -10.87 -0.25 -3.5 -10.87 -0.25 3.53
3 16 -10.87 -0.25 -3.5 -13.78 -0.25 -3.5 -26 -0.25 -6
4 16 -9.43 -0.25 3.53 -9.43 -0.25 -2.2 -6 -0.25 -2.2 -3.43 -0.25 3.53
3 16 -5.93 -0.25 -3.5 -6 -0.25 -3.5 -26 -0.25 -6
3 16 -4.41 -0.25 -3.5 -5.93 -0.25 -3.5 -26 -0.25 -6
4 16 -0.74 -0.25 -3.5 -4.41 -0.25 -3.5 -26 -0.25 -6 26 -0.25 -6
4 16 -4.41 -0.25 -3.5 -0.74 -0.25 -3.5 -1.22 -0.25 -2.05 -3.94 -0.25 -2.05
4 16 0.78 -0.25 -3.5 1.5 -0.25 -3.5 1.5 -0.25 3.53 -1.76 -0.25 3.53
3 16 1.5 -0.25 -3.5 0.78 -0.25 -3.5 26 -0.25 -6
3 16 2.93 -0.25 -3.5 1.5 -0.25 -3.5 26 -0.25 -6
3 16 0.78 -0.25 -3.5 -0.74 -0.25 -3.5 26 -0.25 -6
4 16 7.3 -0.25 -3.5 10.21 -0.25 -3.5 8.119 -0.25 2.28 7.3 -0.25 3.53
3 16 10.21 -0.25 -3.5 7.3 -0.25 -3.5 26 -0.25 -6
3 16 11.65 -0.25 -3.5 10.21 -0.25 -3.5 26 -0.25 -6
3 16 7.3 -0.25 -3.5 5.8 -0.25 -3.5 26 -0.25 -6
3 16 5.8 -0.25 -3.5 2.93 -0.25 -3.5 26 -0.25 -6
3 16 2.93 -0.25 1.33 2.93 -0.25 -3.5 5.8 -0.25 -3.5
3 16 -20.77 -0.25 2.12 -21.75 -0.25 -0.87 -19.8 -0.25 -0.87
3 16 -15.23 -0.25 2.28 -17.31 -0.25 2.28 -15.23 -0.25 -3.5
3 16 -26 -0.25 6 -21.61 -0.25 3.53 -19.94 -0.25 3.53
3 16 -26 -0.25 6 -19.94 -0.25 3.53 -17.31 -0.25 3.53
3 16 -17.31 -0.25 3.53 -19.94 -0.25 3.53 -17.31 -0.25 2.28
3 16 -26 -0.25 6 -11.71 -0.25 3.53 -10.87 -0.25 3.53
3 16 -10.87 -0.25 3.53 -11.71 -0.25 3.53 -11.71 -0.25 2.28
3 16 -26 -0.25 6 -17.31 -0.25 3.53 -11.71 -0.25 3.53
3 16 -26 -0.25 6 -10.87 -0.25 3.53 -9.43 -0.25 3.53
3 16 -11.71 -0.25 2.28 -13.78 -0.25 2.28 -13.78 -0.25 -3.5
3 16 -2.59 -0.25 2.12 -3.56 -0.25 -0.87 -1.61 -0.25 -0.87
3 16 5.87 -0.25 3.53 3.02 -0.25 3.53 5.87 -0.25 -1.3
3 16 10.21 -0.25 2.28 8.119 -0.25 2.28 10.21 -0.25 -3.5
3 16 -26 -0.25 6 -3.43 -0.25 3.53 -1.76 -0.25 3.53
4 16 -26 -0.25 6 -1.76 -0.25 3.53 1.5 -0.25 3.53 26 -0.25 6
3 16 26 -0.25 6 1.5 -0.25 3.53 3.02 -0.25 3.53
3 16 26 -0.25 6 5.87 -0.25 3.53 7.3 -0.25 3.53
3 16 8.119 -0.25 3.53 7.3 -0.25 3.53 8.119 -0.25 2.28
3 16 26 -0.25 6 3.02 -0.25 3.53 5.87 -0.25 3.53
3 16 -26 -0.25 6 -9.43 -0.25 3.53 -3.43 -0.25 3.53
3 16 26 -0.25 6 7.3 -0.25 3.53 8.119 -0.25 3.53
4 16 16.05 -0.25 -3.5 17.36 -0.25 -1.07 17.27 -0.25 0.01 16.05 -0.25 3.53
4 16 26 -0.25 -6 19.6 -0.25 -3.59 16.05 -0.25 -3.5 14.61 -0.25 -3.5
3 16 18.14 -0.25 -2.72 16.05 -0.25 -3.5 18.79 -0.25 -3.26
3 16 17.65 -0.25 -1.99 16.05 -0.25 -3.5 18.14 -0.25 -2.72
3 16 18.79 -0.25 -3.26 16.05 -0.25 -3.5 19.6 -0.25 -3.59
3 16 17.36 -0.25 -1.07 16.05 -0.25 -3.5 17.65 -0.25 -1.99
4 16 20.64 -0.25 -2.39 18.96 -0.25 -1.29 19.24 -0.25 -1.76 19.84 -0.25 -2.23
4 16 18.8 -0.25 -0.7 18.96 -0.25 -1.29 22.27 -0.25 -1.08 18.74 -0.25 0.01
3 16 21.41 -0.25 -3.62 20.56 -0.25 -3.7 26 -0.25 -6
3 16 22.14 -0.25 -3.38 21.41 -0.25 -3.62 26 -0.25 -6
3 16 23.24 -0.25 -2.46 22.76 -0.25 -2.99 26 -0.25 -6
3 16 22.76 -0.25 -2.99 22.14 -0.25 -3.38 26 -0.25 -6
3 16 23.55 -0.25 -1.83 23.24 -0.25 -2.46 26 -0.25 -6
3 16 19.6 -0.25 -3.59 26 -0.25 -6 20.56 -0.25 -3.7
4 16 22.27 -0.25 -1.08 20.64 -0.25 -2.39 21.24 -0.25 -2.3 22.07 -0.25 -1.64
3 16 22.07 -0.25 -1.64 21.24 -0.25 -2.3 21.72 -0.25 -2.05
4 16 18.74 -0.25 0.01 22.27 -0.25 -1.08 22.25 -0.25 1.2 18.8 -0.25 0.74
3 16 23.69 -0.25 -1.08 23.55 -0.25 -1.83 26 -0.25 -6
3 16 22.27 -0.25 -1.08 18.96 -0.25 -1.29 20.64 -0.25 -2.39
4 16 23.68 -0.25 1.2 23.69 -0.25 -1.08 26 -0.25 -6 26 -0.25 6
3 16 14.61 -0.25 -3.5 11.65 -0.25 -3.5 26 -0.25 -6
4 16 22.27 -0.25 -1.08 23.69 -0.25 -1.08 23.68 -0.25 1.2 22.25 -0.25 1.2
4 16 13.73 -0.25 2.28 11.65 -0.25 2.28 11.65 -0.25 -3.5 14.61 -0.25 -3.5
3 16 16.05 -0.25 3.53 17.27 -0.25 0.01 17.37 -0.25 1.11
3 16 16.05 -0.25 3.53 17.37 -0.25 1.11 17.66 -0.25 2.029
4 16 19.85 -0.25 2.27 19.24 -0.25 1.81 18.96 -0.25 1.34 20.69 -0.25 2.43
4 16 18.96 -0.25 1.34 18.8 -0.25 0.74 22.25 -0.25 1.2 20.69 -0.25 2.43
4 16 14.61 -0.25 3.53 13.73 -0.25 3.53 13.73 -0.25 2.28 14.61 -0.25 -3.5
3 16 26 -0.25 6 13.73 -0.25 3.53 14.61 -0.25 3.53
3 16 16.05 -0.25 3.53 18.15 -0.25 2.76 18.83 -0.25 3.29
4 16 26 -0.25 6 14.61 -0.25 3.53 16.05 -0.25 3.53 19.67 -0.25 3.61
3 16 19.67 -0.25 3.61 16.05 -0.25 3.53 18.83 -0.25 3.29
3 16 16.05 -0.25 3.53 17.66 -0.25 2.029 18.15 -0.25 2.76
4 16 22.08 -0.25 1.73 21.76 -0.25 2.11 21.3 -0.25 2.35 22.25 -0.25 1.2
3 16 20.69 -0.25 2.43 22.25 -0.25 1.2 21.3 -0.25 2.35
3 16 26 -0.25 6 23.55 -0.25 1.94 23.68 -0.25 1.2
3 16 26 -0.25 6 20.69 -0.25 3.72 21.53 -0.25 3.64
3 16 26 -0.25 6 22.82 -0.25 3.06 23.26 -0.25 2.56
3 16 26 -0.25 6 21.53 -0.25 3.64 22.24 -0.25 3.42
3 16 26 -0.25 6 22.24 -0.25 3.42 22.82 -0.25 3.06
3 16 26 -0.25 6 23.26 -0.25 2.56 23.55 -0.25 1.94
3 16 26 -0.25 6 19.67 -0.25 3.61 20.69 -0.25 3.72
3 16 26 -0.25 6 8.119 -0.25 3.53 13.73 -0.25 3.53
