0 Minifig Metal Detector without Stud on Search Head (Needs Work)
0 Name: 93106.dat
0 Author: Evert-Jan Boer [ejboer]
0 !LDRAW_ORG Unofficial_Part
0 !LICENSE Redistributable under CCAL version 2.0 : see CAreadme.txt

0 BFC CERTIFY CCW

0 !CATEGORY Minifig Accessory

0 !HISTORY 2021-02-06 [ejboer] Based on 4479a

0 // Needs Work: Angle in Arm

1 16 0 -2 0 4 0 0 0 2 0 0 0 4 4-4cylc.dat
1 16 20 -2 0 4 0 0 0 2 0 0 0 4 4-4cylc.dat
1 16 0 27 0 4 0 0 0 -11 0 0 0 4 4-4cylc.dat
1 16 10 8 -6 20 0 0 0 0 8 0 12 0 box4.dat
1 16 30 8 0 0 -1 0 1 0 0 0 0 1 stud2.dat
0 BFC INVERTNEXT
1 16 2 8 6 7.5 0 0 0 0 5 0 -4 0 box5.dat
0 BFC INVERTNEXT
1 16 2 8 -6 7.5 0 0 0 0 5 0 4 0 box5.dat
4 16 -10 0 6 -5.5 3 6 -5.5 13 6 -10 16 6
4 16 -10 0 -6 -10 16 -6 -5.5 13 -6 -5.5 3 -6
4 16 -10 0 -6 -5.5 3 -6 9.5 3 -6 14 2 -6
4 16 -10 0 6 30 0 6 26 2 6 14 2 6
4 16 -10 16 6 14 14 6 26 14 6 30 16 6
4 16 -10 16 -6 30 16 -6 26 14 -6 14 14 -6
4 16 30 0 6 30 16 6 26 14 6 26 2 6
4 16 30 0 -6 26 2 -6 26 14 -6 30 16 -6
1 16 20 8 6 1 0 0 0 0 1 0 -1 0 stud2a.dat
1 16 20 8 -6 1 0 0 0 0 1 0 1 0 stud2a.dat
1 16 20 8 6 6 0 0 0 0 6 0 -1 0 4-4edge.dat
1 16 20 8 -6 6 0 0 0 0 6 0 -1 0 4-4edge.dat
1 16 20 8 6 6 0 0 0 0 6 0 -1 0 4-4ndis.dat
1 16 20 8 -6 -6 0 0 0 0 6 0 1 0 4-4ndis.dat
0 BFC INVERTNEXT
1 16 20 8 -6 3 0 0 0 0 3 0 12 0 4-4cylo.dat
1 16 20 8 -6 1 0 0 0 0 1 0 1 0 4-4ring3.dat
1 16 20 8 -6 4 0 0 0 0 4 0 1 0 4-4edge.dat
1 16 20 8 6 1 0 0 0 0 1 0 -1 0 4-4ring3.dat
1 16 20 8 6 4 0 0 0 0 4 0 1 0 4-4edge.dat
1 16 -10 8 0 0 1 0 0 0 4 4 0 0 4-4edge.dat
1 16 -10 8 0 0 -21 0 0 0 4 4 0 0 4-4cyli.dat

1 16 -31 8 0 0 -16 0 1.53073 0 -3.69552 3.69552 0 1.53073 5-8cyli.dat
1 16 -31 8 0 0 -25.92 0 4 0 0 0 0 4 3-16cyls.dat
1 16 -31 8 0 0 -25.92 0 4 0 0 0 0 -4 3-16cyls.dat
1 16 -56.92 8 0 25.92 -1 0 4 0 0 0 0 4 3-16edge.dat
1 16 -56.92 8 0 25.92 1 0 4 0 0 0 0 4 3-16chrd.dat
1 16 -56.92 8 0 25.92 -1 0 4 0 0 0 0 -4 3-16edge.dat
1 16 -56.92 8 0 25.92 1 0 4 0 0 0 0 -4 3-16chrd.dat
4 16 9.5 13 -6 -5.5 13 -6 -10 16 -6 14 14 -6
4 16 9.5 13 -6 14 14 -6 14 2 -6 9.5 3 -6
4 16 -10 0 -6 14 2 -6 26 2 -6 30 0 -6
4 16 14 2 6 9.5 3 6 -5.5 3 6 -10 0 6
4 16 9.5 3 6 14 2 6 14 14 6 9.5 13 6
4 16 9.5 13 6 14 14 6 -10 16 6 -5.5 13 6

1 16 -51.5653 -4.13 0 7.23277 -3.31615 -2.99592 10.72303 2.23677 -4.44163 5.35757 0 12.93431 7-8cylo.dat
1 16 -51.5653 -4.13 0 7.8287 -0.82904 0 11.60653 0.55919 0 0 0 14 4-4disc.dat
1 16 -54.8815 -1.8932 0 7.23277 0.82904 -2.99592 10.72303 -0.55919 -4.44163 5.35757 0 12.93431 7-8disc.dat
2 24 -44.416 6.4693 3.6955 -44.1561 6.8547 3.7722
2 24 -46.0816 3.9999 0 -45.8762 4.3045 1.5307
2 24 -45.2913 5.1715 2.8285 -44.416 6.4693 3.6955
2 24 -45.2913 5.1715 2.8285 -45.8762 4.3045 1.5307
2 24 -45.8761 4.3045 -1.5307 -46.0816 3.9999 0
2 24 -44.416 6.4693 -3.6955 -44.1561 6.8547 -3.7722
2 24 -45.2914 5.1715 -2.8285 -45.8761 4.3045 -1.5307
2 24 -45.2914 5.1715 -2.8285 -44.416 6.4693 -3.6955

3 16 -47.6487 8.8298 5.3576 -47.6488 8.8297 -5.3575 -54.8815 -1.8932 0
3 16 -47 9.5308 -3.6956 -47 9.5308 3.6956 -31 12 0
4 16 -47 9.5308 3.6956 -47 9.5308 -3.6956 -47.6488 8.8297 -5.3575 -47.6487 8.8298 5.3576
2 24 -45.5946 8 4 -46.9998 9.5302 3.6956
2 24 -45.5946 8 4 -44.1562 6.8548 3.7722
2 24 -44.1561 6.8547 -3.7722 -45.5947 8 -4
2 24 -45.5947 8 -4 -46.9996 9.53 -3.6956
3 16 -44.1562 6.8548 3.7722 -45.5946 8 4 -44.3325 6.593 5.3576
3 16 -44.3325 6.593 5.3576 -45.5946 8 4 -47.6487 8.8298 5.3576
3 16 -47.6487 8.8298 5.3576 -45.5946 8 4 -47 9.5308 3.6956
3 16 -44.1561 6.8547 -3.7722 -44.3326 6.5929 -5.3575 -45.5947 8 -4
3 16 -45.5947 8 -4 -44.3326 6.5929 -5.3575 -47.6488 8.8297 -5.3575
3 16 -45.5947 8 -4 -47.6488 8.8297 -5.3575 -47 9.5308 -3.6956

5 24 -47.6487 8.8298 5.3576 -47.6488 8.8297 -5.3575 -47 9.5308 3.6956 -54.8815 -1.8932 0
5 24 -47.6487 8.8298 5.3576 -45.5946 8 4 -47 9.5308 3.6956 -44.3325 6.593 5.3576
5 24 -45.5947 8 -4 -47.6488 8.8297 -5.3575 -44.3326 6.5929 -5.3575 -47 9.5308 -3.6956
5 24 -47 9.5308 -3.6956 -47 9.5308 3.6956 -47.6488 8.8297 -5.3575 -31 12 0
5 24 -44.3325 6.593 5.3576 -45.5946 8 4 -47.6487 8.8298 5.3576 -44.1562 6.8548 3.7722
2 24 -47.6488 8.8297 -5.3575 -47 9.5308 -3.6956
5 24 -45.5947 8 -4 -44.3326 6.5929 -5.3575 -44.1561 6.8547 -3.7722 -47.6488 8.8297 -5.3575
2 24 -47 9.5308 3.6956 -47.6487 8.8298 5.3576
2 24 -44.3326 6.5929 -5.3575 -44.1561 6.8547 -3.7722
2 24 -44.3325 6.593 5.3576 -44.1562 6.8548 3.7722
