0 Mursten Brick 10 x 20 with Cross Support and 4 Rounded Side Supports
0 Name: u8010.dat
0 Author: J.C. Tchang [tchang]
0 !LDRAW_ORG Unofficial_Part
0 !LICENSE Redistributable under CCAL version 2.0 : see CAreadme.txt

0 BFC CERTIFY CCW

0 !CATEGORY Brick
0 !KEYWORDS Automatic Binding Brick, Lego Mursten

0 !HISTORY 2012-08-09 [PTadmin] Official Update 2012-02
0 !HISTORY 2021-07-27 [MagFors] Studs without logo, subfiled


1 16 0 0 0 1 0 0 0 1 0 0 0 1 s\u8010s01.dat
0 BFC INVERTNEXT
1 16 0 24 0 196 0 0 0 -20 0 0 0 96 box4.dat

1 16 0 20 0 9.80785 0 1.9509 0 -16 0 -1.9509 0 9.80785 4-4cylc.dat
1 16 -106 4 0 90 0 0 0 18 0 0 0 2 box3u5p.dat
1 16 106 4 0 -90 0 0 0 18 0 0 0 -2 box3u5p.dat
1 16 0 4 56 0 0 -2 0 18 0 -40 0 0 box3u5p.dat
1 16 0 4 -56 0 0 2 0 18 0 40 0 0 box3u5p.dat

4 16 1.9509 20 9.8078 -1.9509 20 9.8078 -2 22 16 2 22 16
4 16 2 22 16 2 4 16 1.9509 4 9.8078 1.9509 20 9.8078
4 16 -1.9509 20 9.8078 -1.9509 4 9.8078 -2 4 16 -2 22 16
2 24 -2 22 16 2 22 16
2 24 1.9509 20 9.8078 2 22 16
2 24 -1.9509 20 9.8078 -2 22 16
2 24 1.9509 20 9.8078 1.9509 4 9.8078
2 24 -1.9509 20 9.8078 -1.9509 4 9.8078
2 24 2 4 16 1.9509 4 9.8078
2 24 -2 4 16 -1.9509 4 9.8078

4 16 -9.8078 20 1.9509 -9.8078 20 -1.9509 -16 22 -2 -16 22 2
4 16 -16 22 2 -16 4 2 -9.8078 4 1.9509 -9.8078 20 1.9509
4 16 -9.8078 20 -1.9509 -9.8078 4 -1.9509 -16 4 -2 -16 22 -2
2 24 -16 22 -2 -16 22 2
2 24 -9.8078 20 1.9509 -16 22 2
2 24 -9.8078 20 -1.9509 -16 22 -2
2 24 -9.8078 20 1.9509 -9.8078 4 1.9509
2 24 -9.8078 20 -1.9509 -9.8078 4 -1.9509
2 24 -16 4 2 -9.8078 4 1.9509
2 24 -16 4 -2 -9.8078 4 -1.9509

4 16 -1.9509 20 -9.8078 1.9509 20 -9.8078 2 22 -16 -2 22 -16
4 16 -2 22 -16 -2 4 -16 -1.9509 4 -9.8078 -1.9509 20 -9.8078
4 16 1.9509 20 -9.8078 1.9509 4 -9.8078 2 4 -16 2 22 -16
2 24 2 22 -16 -2 22 -16
2 24 -1.9509 20 -9.8078 -2 22 -16
2 24 1.9509 20 -9.8078 2 22 -16
2 24 -1.9509 20 -9.8078 -1.9509 4 -9.8078
2 24 1.9509 20 -9.8078 1.9509 4 -9.8078
2 24 -2 4 -16 -1.9509 4 -9.8078
2 24 2 4 -16 1.9509 4 -9.8078

4 16 9.8078 20 -1.9509 9.8078 20 1.9509 16 22 2 16 22 -2
4 16 16 22 -2 16 4 -2 9.8078 4 -1.9509 9.8078 20 -1.9509
4 16 9.8078 20 1.9509 9.8078 4 1.9509 16 4 2 16 22 2
2 24 16 22 2 16 22 -2
2 24 9.8078 20 -1.9509 16 22 -2
2 24 9.8078 20 1.9509 16 22 2
2 24 9.8078 20 -1.9509 9.8078 4 -1.9509
2 24 9.8078 20 1.9509 9.8078 4 1.9509
2 24 16 4 -2 9.8078 4 -1.9509
2 24 16 4 2 9.8078 4 1.9509


1 16 -120 4 85 -2 0 0 0 1 0 0 0 -11 recte3.dat
1 16 -120 13 96 -2 0 0 0 0 9 0 1 0 recte3.dat
1 16 -120 22 88 0 0 2 0 -1 0 8 0 0 rect2p.dat
1 16 -120 10 74 0 0 -2 -6 0 0 0 1 0 rect2p.dat
1 16 -118 16 80 0 -4 0 0 0 6 -6 0 0 1-4cylo.dat
1 16 -118 16 80 0 -1 0 0 0 6 -6 0 0 1-4chrd.dat
1 16 -122 16 80 0 1 0 0 0 6 -6 0 0 1-4chrd.dat
3 16 -122 4 96 -122 22 96 -122 4 74
4 16 -122 4 74 -122 22 96 -122 22 80 -122 16 74
3 16 -118 22 96 -118 4 96 -118 4 74
4 16 -118 22 80 -118 22 96 -118 4 74 -118 16 74

1 16 120 4 85 -2 0 0 0 1 0 0 0 -11 recte3.dat
1 16 120 13 96 -2 0 0 0 0 9 0 1 0 recte3.dat
1 16 120 22 88 0 0 2 0 -1 0 8 0 0 rect2p.dat
1 16 120 10 74 0 0 -2 -6 0 0 0 1 0 rect2p.dat
1 16 122 16 80 0 -4 0 0 0 6 -6 0 0 1-4cylo.dat
1 16 118 16 80 0 1 0 0 0 6 -6 0 0 1-4chrd.dat
1 16 122 16 80 0 -1 0 0 0 6 -6 0 0 1-4chrd.dat
3 16 122 22 96 122 4 96 122 4 74
4 16 122 22 80 122 22 96 122 4 74 122 16 74
3 16 118 4 96 118 22 96 118 4 74
4 16 118 4 74 118 22 96 118 22 80 118 16 74

1 16 -120 4 -85 -2 0 0 0 1 0 0 0 11 recte3.dat
1 16 -120 13 -96 -2 0 0 0 0 9 0 -1 0 recte3.dat
1 16 -120 22 -88 0 0 2 0 -1 0 -8 0 0 rect2p.dat
1 16 -120 10 -74 0 0 -2 -6 0 0 0 -1 0 rect2p.dat
1 16 -118 16 -80 0 -4 0 0 0 6 6 0 0 1-4cylo.dat
1 16 -118 16 -80 0 -1 0 0 0 6 6 0 0 1-4chrd.dat
1 16 -122 16 -80 0 1 0 0 0 6 6 0 0 1-4chrd.dat
3 16 -122 22 -96 -122 4 -96 -122 4 -74
4 16 -122 22 -80 -122 22 -96 -122 4 -74 -122 16 -74
3 16 -118 4 -96 -118 22 -96 -118 4 -74
4 16 -118 4 -74 -118 22 -96 -118 22 -80 -118 16 -74

1 16 120 4 -85 -2 0 0 0 1 0 0 0 11 recte3.dat
1 16 120 13 -96 -2 0 0 0 0 9 0 -1 0 recte3.dat
1 16 120 22 -88 0 0 2 0 -1 0 -8 0 0 rect2p.dat
1 16 120 10 -74 0 0 -2 -6 0 0 0 -1 0 rect2p.dat
1 16 122 16 -80 0 -4 0 0 0 6 6 0 0 1-4cylo.dat
1 16 118 16 -80 0 1 0 0 0 6 6 0 0 1-4chrd.dat
1 16 122 16 -80 0 -1 0 0 0 6 6 0 0 1-4chrd.dat
3 16 122 4 -96 122 22 -96 122 4 -74
4 16 122 4 -74 122 22 -96 122 22 -80 122 16 -74
3 16 118 22 -96 118 4 -96 118 4 -74
4 16 118 22 -80 118 22 -96 118 4 -74 118 16 -74
