0 Mursten Window  1 x  6 x  2 Triple
0 Name: u8022.dat
0 Author: J.C. Tchang [tchang]
0 !LDRAW_ORG Unofficial_Part
0 !LICENSE Redistributable under CCAL version 2.0 : see CAreadme.txt

0 BFC CERTIFY CW

0 !CATEGORY Window
0 !KEYWORDS Automatic Binding Brick

0 !HISTORY 2019-09-09 [PTadmin] Official Update 2019-02
0 !HISTORY 2021-05-18 [Plastikean] Subfiled tabs in a more accurate shape

0 BFC INVERTNEXT
1 16 0 23 -10 25 0 0 0 0 16 0 4 0 box4.dat
1 16 0 23 -10 27 0 0 0 0 18 0 3 0 box4.dat
4 16 27 5 -10 25 7 -10 -25 7 -10 -27 5 -10
4 16 25 39 -10 27 41 -10 -27 41 -10 -25 39 -10
4 16 27 41 -10 25 39 -10 25 7 -10 27 5 -10
4 16 -27 5 -10 -25 7 -10 -25 39 -10 -27 41 -10
0 BFC INVERTNEXT
1 16 43 23 -10 12 0 0 0 0 16 0 4 0 box4.dat
1 16 43 23 -10 14 0 0 0 0 18 0 3 0 box4.dat
4 16 57 5 -10 55 7 -10 31 7 -10 29 5 -10
4 16 55 39 -10 57 41 -10 29 41 -10 31 39 -10
4 16 57 41 -10 55 39 -10 55 7 -10 57 5 -10
4 16 29 5 -10 31 7 -10 31 39 -10 29 41 -10
0 BFC INVERTNEXT
1 16 -43 23 -10 12 0 0 0 0 16 0 4 0 box4.dat
1 16 -43 23 -10 14 0 0 0 0 18 0 3 0 box4.dat
4 16 -29 5 -10 -31 7 -10 -55 7 -10 -57 5 -10
4 16 -31 39 -10 -29 41 -10 -57 41 -10 -55 39 -10
4 16 -29 41 -10 -31 39 -10 -31 7 -10 -29 5 -10
4 16 -57 5 -10 -55 7 -10 -55 39 -10 -57 41 -10

1 16 0 1 -10 60 0 0 0 0 -1 0 3 0 box4o4a.dat
4 16 60 0 -10 60 2 -10 -60 2 -10 -60 0 -10

1 16 0 41.5 -7 -60 0 0 0 0 0.5 0 1 0 rect3.dat
2 24 60 2 -7 -60 2 -7
4 16 60 2 -7 57 5 -7 -57 5 -7 -60 2 -7
2 24 -60 2 -7 -60 42 -7
4 16 -57 41 -7 -60 41 -7 -60 2 -7 -57 5 -7
2 24 60 2 -7 60 42 -7
4 16 57 5 -7 60 2 -7 60 41 -7 57 41 -7
4 16 -29 5 -7 -27 5 -7 -27 41 -7 -29 41 -7
4 16 29 41 -7 27 41 -7 27 5 -7 29 5 -7
4 16 -60 48 -6 -60 48 -7 60 48 -7 60 48 -6

4 16 -56 39 -6 -56 48 -6 56 48 -6 56 39 -6
4 16 55 39 -6 56 39 -6 56 4 -6 55 7 -6
4 16 -55 7 -6 -56 4 -6 -56 39 -6 -55 39 -6
4 16 -56 4 -6 -55 7 -6 55 7 -6 56 4 -6
4 16 -31 39 -6 -25 39 -6 -25 7 -6 -31 7 -6
4 16 31 7 -6 25 7 -6 25 39 -6 31 39 -6
2 24 -56 48 -6 56 48 -6
2 24 -56 48 -6 -56 4 -6
2 24 56 48 -6 56 4 -6

1 16 0 48 -9.7 60 0 0 0 -1 0 0 0 -2.75 rect3.dat
4 16 -60 48 -12.5 -60 42 -7 60 42 -7 60 48 -12.5
3 16 -60 48 -12.5 -60 48 -7 -60 42 -7
3 16 60 42 -7 60 48 -7 60 48 -12.5
2 24 -60 48 -12.5 -60 42 -7
2 24 60 48 -12.5 60 42 -7

1 16 -60 24 1.5 0 1 0 -24 0 0 0 0 8.5 rect3.dat
1 16 60 24 1.5 0 -1 0 -24 0 0 0 0 8.5 rect3.dat

1 16 58 26 2 0 -2 0 0 0 22 -8 0 0 box2-11.dat
1 16 -58 26 2 0 2 0 0 0 22 8 0 0 box2-11.dat
1 16 0 4 2 56 0 0 0 -1 0 0 0 8 rect3.dat
1 16 0 0 0 0 0 -60 0 1 0 10 0 0 rect1.dat

2 24 -56 22 10 -56 18 10
2 24 56 48 10 56 44 10
2 24 56 30 10 56 4 10
2 24 56 48 10 60 48 10
4 16 56 26 10 60 26 10 60 0 10 56 4 10
1 16 -58 35 10 2 0 0 0 0 13 0 -1 0 rect2a.dat
4 16 56 4 10 60 0 10 -56 0 10 -56 4 10

1 16 60 37 10 1 0 0 0 1 0 0 0 1 s\u8012s01.dat
1 16 -60 11 10 -1 0 0 0 1 0 0 0 1 s\u8012s01.dat
