0 Mursten Window  1 x  6 x  3 Panorama
0 Name: u8024.dat
0 Author: J.C. Tchang [tchang]
0 !LDRAW_ORG Unofficial_Part
0 !LICENSE Redistributable under CCAL version 2.0 : see CAreadme.txt

0 BFC CERTIFY CW

0 !CATEGORY Window
0 !KEYWORDS Automatic Binding Brick

0 !HISTORY 2019-09-09 [PTadmin] Official Update 2019-02
0 !HISTORY 2021-05-10 [Plastikean] Subfiled tabs in a more accurate shape

0 BFC INVERTNEXT
1 16 0 30.5 -10 55 0 0 0 0 22.5 0 4 0 box4.dat
1 16 0 30.5 -10 58 0 0 0 0 25.5 0 3 0 box4.dat
4 16 58 5 -10 55 8 -10 -55 8 -10 -58 5 -10
4 16 55 53 -10 58 56 -10 -58 56 -10 -55 53 -10
4 16 58 56 -10 55 53 -10 55 8 -10 58 5 -10
4 16 -58 5 -10 -55 8 -10 -55 53 -10 -58 56 -10

1 16 0 60.5 -7 56.5 0 0 0 0 1.5 0 -3 0 box3u8p.dat
1 16 56.5 60.5 -7 0 0 1.5 -1.5 0 0 0 -3 0 2-4cyli.dat
1 16 56.5 60.5 -10 0 0 1.5 1.5 0 0 0 1 0 2-4disc.dat
1 16 56.5 60.5 -10 0 0 1.5 -1.5 0 0 0 -1 0 2-4edge.dat
1 16 56.5 60.5 -7 0 0 1.5 -1.5 0 0 0 -1 0 2-4edge.dat
1 16 -56.5 60.5 -7 0 0 -1.5 -1.5 0 0 0 -3 0 2-4cyli.dat
1 16 -56.5 60.5 -10 0 0 -1.5 1.5 0 0 0 1 0 2-4disc.dat
1 16 -56.5 60.5 -10 0 0 -1.5 -1.5 0 0 0 -1 0 2-4edge.dat
1 16 -56.5 60.5 -7 0 0 -1.5 -1.5 0 0 0 -1 0 2-4edge.dat

1 16 0 1.5 -10 60 0 0 0 0 -1.5 0 3 0 box4o4a.dat
4 16 60 0 -10 60 3 -10 -60 3 -10 -60 0 -10
1 16 0 69.5 -10 60 0 0 0 0 -2.5 0 3 0 box4o4a.dat
4 16 60 67 -10 60 72 -10 -60 72 -10 -60 67 -10

1 16 0 61.5 -7 -60 0 0 0 0 5.5 0 1 0 rect3.dat
2 24 60 3 -7 -60 3 -7
4 16 60 3 -7 58 5 -7 -58 5 -7 -60 3 -7
2 24 -60 3 -7 -60 56 -7
4 16 -58 56 -7 -60 56 -7 -60 3 -7 -58 5 -7
2 24 60 3 -7 60 56 -7
4 16 58 5 -7 60 3 -7 60 56 -7 58 56 -7
4 16 -60 72 -6 -60 72 -7 60 72 -7 60 72 -6

4 16 -56 53 -6 -56 72 -6 56 72 -6 56 53 -6
4 16 55 53 -6 56 53 -6 56 4 -6 55 8 -6
4 16 -55 8 -6 -56 4 -6 -56 53 -6 -55 53 -6
4 16 -56 4 -6 -55 8 -6 55 8 -6 56 4 -6
2 24 -56 72 -6 56 72 -6
2 24 -56 72 -6 -56 4 -6
2 24 56 72 -6 56 4 -6

1 16 -60 36 1.5 0 1 0 -36 0 0 0 0 8.5 rect3.dat
1 16 60 36 1.5 0 -1 0 -36 0 0 0 0 8.5 rect3.dat

1 16 58 38 2 0 -2 0 0 0 34 -8 0 0 box2-11.dat
1 16 -58 38 2 0 2 0 0 0 34 8 0 0 box2-11.dat
1 16 0 4 2 56 0 0 0 -1 0 0 0 -8 rect.dat
1 16 0 0 1.5 0 0 -60 0 1 0 8.5 0 0 rect1.dat

2 24 -56 72 10 -56 68 10
2 24 -56 22 10 -56 18 10
2 24 -56 54 10 -56 50 10
2 24 -56 72 10 -60 72 10
2 24 56 47 10 56 43 10
2 24 56 29 10 56 4 10
4 16 56 25 10 60 25 10 60 0 10 56 4 10
1 16 58 59.5 10 0 0 -2 12.5 0 0 0 -1 0 rect2a.dat
1 16 -58 36 10 2 0 0 0 0 14 0 -1 0 rect1.dat
4 16 56 4 10 60 0 10 -56 0 10 -56 4 10

1 16 60 36 10 1 0 0 0 1 0 0 0 1 s\u8012s01.dat
1 16 -60 11 10 -1 0 0 0 1 0 0 0 1 s\u8012s01.dat
1 16 -60 61 10 -1 0 0 0 1 0 0 0 1 s\u8012s01.dat
