0 Technic Shock Absorber  9L Thick Spring (Compressed)
0 Name: u9562-f2.dat
0 Author: Philippe Hurbain [Philo]
0 !LDRAW_ORG Unofficial_Part
0 !LICENSE Redistributable under CCAL version 2.0 : see CAreadme.txt

0 BFC CERTIFY CCW

2 24 -5 2 0 -4.62 2.2 1.91
2 24 -6 1 0 -5.54 1.2 2.3
2 24 -5 0 0 -4.62 0.2 1.91
2 24 -4 1 0 -3.7 1.2 1.53
4 16 -5.5433 1.199 2.2961 -4.6194 2.199 1.9134 -5 2 0 -6 1 0
4 16 -4.6194 0.199 1.9134 -5.5433 1.199 2.2961 -6 1 0 -5 0 0
4 16 -3.6955 1.199 1.5307 -4.6194 0.199 1.9134 -5 0 0 -4 1 0
4 16 -4.6194 2.199 1.9134 -3.6955 1.199 1.5307 -4 1 0 -5 2 0
2 24 -4.62 2.2 1.91 -3.54 2.4 3.54
2 24 -5.54 1.2 2.3 -4.24 1.4 4.24
2 24 -4.62 0.2 1.91 -3.54 0.4 3.54
2 24 -3.7 1.2 1.53 -2.83 1.4 2.83
4 16 -4.2426 1.398 4.2426 -3.5355 2.398 3.5355 -4.6194 2.199 1.9134 -5.5433 1.199 2.2961
4 16 -3.5355 0.398 3.5355 -4.2426 1.398 4.2426 -5.5433 1.199 2.2961 -4.6194 0.199 1.9134
4 16 -2.8284 1.398 2.8284 -3.5355 0.398 3.5355 -4.6194 0.199 1.9134 -3.6955 1.199 1.5307
4 16 -3.5355 2.398 3.5355 -2.8284 1.398 2.8284 -3.6955 1.199 1.5307 -4.6194 2.199 1.9134
2 24 -3.54 2.4 3.54 -1.91 2.6 4.62
2 24 -4.24 1.4 4.24 -2.3 1.6 5.54
2 24 -3.54 0.4 3.54 -1.91 0.6 4.62
2 24 -2.83 1.4 2.83 -1.53 1.6 3.7
4 16 -2.2961 1.5969 5.5433 -1.9134 2.5969 4.6194 -3.5355 2.398 3.5355 -4.2426 1.398 4.2426
4 16 -1.9134 0.5969 4.6194 -2.2961 1.5969 5.5433 -4.2426 1.398 4.2426 -3.5355 0.398 3.5355
4 16 -1.5307 1.5969 3.6955 -1.9134 0.5969 4.6194 -3.5355 0.398 3.5355 -2.8284 1.398 2.8284
4 16 -1.9134 2.5969 4.6194 -1.5307 1.5969 3.6955 -2.8284 1.398 2.8284 -3.5355 2.398 3.5355
2 24 -1.91 2.6 4.62 0 2.8 5
2 24 -2.3 1.6 5.54 0 1.8 6
2 24 -1.91 0.6 4.62 0 0.8 5
2 24 -1.53 1.6 3.7 0 1.8 4
4 16 0 1.7959 6 0 2.7959 5 -1.9134 2.5969 4.6194 -2.2961 1.5969 5.5433
4 16 0 0.7959 5 0 1.7959 6 -2.2961 1.5969 5.5433 -1.9134 0.5969 4.6194
4 16 0 1.7959 4 0 0.7959 5 -1.9134 0.5969 4.6194 -1.5307 1.5969 3.6955
4 16 0 2.7959 5 0 1.7959 4 -1.5307 1.5969 3.6955 -1.9134 2.5969 4.6194
2 24 0 79.2 5 1.91 79.4 4.62
2 24 0 78.2 6 2.3 78.4 5.54
2 24 0 77.2 5 1.91 77.4 4.62
2 24 0 78.2 4 1.53 78.4 3.7
4 16 2.2961 78.4031 5.5433 1.9134 79.4031 4.6194 0 79.2041 5 0 78.2041 6
4 16 1.9134 77.4031 4.6194 2.2961 78.4031 5.5433 0 78.2041 6 0 77.2041 5
4 16 1.5307 78.4031 3.6955 1.9134 77.4031 4.6194 0 77.2041 5 0 78.2041 4
4 16 1.9134 79.4031 4.6194 1.5307 78.4031 3.6955 0 78.2041 4 0 79.2041 5
2 24 1.91 79.4 4.62 3.54 79.6 3.54
2 24 2.3 78.4 5.54 4.24 78.6 4.24
2 24 1.91 77.4 4.62 3.54 77.6 3.54
2 24 1.53 78.4 3.7 2.83 78.6 2.83
4 16 4.2426 78.602 4.2426 3.5355 79.602 3.5355 1.9134 79.4031 4.6194 2.2961 78.4031 5.5433
4 16 3.5355 77.602 3.5355 4.2426 78.602 4.2426 2.2961 78.4031 5.5433 1.9134 77.4031 4.6194
4 16 2.8284 78.602 2.8284 3.5355 77.602 3.5355 1.9134 77.4031 4.6194 1.5307 78.4031 3.6955
4 16 3.5355 79.602 3.5355 2.8284 78.602 2.8284 1.5307 78.4031 3.6955 1.9134 79.4031 4.6194
2 24 3.54 79.6 3.54 4.62 79.8 1.91
2 24 4.24 78.6 4.24 5.54 78.8 2.3
2 24 3.54 77.6 3.54 4.62 77.8 1.91
2 24 2.83 78.6 2.83 3.7 78.8 1.53
4 16 5.5433 78.801 2.2961 4.6194 79.801 1.9134 3.5355 79.602 3.5355 4.2426 78.602 4.2426
4 16 4.6194 77.801 1.9134 5.5433 78.801 2.2961 4.2426 78.602 4.2426 3.5355 77.602 3.5355
4 16 3.6955 78.801 1.5307 4.6194 77.801 1.9134 3.5355 77.602 3.5355 2.8284 78.602 2.8284
4 16 4.6194 79.801 1.9134 3.6955 78.801 1.5307 2.8284 78.602 2.8284 3.5355 79.602 3.5355
2 24 4.62 79.8 1.91 5 80 0
2 24 5.54 78.8 2.3 6 79 0
2 24 4.62 77.8 1.91 5 78 0
2 24 3.7 78.8 1.53 4 79 0
4 16 6 79 0 5 80 0 4.6194 79.801 1.9134 5.5433 78.801 2.2961
4 16 5 78 0 6 79 0 5.5433 78.801 2.2961 4.6194 77.801 1.9134
4 16 4 79 0 5 78 0 4.6194 77.801 1.9134 3.6955 78.801 1.5307
4 16 5 80 0 4 79 0 3.6955 78.801 1.5307 4.6194 79.801 1.9134
1 16 5 79 0 -0.5 0 0.5 0.5 0 0.5 0 1 0 rect.dat
1 16 -5 1 0 -0.5 0 0.5 0.5 0 0.5 0 1 0 rect.dat
1 16 0 0.7959 0 1 0 0 0 1 0 0 0 1 s\u9562-f2s01.dat
1 16 0 3.9796 0 1 0 0 0 1 0 0 0 1 s\u9562-f2s01.dat
1 16 0 7.1633 0 1 0 0 0 1 0 0 0 1 s\u9562-f2s01.dat
1 16 0 10.347 0 1 0 0 0 1 0 0 0 1 s\u9562-f2s01.dat
1 16 0 13.5307 0 1 0 0 0 1 0 0 0 1 s\u9562-f2s01.dat
1 16 0 16.7144 0 1 0 0 0 1 0 0 0 1 s\u9562-f2s01.dat
1 16 0 19.8981 0 1 0 0 0 1 0 0 0 1 s\u9562-f2s01.dat
1 16 0 23.0818 0 1 0 0 0 1 0 0 0 1 s\u9562-f2s01.dat
1 16 0 26.2655 0 1 0 0 0 1 0 0 0 1 s\u9562-f2s01.dat
1 16 0 29.4492 0 1 0 0 0 1 0 0 0 1 s\u9562-f2s01.dat
1 16 0 32.6329 0 1 0 0 0 1 0 0 0 1 s\u9562-f2s01.dat
1 16 0 35.8166 0 1 0 0 0 1 0 0 0 1 s\u9562-f2s01.dat
1 16 0 39.0003 0 1 0 0 0 1 0 0 0 1 s\u9562-f2s01.dat
1 16 0 42.184 0 1 0 0 0 1 0 0 0 1 s\u9562-f2s01.dat
1 16 0 45.3677 0 1 0 0 0 1 0 0 0 1 s\u9562-f2s01.dat
1 16 0 48.5514 0 1 0 0 0 1 0 0 0 1 s\u9562-f2s01.dat
1 16 0 51.7351 0 1 0 0 0 1 0 0 0 1 s\u9562-f2s01.dat
1 16 0 54.9188 0 1 0 0 0 1 0 0 0 1 s\u9562-f2s01.dat
1 16 0 58.1025 0 1 0 0 0 1 0 0 0 1 s\u9562-f2s01.dat
1 16 0 61.2862 0 1 0 0 0 1 0 0 0 1 s\u9562-f2s01.dat
1 16 0 64.4699 0 1 0 0 0 1 0 0 0 1 s\u9562-f2s01.dat
1 16 0 67.6536 0 1 0 0 0 1 0 0 0 1 s\u9562-f2s01.dat
1 16 0 70.8373 0 1 0 0 0 1 0 0 0 1 s\u9562-f2s01.dat
1 16 0 74.021 0 1 0 0 0 1 0 0 0 1 s\u9562-f2s01.dat
