0 ~Minifig Leg Faun Left without Front Surface
0 Name: s\24083s01.dat
0 Author: Magnus Forsberg [MagFors]
0 !LDRAW_ORG Unofficial_Subpart
0 !LICENSE Redistributable under CCAL version 2.0 : see CAreadme.txt

0 BFC CERTIFY CCW


1 16 10.2 28 0 9.1 0 0 0 1 0 0 0 10 recte4.dat
0 BFC INVERTNEXT
1 16 10 28 0 6 0 0 0 -5 0 0 0 6 box5.dat
0 BFC INVERTNEXT
1 16 2 0 0 0 6 0 -3 0 0 0 0 3 4-4cylo.dat
1 16 2 0 0 0 1 0 -3 0 0 0 0 3 4-4ndis.dat
1 16 8 0 0 0 -1 0 -3 0 0 0 0 3 4-4ndis.dat

3 16 2 7.084 5.165 1.98 7.737 5.027 2 8.0841 3.3486
4 16 2 8.0841 3.3486 2 3 3 2 6.1871 6.1871 2 7.084 5.165
4 16 2 6.1871 6.1871 2 3 3 2 0 3 2 3.3486 8.0841
3 16 2 -3.3486 8.0841 2 0 3 2 -3 3
4 16 2 3.3486 8.0841 2 0 3 2 -3.3486 8.0841 2 0 8.75
4 16 2 -8.0841 3.3486 2 -6.1871 6.1871 2 -3.3486 8.0841 2 -3 3
4 16 2 -8.0841 -3.3486 2 -8.75 0 2 -3 0 2 -3 -3
4 16 2 -3 0 2 -8.75 0 2 -8.0841 3.3486 2 -3 3
4 16 2 -0.025 -8.751 2 -3.3486 -8.0841 2 -3 -3 2 0 -3
4 16 2 3.3486 -8.0841 2 1.544 -8.785 2 0 -3 2 3 -3
3 16 2 1.544 -8.785 2 -0.025 -8.751 2 0 -3
4 16 2 3.3486 -8.0841 2 3 -3 2 8.0841 -3.3486 2 6.1871 -6.1871
4 16 2 3 -3 2 3 0 2 8.75 0 2 8.0841 -3.3486
4 16 2 8.75 0 2 3 0 2 3 3 2 8.0841 3.3486
1 16 1.591 4.7679 -7.1356 0 0 -0.409 1.41925 1 0 0.9485 0 0 rect2p.dat
1 16 1.591 2.4463 -8.4346 -0.409 0 0 0 1 -0.90231 0 0 -0.35044 rect3.dat
4 16 1.152 8.0841 -3.3486 1.182 6.1871 -6.1871 2 6.1871 -6.1871 2 8.0841 -3.3486
4 16 1.147 8.75 0 2 8.75 0 2 8.0841 3.3486 1.142 8.0841 3.3486
4 16 2 8.75 0 1.147 8.75 0 1.152 8.0841 -3.3486 2 8.0841 -3.3486
4 16 1.98 7.737 5.027 1.166 7.737 5.027 1.142 8.0841 3.3486 2 8.0841 3.3486
3 16 1.142 8.0841 3.3486 1.206 12.452 1.647 1.152 12.227 0.577
3 16 1.152 8.291 5.249 1.142 8.0841 3.3486 1.166 7.737 5.027
4 16 1.18 11.766 8.472 1.206 12.452 1.647 1.142 8.0841 3.3486 1.152 8.291 5.249
3 16 1.182 6.1871 -6.1871 1.152 4.405 -8.8 1.182 3.3486 -8.0841
3 16 1.182 3.3486 -8.0841 1.152 4.405 -8.8 1.182 1.544 -8.785
3 16 1.182 6.1871 -6.1871 1.152 7.365 -8.295 1.152 4.405 -8.8
3 16 1.152 8.0841 -3.3486 1.152 7.365 -8.295 1.182 6.1871 -6.1871
3 16 1.152 7.365 -8.295 1.152 8.0841 -3.3486 1.167 9.829 -4.719
3 16 1.142 8.0841 3.3486 1.152 12.227 0.577 1.147 8.75 0
4 16 1.152 12.227 0.577 1.167 9.829 -4.719 1.152 8.0841 -3.3486 1.147 8.75 0
3 16 1.152 8.291 5.249 1.177 11.285 9.177 1.18 11.766 8.472
3 16 1.152 8.291 5.249 1.152 10.624 9.401 1.177 11.285 9.177
3 16 1.152 8.291 5.249 1.228 9.62 9.071 1.152 10.624 9.401
3 16 1.98 7.737 5.027 1.152 8.291 5.249 1.166 7.737 5.027
4 16 18.6316 7.7769 5.027 18.6535 8.3309 5.249 1.152 8.291 5.249 1.98 7.737 5.027
4 16 1.152 8.291 5.249 18.6535 8.3309 5.249 18.7059 9.655 9.071 1.228 9.62 9.071
4 16 1.152 7.365 -8.295 1.167 9.829 -4.719 18.7129 9.8302 -4.719 18.6162 7.3899 -8.28
3 16 1.864 12.232 0.227 1.167 9.829 -4.719 1.152 12.227 0.577
4 16 1.167 9.829 -4.719 1.864 12.232 0.227 18.808 12.232 0.223 18.7129 9.8302 -4.719
4 16 18.7059 9.655 9.071 18.7457 10.659 9.401 1.152 10.624 9.401 1.228 9.62 9.071
4 16 18.4562 3.3492 8.0841 2 3.3486 8.0841 2 0 8.75 18.3236 0.0007 8.75
4 16 2 -3.3486 8.0841 18.1908 -3.3519 8.0841 18.3236 0.0007 8.75 2 0 8.75
4 16 2 -6.1871 6.1871 5 -7.3982 4.375 15 -7.3982 4.375 18.0785 -6.1876 6.1871
4 16 2 -3.3486 8.0841 2 -6.1871 6.1871 18.0785 -6.1876 6.1871 18.1908 -3.3519 8.0841
4 16 15 -8.0841 3.3486 18.0034 -8.0842 3.3486 18.0785 -6.1876 6.1871 15 -7.3982 4.375
4 16 18.0034 -8.0842 3.3486 15 -8.0841 3.3486 15 -8.75 0 17.977 -8.75 0
4 16 18.0785 -6.1876 -6.1871 18.0034 -8.0842 -3.3486 15 -8.0841 -3.3486 15 -7.3982 -4.375
4 16 18.0034 -8.0842 -3.3486 17.977 -8.75 0 15 -8.75 0 15 -8.0841 -3.3486
3 16 1.98 7.737 5.027 18.6048 7.1018 5.104 18.6316 7.7769 5.027
3 16 2 7.084 5.165 18.6048 7.1018 5.104 1.98 7.737 5.027
3 16 17.175 11.383 9.413 18.7457 10.659 9.401 18.7706 11.2871 9.149
3 16 17.175 11.383 9.413 1.152 10.624 9.401 18.7457 10.659 9.401
3 16 1.152 10.624 9.401 1.829 11.285 9.323 1.177 11.285 9.177
3 16 1.829 11.285 9.323 1.152 10.624 9.401 17.175 11.383 9.413
3 16 17.977 -8.75 0 18.0034 -8.0842 -3.3486 18.0034 -8.0842 3.3486
4 16 18.0785 -6.1876 -6.1871 18.0785 -6.1876 6.1871 18.0034 -8.0842 3.3486 18.0034 -8.0842 -3.3486
4 16 18.3226 -0.0243 -8.751 18.3236 0.0007 8.75 18.1908 -3.3519 8.0841 18.1908 -3.3519 -8.0841
4 16 18.4998 4.4507 -8.8 18.4562 3.3492 8.0841 18.3236 0.0007 8.75 18.3226 -0.0243 -8.751
3 16 18.4562 3.3492 8.0841 18.4998 4.4507 -8.8 18.5685 6.1858 6.1871
4 16 18.7129 9.8302 -4.719 18.6316 7.7769 5.027 18.6048 7.1018 5.104 18.6162 7.3899 -8.28
4 16 18.808 12.232 0.223 18.818 12.433 1.653 18.6535 8.3309 5.249 18.7129 9.8302 -4.719
3 16 18.7129 9.8302 -4.719 18.6535 8.3309 5.249 18.6316 7.7769 5.027
4 16 18.0785 -6.1876 6.1871 18.0785 -6.1876 -6.1871 18.1908 -3.3519 -8.0841 18.1908 -3.3519 8.0841
4 16 18.5685 6.1858 6.1871 18.4998 4.4507 -8.8 18.6162 7.3899 -8.28 18.6048 7.1018 5.104
4 16 18.7706 11.2871 9.149 18.6535 8.3309 5.249 18.818 12.433 1.653 18.7895 11.7641 8.455
4 16 18.7706 11.2871 9.149 18.7457 10.659 9.401 18.7059 9.655 9.071 18.6535 8.3309 5.249
1 16 3.5 -8.4171 -1.6743 0 0 -1.5 -0.33294 1 0 1.67431 0 0 rect2p.dat
4 16 5 -8.0841 -3.3486 2 -8.0841 -3.3486 2 -6.1871 -6.1871 5 -7.3982 -4.375
3 16 5 -6 -4.375 5 -8.0841 -3.3486 5 -7.3982 -4.375
3 16 5 -8.0841 3.3486 5 -6 4.375 5 -7.3982 4.375
1 16 3.5 -8.4171 1.6743 0 0 1.5 -0.33294 1 0 -1.67431 0 0 rect2p.dat
4 16 5 -7.3982 4.375 2 -6.1871 6.1871 2 -8.0841 3.3486 5 -8.0841 3.3486
4 16 8 3 0 8 4.829 2.473 8 3.217 4.375 8 3 3
4 16 8 3 3 8 3.217 4.375 8 -6 4.375 8 0 3
4 16 8 -6 -4.375 8 3.217 -4.375 8 3 -3 8 0 -3
4 16 8 3.217 -4.375 8 4.829 -2.473 8 3 0 8 3 -3
4 16 8 4.829 -2.473 8 5.49 0 8 4.829 2.473 8 3 0
3 16 8 -6 -4.375 8 0 -3 8 -3 -3
4 16 8 -6 4.375 8 -6 -4.375 8 -3 -3 8 -3 0
4 16 5 -6 -4.375 5 -6 4.375 5 -8.0841 3.3486 5 -8.0841 -3.3486
3 16 5 -8.0841 -3.3486 5 -8.0841 3.3486 5 -8.75 0
3 16 8 -6 4.375 8 -3 0 8 -3 3
3 16 8 0 3 8 -6 4.375 8 -3 3
1 16 6.5 -6 0 1.5 0 0 0 1 0 0 0 4.375 rect.dat
4 16 8 -6 4.375 8 3.217 4.375 15 3.217 4.375 15 -7.3982 4.375
4 16 8 -6 4.375 15 -7.3982 4.375 5 -7.3982 4.375 5 -6 4.375
1 16 11.5 4.023 -3.424 0 0 3.5 -.806 1 0 -.951 0 0 rect2p.dat
1 16 11.5 5.1595 -1.2365 0 0 -3.5 .3305 1 0 1.2365 0 0 rect2p.dat
1 16 11.5 5.1595 1.2365 0 0 -3.5 -.3305 1 0 1.2365 0 0 rect2p.dat
1 16 11.5 4.023 3.424 0 0 3.5 .806 1 0 -.951 0 0 rect2p.dat

4 16 5 -7.3982 -4.375 15 -7.3982 -4.375 8 -6 -4.375 5 -6 -4.375
4 16 15 -7.3982 -4.375 15 3.217 -4.375 8 3.217 -4.375 8 -6 -4.375
3 16 15 -8.0841 -3.3486 15 -8.75 0 15 -8.0841 3.3486
4 16 15 -8.0841 3.3486 15 -7.3982 4.375 15 -7.3982 -4.375 15 -8.0841 -3.3486
1 16 15 -2.0906 0 0 1 0 -5.3076 0 0 0 0 4.375 rect2p.dat
4 16 15 4.829 2.473 15 4.829 -2.473 15 3.217 -4.375 15 3.217 4.375
3 16 15 5.49 0 15 4.829 -2.473 15 4.829 2.473
3 16 2.701 13.708 1.73 1.206 12.452 1.647 2.439 13.609 2.714
3 16 1.206 12.452 1.647 2.701 13.708 1.73 1.152 12.227 0.577
3 16 1.18 11.766 8.472 1.177 11.285 9.177 2.317 12.897 9.164
3 16 1.18 11.766 8.472 2.317 12.897 9.164 2.141 13.003 8.455
3 16 1.18 11.766 8.472 2.141 13.003 8.455 2.439 13.609 2.714
3 16 1.18 11.766 8.472 2.439 13.609 2.714 1.206 12.452 1.647
3 16 1.152 12.227 0.577 3.896 14.169 1.252 1.864 12.232 0.227
3 16 3.896 14.169 1.252 1.152 12.227 0.577 2.701 13.708 1.73
3 16 3.148 12.974 9.562 1.177 11.285 9.177 1.829 11.285 9.323
3 16 1.177 11.285 9.177 3.148 12.974 9.562 2.317 12.897 9.164
3 16 18.818 12.433 1.653 16.678 14.239 1.588 17.129 13.907 2.296
3 16 16.678 14.239 1.588 18.818 12.433 1.653 18.808 12.232 0.223
3 16 18.818 12.433 1.653 17.129 13.907 2.296 17.505 13.332 7.911
3 16 18.818 12.433 1.653 17.505 13.332 7.911 18.7895 11.7641 8.455
3 16 17.342 13.058 9.162 18.7706 11.2871 9.149 18.7895 11.7641 8.455
3 16 17.342 13.058 9.162 18.7895 11.7641 8.455 17.505 13.332 7.911
3 16 18.808 12.232 0.223 15.227 14.312 1.339 16.678 14.239 1.588
3 16 16.503 13.094 9.617 18.7706 11.2871 9.149 17.342 13.058 9.162
3 16 18.7706 11.2871 9.149 16.503 13.094 9.617 17.175 11.383 9.413
4 16 15.227 14.312 1.339 18.808 12.232 0.223 1.864 12.232 0.227 3.896 14.169 1.252
4 16 1.113 19.559 -3.905 1.1 22.86 -8.638 1.112 19.174 -5.39 1.1123 19.1203 -5.0188
4 16 1.1 25.541 10.091 1.1 22.86 -8.638 1.113 19.559 -3.905 1.113 19.607 -0.376
4 16 1.1 22.86 -8.638 1.1 25.541 10.091 1.1 28 10 1.1 28 -10
4 16 1.113 22.987 10.446 1.1 25.541 10.091 1.113 19.607 -0.376 1.113 19.249 1.53
3 16 1.113 19.249 1.53 1.193 18.195 9.257 1.113 22.987 10.446
3 16 1.124 19.819 11.724 1.193 18.195 9.257 1.225 18.394 10.485
4 16 1.113 22.987 10.446 1.193 18.195 9.257 1.124 19.819 11.724 1.112 20.756 11.596
4 16 18.981 22.86 -8.639 19.3 28 -10 19.3 28 10 19.147 25.532 10.091
3 16 18.981 22.86 -8.639 18.7733 19.1293 -5.0203 18.764 19.183 -5.392
3 16 18.981 22.86 -8.639 18.801 19.568 -3.905 18.7733 19.1293 -5.0203
3 16 18.981 22.86 -8.639 18.806 19.605 -0.486 18.801 19.568 -3.905
4 16 18.981 22.86 -8.639 19.147 25.532 10.091 18.785 19.312 1.498 18.806 19.605 -0.486
4 16 19.147 25.532 10.091 18.998 22.986 10.445 18.712 18.16 9.079 18.785 19.312 1.498
4 16 18.998 22.986 10.445 18.875 20.761 11.596 18.728 18.4 10.419 18.712 18.16 9.079
3 16 18.728 18.4 10.419 18.875 20.761 11.596 18.808 19.822 11.724
3 16 1.113 19.607 -0.376 1.113 19.559 -3.905 2.084 19.604 -1.196
3 16 18.801 19.568 -3.905 18.806 19.605 -0.486 15.933 19.61 -1.196
4 16 1.113 19.559 -3.905 18.801 19.568 -3.905 15.933 19.61 -1.196 2.084 19.604 -1.196
4 16 18.801 19.568 -3.905 1.113 19.559 -3.905 1.1123 19.1203 -5.0188 18.7733 19.1293 -5.0203
4 16 18.7733 19.1293 -5.0203 1.1123 19.1203 -5.0188 1.112 19.174 -5.39 18.764 19.183 -5.392
4 16 19.3 28 10 1.1 28 10 1.1 25.541 10.091 19.147 25.532 10.091
4 16 1.113 22.987 10.446 18.998 22.986 10.445 19.147 25.532 10.091 1.1 25.541 10.091
3 16 18.808 19.822 11.724 1.124 19.819 11.724 2.393 18.015 10.942
3 16 18.808 19.822 11.724 2.393 18.015 10.942 17.389 18.263 11.116
4 16 18.875 20.761 11.596 1.112 20.756 11.596 1.124 19.819 11.724 18.808 19.822 11.724
4 16 18.998 22.986 10.445 1.113 22.987 10.446 1.112 20.756 11.596 18.875 20.761 11.596
3 16 1.225 18.394 10.485 2.393 18.015 10.942 1.124 19.819 11.724
3 16 17.389 18.263 11.116 18.728 18.4 10.419 18.808 19.822 11.724
3 16 15.238 17.246 1.129 16.678 14.239 1.588 15.227 14.312 1.339
3 16 16.678 14.239 1.588 15.238 17.246 1.129 16.669 17.232 1.504
4 16 15.238 17.246 1.129 15.227 14.312 1.339 3.896 14.169 1.252 4.317 17.228 1.044
4 16 2.701 13.708 1.73 2.922 17.299 1.613 4.317 17.228 1.044 3.896 14.169 1.252
3 16 2.922 17.299 1.613 2.701 13.708 1.73 2.439 13.609 2.714
3 16 2.922 17.299 1.613 2.439 13.609 2.714 2.619 17.338 3.126
4 16 2.619 17.338 3.126 2.439 13.609 2.714 2.141 13.003 8.455 2.333 16.204 8.894
3 16 2.333 16.204 8.894 2.317 12.897 9.164 2.541 16.023 9.627
3 16 2.317 12.897 9.164 2.333 16.204 8.894 2.141 13.003 8.455
3 16 3.506 15.933 10.244 2.317 12.897 9.164 3.148 12.974 9.562
3 16 2.317 12.897 9.164 3.506 15.933 10.244 2.541 16.023 9.627
3 16 16.557 16.187 10.348 17.342 13.058 9.162 17.302 16.261 9.637
3 16 17.342 13.058 9.162 16.557 16.187 10.348 16.503 13.094 9.617
3 16 17.476 16.481 8.863 17.342 13.058 9.162 17.505 13.332 7.911
3 16 17.342 13.058 9.162 17.476 16.481 8.863 17.302 16.261 9.637
3 16 17.505 13.332 7.911 17.129 13.907 2.296 16.937 17.047 2.599
3 16 17.505 13.332 7.911 16.937 17.047 2.599 17.476 16.481 8.863
3 16 16.669 17.232 1.504 17.129 13.907 2.296 16.678 14.239 1.588
3 16 17.129 13.907 2.296 16.669 17.232 1.504 16.937 17.047 2.599
3 16 16.937 17.047 2.599 18.785 19.312 1.498 18.712 18.16 9.079
3 16 16.937 17.047 2.599 18.712 18.16 9.079 17.476 16.481 8.863
3 16 18.806 19.605 -0.486 16.937 17.047 2.599 16.669 17.232 1.504
3 16 16.937 17.047 2.599 18.806 19.605 -0.486 18.785 19.312 1.498
4 16 18.806 19.605 -0.486 16.669 17.232 1.504 15.238 17.246 1.129 15.933 19.61 -1.196
3 16 15.933 19.61 -1.196 15.238 17.246 1.129 4.317 17.228 1.044
3 16 15.933 19.61 -1.196 4.317 17.228 1.044 2.084 19.604 -1.196
3 16 2.084 19.604 -1.196 4.317 17.228 1.044 2.922 17.299 1.613
3 16 2.084 19.604 -1.196 2.922 17.299 1.613 1.113 19.607 -0.376
4 16 2.619 17.338 3.126 1.113 19.249 1.53 1.113 19.607 -0.376 2.922 17.299 1.613
3 16 1.193 18.195 9.257 1.113 19.249 1.53 2.619 17.338 3.126
3 16 1.193 18.195 9.257 2.619 17.338 3.126 2.333 16.204 8.894
4 16 2.333 16.204 8.894 2.541 16.023 9.627 1.225 18.394 10.485 1.193 18.195 9.257
3 16 1.225 18.394 10.485 3.506 15.933 10.244 2.393 18.015 10.942
3 16 3.506 15.933 10.244 1.225 18.394 10.485 2.541 16.023 9.627
3 16 17.389 18.263 11.116 2.393 18.015 10.942 3.506 15.933 10.244
3 16 17.389 18.263 11.116 3.506 15.933 10.244 16.557 16.187 10.348
3 16 18.728 18.4 10.419 16.557 16.187 10.348 17.302 16.261 9.637
3 16 16.557 16.187 10.348 18.728 18.4 10.419 17.389 18.263 11.116
3 16 18.712 18.16 9.079 18.728 18.4 10.419 17.302 16.261 9.637
3 16 18.712 18.16 9.079 17.302 16.261 9.637 17.476 16.481 8.863
4 16 1.1 28 -10 1.1 28 10 4 28 6 4 28 -6
4 16 16 28 6 4 28 6 1.1 28 10 19.3 28 10
4 16 16 28 -6 16 28 6 19.3 28 10 19.3 28 -10
4 16 4 28 -6 16 28 -6 19.3 28 -10 1.1 28 -10
3 16 17.175 11.383 9.413 16.503 13.094 9.617 3.148 12.974 9.562
3 16 17.175 11.383 9.413 3.148 12.974 9.562 1.829 11.285 9.323
4 16 16.557 16.187 10.348 3.506 15.933 10.244 3.148 12.974 9.562 16.503 13.094 9.617
4 16 18.5685 6.1858 6.1871 2 6.1871 6.1871 2 3.3486 8.0841 18.4562 3.3492 8.0841
3 16 2 7.084 5.165 18.5685 6.1858 6.1871 18.6048 7.1018 5.104
3 16 2 6.1871 6.1871 18.5685 6.1858 6.1871 2 7.084 5.165
4 16 18.0785 -6.1876 -6.1871 15 -7.3982 -4.375 5 -7.3982 -4.375 2 -6.1871 -6.1871
4 16 2 -3.3486 -8.0841 2 -6.1871 -6.1871 2 -8.0841 -3.3486 2 -3 -3
2 24 2 7.084 5.165 1.98 7.737 5.027
2 24 1.98 7.737 5.027 2 8.0841 3.3486
2 24 2 6.1871 6.1871 2 7.084 5.165
2 24 2 3.3486 8.0841 2 6.1871 6.1871
2 24 2 0 8.75 2 3.3486 8.0841
2 24 2 -3.3486 8.0841 2 0 8.75
2 24 2 -6.1871 6.1871 2 -3.3486 8.0841
2 24 2 -6.1871 -6.1871 2 -8.0841 -3.3486
2 24 2 -8.0841 3.3486 2 -6.1871 6.1871
2 24 2 -3.3486 -8.0841 2 -6.1871 -6.1871
2 24 2 -0.025 -8.751 2 -3.3486 -8.0841
2 24 2 1.544 -8.785 2 -0.025 -8.751
2 24 2 8.0841 -3.3486 2 6.1871 -6.1871
2 24 2 8.75 0 2 8.0841 -3.3486
2 24 2 8.0841 3.3486 2 8.75 0
2 24 1.152 8.0841 -3.3486 1.182 6.1871 -6.1871
2 24 1.147 8.75 0 1.152 8.0841 -3.3486
2 24 1.142 8.0841 3.3486 1.147 8.75 0
2 24 1.98 7.737 5.027 1.166 7.737 5.027
2 24 1.166 7.737 5.027 1.142 8.0841 3.3486
2 24 1.206 12.452 1.647 1.152 12.227 0.577
2 24 1.166 7.737 5.027 1.152 8.291 5.249
2 24 1.152 4.405 -8.8 1.182 1.544 -8.785
2 24 1.152 7.365 -8.295 1.152 4.405 -8.8
2 24 1.167 9.829 -4.719 1.152 7.365 -8.295
2 24 1.152 12.227 0.577 1.167 9.829 -4.719
2 24 1.18 11.766 8.472 1.206 12.452 1.647
2 24 1.177 11.285 9.177 1.18 11.766 8.472
2 24 1.152 10.624 9.401 1.177 11.285 9.177
2 24 1.152 8.291 5.249 1.228 9.62 9.071
2 24 1.228 9.62 9.071 1.152 10.624 9.401
2 24 18.6316 7.7769 5.027 18.6535 8.3309 5.249
2 24 18.6535 8.3309 5.249 18.7059 9.655 9.071
2 24 18.7059 9.655 9.071 1.228 9.62 9.071
2 24 18.6162 7.3899 -8.28 1.152 7.365 -8.295
2 24 18.7129 9.8302 -4.719 18.6162 7.3899 -8.28
5 24 1.152 12.227 0.577 1.864 12.232 0.227 3.896 14.169 1.252 1.167 9.829 -4.719
2 24 18.808 12.232 0.223 18.7129 9.8302 -4.719
5 24 1.864 12.232 0.227 18.808 12.232 0.223 1.167 9.829 -4.719 3.896 14.169 1.252
2 24 18.7059 9.655 9.071 18.7457 10.659 9.401
2 24 18.3236 0.0007 8.75 18.4562 3.3492 8.0841
2 24 18.1908 -3.3519 8.0841 18.3236 0.0007 8.75
2 24 5 -7.3982 4.375 15 -7.3982 4.375
2 24 18.0785 -6.1876 6.1871 18.1908 -3.3519 8.0841
2 24 15 -8.0841 3.3486 15 -8.75 0
2 24 15 -7.3982 4.375 15 -8.0841 3.3486
2 24 18.0034 -8.0842 3.3486 18.0785 -6.1876 6.1871
2 24 17.977 -8.75 0 18.0034 -8.0842 3.3486
2 24 15 -8.0841 -3.3486 15 -7.3982 -4.375
2 24 15 -8.75 0 15 -8.0841 -3.3486
2 24 18.0034 -8.0842 -3.3486 17.977 -8.75 0
2 24 18.0785 -6.1876 -6.1871 18.0034 -8.0842 -3.3486
2 24 18.6048 7.1018 5.104 18.6316 7.7769 5.027
5 24 2 7.084 5.165 18.6048 7.1018 5.104 1.98 7.737 5.027 18.5685 6.1858 6.1871
2 24 18.7457 10.659 9.401 18.7706 11.2871 9.149
2 24 18.5685 6.1858 6.1871 18.4562 3.3492 8.0841
2 24 18.6048 7.1018 5.104 18.5685 6.1858 6.1871
2 24 18.808 12.232 0.223 18.818 12.433 1.653
2 24 18.0785 -6.1876 -6.1871 18.1908 -3.3519 -8.0841
2 24 18.1908 -3.3519 -8.0841 18.3226 -0.0243 -8.751
2 24 18.3226 -0.0243 -8.751 18.4998 4.4507 -8.8
2 24 18.4998 4.4507 -8.8 18.6162 7.3899 -8.28
2 24 18.7895 11.7641 8.455 18.7706 11.2871 9.149
2 24 18.818 12.433 1.653 18.7895 11.7641 8.455
2 24 5 -8.0841 3.3486 5 -7.3982 4.375
2 24 5 -7.3982 -4.375 5 -8.0841 -3.3486
2 24 8 -6 -4.375 8 3.217 -4.375
2 24 5 -7.3982 -4.375 5 -6 -4.375
2 24 5 -6 4.375 5 -7.3982 4.375
2 24 8 3.217 4.375 8 -6 4.375
2 24 5 -7.3982 -4.375 15 -7.3982 -4.375
2 24 1.1 28 -10 1.1 22.86 -8.638
2 24 1.1123 19.1203 -5.0188 1.113 19.559 -3.905
2 24 1.112 19.174 -5.39 1.1123 19.1203 -5.0188
2 24 1.1 22.86 -8.638 1.112 19.174 -5.39
2 24 1.113 19.559 -3.905 1.113 19.607 -0.376
2 24 1.1 25.541 10.091 1.1 28 10
2 24 1.1 28 10 1.1 28 -10
2 24 1.113 19.607 -0.376 1.113 19.249 1.53
2 24 1.113 19.249 1.53 1.193 18.195 9.257
2 24 1.113 22.987 10.446 1.1 25.541 10.091
2 24 1.112 20.756 11.596 1.113 22.987 10.446
2 24 1.193 18.195 9.257 1.225 18.394 10.485
2 24 1.225 18.394 10.485 1.124 19.819 11.724
2 24 1.124 19.819 11.724 1.112 20.756 11.596
2 24 18.981 22.86 -8.639 19.3 28 -10
2 24 19.3 28 -10 19.3 28 10
2 24 19.3 28 10 19.147 25.532 10.091
2 24 18.7733 19.1293 -5.0203 18.764 19.183 -5.392
2 24 18.801 19.568 -3.905 18.7733 19.1293 -5.0203
2 24 18.764 19.183 -5.392 18.981 22.86 -8.639
2 24 18.806 19.605 -0.486 18.801 19.568 -3.905
2 24 18.785 19.312 1.498 18.806 19.605 -0.486
2 24 19.147 25.532 10.091 18.998 22.986 10.445
2 24 18.712 18.16 9.079 18.785 19.312 1.498
2 24 18.998 22.986 10.445 18.875 20.761 11.596
2 24 18.728 18.4 10.419 18.712 18.16 9.079
2 24 18.875 20.761 11.596 18.808 19.822 11.724
2 24 18.808 19.822 11.724 18.728 18.4 10.419
2 24 2.084 19.604 -1.196 1.113 19.607 -0.376
2 24 18.806 19.605 -0.486 15.933 19.61 -1.196
2 24 15.933 19.61 -1.196 2.084 19.604 -1.196
2 24 19.3 28 10 1.1 28 10
2 24 18.875 20.761 11.596 1.112 20.756 11.596
2 24 19.3 28 -10 1.1 28 -10

5 24 16.678 14.239 1.588 18.818 12.433 1.653 17.129 13.907 2.296 18.808 12.232 0.223
5 24 1.147 8.75 0 1.152 12.227 0.577 1.142 8.0841 3.3486 1.167 9.829 -4.719
5 24 18.728 18.4 10.419 18.875 20.761 11.596 18.712 18.16 9.079 18.808 19.822 11.724
5 24 1.113 22.987 10.446 1.113 19.249 1.53 1.1 25.541 10.091 1.193 18.195 9.257
5 24 1.193 18.195 9.257 1.113 22.987 10.446 1.124 19.819 11.724 1.113 19.249 1.53
5 24 17.505 13.332 7.911 17.476 16.481 8.863 17.342 13.058 9.162 16.937 17.047 2.599
5 24 2.141 13.003 8.455 2.439 13.609 2.714 1.18 11.766 8.472 2.333 16.204 8.894
5 24 4.317 17.228 1.044 15.933 19.61 -1.196 2.084 19.604 -1.196 15.238 17.246 1.129
5 24 18.6535 8.3309 5.249 1.152 8.291 5.249 18.7059 9.655 9.071 1.98 7.737 5.027
5 24 16.557 16.187 10.348 16.503 13.094 9.617 17.342 13.058 9.162 3.506 15.933 10.244
5 24 16.503 13.094 9.617 3.148 12.974 9.562 16.557 16.187 10.348 17.175 11.383 9.413
5 24 1.152 10.624 9.401 18.7457 10.659 9.401 1.228 9.62 9.071 17.175 11.383 9.413
5 24 15 4.829 -2.473 8 4.829 -2.473 8 3.217 -4.375 15 5.49 0
5 24 1.113 22.987 10.446 18.998 22.986 10.445 19.147 25.532 10.091 1.112 20.756 11.596
5 24 17.129 13.907 2.296 16.937 17.047 2.599 17.505 13.332 7.911 16.669 17.232 1.504
5 24 1.152 4.405 -8.8 1.182 3.3486 -8.0841 1.182 1.544 -8.785 1.182 6.1871 -6.1871
5 24 1.152 10.624 9.401 1.829 11.285 9.323 1.177 11.285 9.177 17.175 11.383 9.413
5 24 1.152 8.291 5.249 1.177 11.285 9.177 1.18 11.766 8.472 1.152 10.624 9.401
5 24 17.175 11.383 9.413 1.152 10.624 9.401 18.7457 10.659 9.401 1.829 11.285 9.323
5 24 3.148 12.974 9.562 3.506 15.933 10.244 16.503 13.094 9.617 2.317 12.897 9.164
5 24 17.342 13.058 9.162 17.505 13.332 7.911 18.7895 11.7641 8.455 17.476 16.481 8.863
5 24 3.896 14.169 1.252 15.227 14.312 1.339 18.808 12.232 0.223 4.317 17.228 1.044
5 24 8 3.217 -4.375 15 3.217 -4.375 15 4.829 -2.473 8 -6 -4.375
5 24 17.342 13.058 9.162 17.302 16.261 9.637 16.557 16.187 10.348 17.476 16.481 8.863
5 24 2.393 18.015 10.942 17.389 18.263 11.116 3.506 15.933 10.244 18.808 19.822 11.724
5 24 16.669 17.232 1.504 18.806 19.605 -0.486 16.937 17.047 2.599 15.238 17.246 1.129
5 24 2.333 16.204 8.894 1.193 18.195 9.257 2.541 16.023 9.627 2.619 17.338 3.126
5 24 1.182 6.1871 -6.1871 1.152 7.365 -8.295 1.152 4.405 -8.8 1.152 8.0841 -3.3486
5 24 2.922 17.299 1.613 1.113 19.607 -0.376 2.084 19.604 -1.196 2.619 17.338 3.126
5 24 1.182 6.1871 -6.1871 1.152 4.405 -8.8 1.182 3.3486 -8.0841 1.152 7.365 -8.295
5 24 2 8.0841 3.3486 2 7.084 5.165 2 3 3 1.98 7.737 5.027
5 24 15 5.49 0 8 5.49 0 8 4.829 -2.473 15 4.829 2.473
5 24 16.937 17.047 2.599 17.476 16.481 8.863 17.505 13.332 7.911 18.712 18.16 9.079
5 24 17.175 11.383 9.413 16.503 13.094 9.617 18.7706 11.2871 9.149 3.148 12.974 9.562
5 24 4.317 17.228 1.044 2.922 17.299 1.613 2.084 19.604 -1.196 3.896 14.169 1.252
5 24 5 -8.0841 3.3486 2 -8.0841 3.3486 2 -8.75 0 5 -7.3982 4.375
5 24 17.389 18.263 11.116 18.808 19.822 11.724 18.728 18.4 10.419 2.393 18.015 10.942
5 24 1.124 19.819 11.724 1.193 18.195 9.257 1.225 18.394 10.485 1.112 20.756 11.596
5 24 1.142 8.0841 3.3486 2 8.0841 3.3486 1.147 8.75 0 1.98 7.737 5.027
5 24 1.1 25.541 10.091 19.147 25.532 10.091 19.3 28 10 1.113 22.987 10.446
5 24 15.238 17.246 1.129 4.317 17.228 1.044 15.227 14.312 1.339 15.933 19.61 -1.196
5 24 1.225 18.394 10.485 2.541 16.023 9.627 3.506 15.933 10.244 1.193 18.195 9.257
5 24 2 -3.3486 8.0841 18.1908 -3.3519 8.0841 18.3236 0.0007 8.75 2 -6.1871 6.1871
5 24 2.333 16.204 8.894 2.141 13.003 8.455 2.619 17.338 3.126 2.317 12.897 9.164
5 24 17.129 13.907 2.296 16.678 14.239 1.588 16.669 17.232 1.504 18.818 12.433 1.653
5 24 3.506 15.933 10.244 17.389 18.263 11.116 2.393 18.015 10.942 16.557 16.187 10.348
5 24 2 6.1871 6.1871 18.5685 6.1858 6.1871 2 7.084 5.165 2 3.3486 8.0841
5 24 1.182 3.3486 -8.0841 2 3.3486 -8.0841 2 6.1871 -6.1871 1.182 1.544 -8.785
5 24 15.238 17.246 1.129 16.678 14.239 1.588 15.227 14.312 1.339 16.669 17.232 1.504
5 24 17.302 16.261 9.637 16.557 16.187 10.348 17.342 13.058 9.162 18.728 18.4 10.419
5 24 17.505 13.332 7.911 18.7895 11.7641 8.455 17.342 13.058 9.162 18.818 12.433 1.653
5 24 2.701 13.708 1.73 2.439 13.609 2.714 2.922 17.299 1.613 1.206 12.452 1.647
5 24 18.981 22.86 -8.639 18.7733 19.1293 -5.0203 18.764 19.183 -5.392 18.801 19.568 -3.905
5 24 18.981 22.86 -8.639 18.801 19.568 -3.905 18.7733 19.1293 -5.0203 18.806 19.605 -0.486
5 24 15.238 17.246 1.129 16.669 17.232 1.504 16.678 14.239 1.588 15.933 19.61 -1.196
5 24 18.7895 11.7641 8.455 17.342 13.058 9.162 18.7706 11.2871 9.149 17.505 13.332 7.911
5 24 16.557 16.187 10.348 17.389 18.263 11.116 3.506 15.933 10.244 18.728 18.4 10.419
5 24 2.619 17.338 3.126 2.333 16.204 8.894 1.193 18.195 9.257 2.439 13.609 2.714
5 24 3.506 15.933 10.244 2.393 18.015 10.942 1.225 18.394 10.485 17.389 18.263 11.116
5 24 1.152 12.227 0.577 1.142 8.0841 3.3486 1.206 12.452 1.647 1.147 8.75 0
5 24 16.937 17.047 2.599 18.785 19.312 1.498 18.712 18.16 9.079 18.806 19.605 -0.486
5 24 2.922 17.299 1.613 2.084 19.604 -1.196 4.317 17.228 1.044 1.113 19.607 -0.376
5 24 1.142 8.0841 3.3486 1.206 12.452 1.647 1.152 12.227 0.577 1.152 8.291 5.249
5 24 2.317 12.897 9.164 1.18 11.766 8.472 1.177 11.285 9.177 2.141 13.003 8.455
5 24 2.317 12.897 9.164 3.148 12.974 9.562 1.177 11.285 9.177 3.506 15.933 10.244
5 24 17.476 16.481 8.863 17.302 16.261 9.637 17.342 13.058 9.162 18.712 18.16 9.079
5 24 4.317 17.228 1.044 2.084 19.604 -1.196 2.922 17.299 1.613 15.933 19.61 -1.196
5 24 15 3.217 4.375 8 3.217 4.375 8 4.829 2.473 15 -7.3982 4.375
5 24 18.818 12.433 1.653 17.129 13.907 2.296 17.505 13.332 7.911 16.678 14.239 1.588
5 24 1.177 11.285 9.177 2.317 12.897 9.164 1.18 11.766 8.472 3.148 12.974 9.562
5 24 16.503 13.094 9.617 18.7706 11.2871 9.149 17.342 13.058 9.162 17.175 11.383 9.413
5 24 2 6.1871 -6.1871 1.182 6.1871 -6.1871 1.182 3.3486 -8.0841 2 8.0841 -3.3486
5 24 18.7706 11.2871 9.149 17.175 11.383 9.413 18.7457 10.659 9.401 16.503 13.094 9.617
5 24 18.806 19.605 -0.486 16.937 17.047 2.599 16.669 17.232 1.504 18.785 19.312 1.498
5 24 1.152 12.227 0.577 3.896 14.169 1.252 1.864 12.232 0.227 2.701 13.708 1.73
5 24 1.113 19.249 1.53 2.619 17.338 3.126 1.193 18.195 9.257 1.113 19.607 -0.376
5 24 1.152 8.291 5.249 1.152 10.624 9.401 1.228 9.62 9.071 1.177 11.285 9.177
5 24 2.619 17.338 3.126 2.922 17.299 1.613 1.113 19.249 1.53 2.439 13.609 2.714
5 24 2.333 16.204 8.894 2.317 12.897 9.164 2.541 16.023 9.627 2.141 13.003 8.455
5 24 16.669 17.232 1.504 17.129 13.907 2.296 16.678 14.239 1.588 16.937 17.047 2.599
5 24 18.808 19.822 11.724 1.124 19.819 11.724 18.875 20.761 11.596 2.393 18.015 10.942
5 24 1.167 9.829 -4.719 18.7129 9.8302 -4.719 18.6162 7.3899 -8.28 1.864 12.232 0.227
5 24 18.0785 -6.1876 6.1871 2 -6.1871 6.1871 5 -7.3982 4.375 18.1908 -3.3519 8.0841
5 24 18.998 22.986 10.445 18.712 18.16 9.079 18.785 19.312 1.498 18.875 20.761 11.596
5 24 2.141 13.003 8.455 2.317 12.897 9.164 1.18 11.766 8.472 2.333 16.204 8.894
5 24 16.557 16.187 10.348 17.342 13.058 9.162 16.503 13.094 9.617 17.302 16.261 9.637
5 24 1.113 19.559 -3.905 2.084 19.604 -1.196 1.113 19.607 -0.376 18.801 19.568 -3.905
5 24 2.439 13.609 2.714 2.619 17.338 3.126 2.922 17.299 1.613 2.141 13.003 8.455
5 24 15.933 19.61 -1.196 15.238 17.246 1.129 4.317 17.228 1.044 18.806 19.605 -0.486
5 24 1.1 25.541 10.091 1.1 22.86 -8.638 1.113 19.559 -3.905 1.1 28 10
5 24 19.147 25.532 10.091 18.981 22.86 -8.639 19.3 28 -10 18.785 19.312 1.498
5 24 1.98 7.737 5.027 18.6048 7.1018 5.104 18.6316 7.7769 5.027 2 7.084 5.165
5 24 1.829 11.285 9.323 1.177 11.285 9.177 1.152 10.624 9.401 3.148 12.974 9.562
5 24 16.937 17.047 2.599 17.505 13.332 7.911 17.129 13.907 2.296 17.476 16.481 8.863
5 24 17.505 13.332 7.911 17.129 13.907 2.296 18.818 12.433 1.653 16.937 17.047 2.599
5 24 19.147 25.532 10.091 18.785 19.312 1.498 18.806 19.605 -0.486 18.998 22.986 10.445
5 24 15 -8.0841 3.3486 18.0034 -8.0842 3.3486 18.0785 -6.1876 6.1871 15 -8.75 0
5 24 1.152 8.0841 -3.3486 1.167 9.829 -4.719 1.147 8.75 0 1.152 7.365 -8.295
5 24 2.141 13.003 8.455 1.18 11.766 8.472 2.317 12.897 9.164 2.439 13.609 2.714
5 24 18.712 18.16 9.079 16.937 17.047 2.599 18.785 19.312 1.498 17.476 16.481 8.863
5 24 1.225 18.394 10.485 3.506 15.933 10.244 2.393 18.015 10.942 2.541 16.023 9.627
5 24 1.18 11.766 8.472 1.152 8.291 5.249 1.177 11.285 9.177 1.206 12.452 1.647
5 24 1.147 8.75 0 2 8.75 0 2 8.0841 3.3486 1.152 8.0841 -3.3486
5 24 1.206 12.452 1.647 2.439 13.609 2.714 1.18 11.766 8.472 2.701 13.708 1.73
5 24 3.148 12.974 9.562 17.175 11.383 9.413 16.503 13.094 9.617 1.829 11.285 9.323
5 24 2 8.0841 -3.3486 1.152 8.0841 -3.3486 1.182 6.1871 -6.1871 2 8.75 0
5 24 1.152 8.291 5.249 1.142 8.0841 3.3486 1.18 11.766 8.472 1.166 7.737 5.027
5 24 3.896 14.169 1.252 1.864 12.232 0.227 15.227 14.312 1.339 1.152 12.227 0.577
5 24 16.669 17.232 1.504 16.678 14.239 1.588 15.238 17.246 1.129 17.129 13.907 2.296
5 24 2.701 13.708 1.73 1.152 12.227 0.577 3.896 14.169 1.252 1.206 12.452 1.647
5 24 1.1 22.86 -8.638 1.113 19.559 -3.905 1.113 19.607 -0.376 1.112 19.174 -5.39
5 24 3.506 15.933 10.244 16.557 16.187 10.348 3.148 12.974 9.562 17.389 18.263 11.116
5 24 2 7.084 5.165 18.5685 6.1858 6.1871 2 6.1871 6.1871 18.6048 7.1018 5.104
5 24 1.864 12.232 0.227 1.167 9.829 -4.719 18.808 12.232 0.223 1.152 12.227 0.577
5 24 18.0034 -8.0842 -3.3486 15 -8.0841 -3.3486 15 -7.3982 -4.375 17.977 -8.75 0
5 24 1.152 8.0841 -3.3486 1.152 7.365 -8.295 1.182 6.1871 -6.1871 1.167 9.829 -4.719
5 24 3.506 15.933 10.244 2.541 16.023 9.627 1.225 18.394 10.485 2.317 12.897 9.164
5 24 17.505 13.332 7.911 18.818 12.433 1.653 17.129 13.907 2.296 18.7895 11.7641 8.455
5 24 3.896 14.169 1.252 4.317 17.228 1.044 15.238 17.246 1.129 2.701 13.708 1.73
5 24 2 -8.0841 -3.3486 5 -8.0841 -3.3486 5 -8.75 0 2 -6.1871 -6.1871
5 24 17.302 16.261 9.637 18.728 18.4 10.419 16.557 16.187 10.348 18.712 18.16 9.079
5 24 17.476 16.481 8.863 17.342 13.058 9.162 17.505 13.332 7.911 17.302 16.261 9.637
5 24 15.933 19.61 -1.196 18.801 19.568 -3.905 18.806 19.605 -0.486 2.084 19.604 -1.196
5 24 16.678 14.239 1.588 18.808 12.232 0.223 15.227 14.312 1.339 18.818 12.433 1.653
5 24 18.801 19.568 -3.905 1.113 19.559 -3.905 1.1123 19.1203 -5.0188 15.933 19.61 -1.196
5 24 17.175 11.383 9.413 18.7457 10.659 9.401 1.152 10.624 9.401 18.7706 11.2871 9.149
5 24 17.342 13.058 9.162 18.7706 11.2871 9.149 18.7895 11.7641 8.455 16.503 13.094 9.617
5 24 17.302 16.261 9.637 18.712 18.16 9.079 17.476 16.481 8.863 18.728 18.4 10.419
5 24 1.829 11.285 9.323 17.175 11.383 9.413 1.152 10.624 9.401 3.148 12.974 9.562
5 24 2.317 12.897 9.164 2.541 16.023 9.627 2.333 16.204 8.894 3.506 15.933 10.244
5 24 18.712 18.16 9.079 17.476 16.481 8.863 17.302 16.261 9.637 16.937 17.047 2.599
5 24 5 -8.75 0 2 -8.75 0 2 -8.0841 -3.3486 5 -8.0841 3.3486
5 24 18.728 18.4 10.419 16.557 16.187 10.348 17.302 16.261 9.637 17.389 18.263 11.116
5 24 1.124 19.819 11.724 2.393 18.015 10.942 1.225 18.394 10.485 18.808 19.822 11.724
5 24 2.439 13.609 2.714 1.18 11.766 8.472 2.141 13.003 8.455 1.206 12.452 1.647
5 24 15 -8.75 0 17.977 -8.75 0 18.0034 -8.0842 3.3486 15 -8.0841 -3.3486
5 24 3.506 15.933 10.244 2.317 12.897 9.164 3.148 12.974 9.562 2.541 16.023 9.627
5 24 15.227 14.312 1.339 15.238 17.246 1.129 16.678 14.239 1.588 3.896 14.169 1.252
5 24 2.439 13.609 2.714 2.922 17.299 1.613 2.701 13.708 1.73 2.619 17.338 3.126
5 24 2 3.3486 8.0841 18.4562 3.3492 8.0841 2 0 8.75 18.5685 6.1858 6.1871
5 24 3.148 12.974 9.562 1.177 11.285 9.177 1.829 11.285 9.323 2.317 12.897 9.164
5 24 1.225 18.394 10.485 2.393 18.015 10.942 3.506 15.933 10.244 1.124 19.819 11.724
5 24 17.389 18.263 11.116 18.728 18.4 10.419 18.808 19.822 11.724 16.557 16.187 10.348
5 24 2 0 8.75 18.3236 0.0007 8.75 18.4562 3.3492 8.0841 2 -3.3486 8.0841
5 24 3.148 12.974 9.562 1.829 11.285 9.323 1.177 11.285 9.177 17.175 11.383 9.413
5 24 16.678 14.239 1.588 15.227 14.312 1.339 15.238 17.246 1.129 18.808 12.232 0.223
5 24 16.503 13.094 9.617 17.342 13.058 9.162 16.557 16.187 10.348 18.7706 11.2871 9.149
5 24 2.701 13.708 1.73 3.896 14.169 1.252 1.152 12.227 0.577 2.922 17.299 1.613
5 24 8 4.829 2.473 15 4.829 2.473 15 3.217 4.375 8 5.49 0
5 24 2.541 16.023 9.627 2.333 16.204 8.894 1.225 18.394 10.485 2.317 12.897 9.164
5 24 2.701 13.708 1.73 1.206 12.452 1.647 1.152 12.227 0.577 2.439 13.609 2.714
5 24 1.1123 19.1203 -5.0188 18.7733 19.1293 -5.0203 18.801 19.568 -3.905 1.112 19.174 -5.39
5 24 16.669 17.232 1.504 16.937 17.047 2.599 17.129 13.907 2.296 18.806 19.605 -0.486
5 24 2.619 17.338 3.126 1.193 18.195 9.257 1.113 19.249 1.53 2.333 16.204 8.894
5 24 18.6316 7.7769 5.027 1.98 7.737 5.027 18.6535 8.3309 5.249 18.6048 7.1018 5.104
5 24 2.922 17.299 1.613 2.701 13.708 1.73 2.439 13.609 2.714 4.317 17.228 1.044
5 24 2.393 18.015 10.942 18.808 19.822 11.724 1.124 19.819 11.724 17.389 18.263 11.116
5 24 18.764 19.183 -5.392 1.112 19.174 -5.39 18.7733 19.1293 -5.0203 18.981 22.86 -8.639
5 24 18.0785 -6.1876 -6.1871 2 -6.1871 -6.1871 18.0034 -8.0842 -3.3486 18.1908 -3.3519 -8.0841
5 24 18.808 12.232 0.223 15.227 14.312 1.339 16.678 14.239 1.588 3.896 14.169 1.252
