0 ~Minifig Armour Plate without Front
0 Name: s\2587s01.dat
0 Author: Bernd Broich [bbroich]
0 !LDRAW_ORG Unofficial_Subpart
0 !LICENSE Redistributable under CCAL version 2.0 : see CAreadme.txt

0 BFC CERTIFY CCW

0 !HISTORY 2009-12-08 [Philo] Subparted for patterned parts
0 !HISTORY 2009-12-29 [PTadmin] Official Update 2009-03
0 !HISTORY 2021-10-15 [Lasse_Deleuran] Updated after correction of 1-4ring5.dat
0 !HISTORY 2022-03-10 [MagFors] Closed some thin gaps


0 // Inner Back Plane
1 16 -16 29 10 -3 0 0 0 0 3 0 1 0 1-4chrd.dat
1 16 -16 29 10 -3 0 0 0 0 3 0 1 0 1-4edge.dat
1 16 -16 29 10 -3 0 0 0 0 3 0 1.5 0 1-4cyli.dat
1 16 -16 29 11.5 0 0 -3 3 0 0 0 .567 0 1-4cyls.dat
1 16 16 29 10 3 0 0 0 0 3 0 1 0 1-4chrd.dat
1 16 16 29 10 3 0 0 0 0 3 0 1 0 1-4edge.dat
1 16 16 29 10 3 0 0 0 0 3 0 1.5 0 1-4cyli.dat
1 16 16 29 11.5 0 0 3 3 0 0 0 .567 0 1-4cyls.dat
2 24 -15.379 8 10 -15.379 8 12
2 24 -15.379 8 -10 -15.4366 7.9255 -12
2 24 -16 32 10 16 32 10
2 24 -19 29 10 -15.379 8 10
2 24 14 0 10 -14 0 10
2 24 15.379 8 10 15.379 8 12
2 24 15.379 8 -10 15.4366 7.9255 -12
2 24 19 29 10 15.379 8 10
4 16 -16 32 10 -16 32 11.5 16 32 11.5 16 32 10
4 16 -19 29 10 -15.379 8 10 -15.379 8 12 -19 29 12.067
4 16 19 29 10 -19 29 10 -16 32 10 16 32 10
4 16 -14 0 10 -15.379 8 10 15.379 8 10 14 0 10
4 16 -15.379 8 10 -19 29 10 19 29 10 15.379 8 10
4 16 19 29 10 19 29 12.067 15.379 8 12 15.379 8 10
0 // Outer Back Plane
1 16 -16 29 12.067 -3 0 0 0 -1 3 0 0 -.5665 1-4chrd.dat
1 16 -16 29 12.067 -3 0 0 0 -1 3 0 0 -.5665 1-4edge.dat
1 16 16 29 12.067 3 0 0 0 -1 3 0 0 -.5665 1-4chrd.dat
1 16 16 29 12.067 3 0 0 0 -1 3 0 0 -.5665 1-4edge.dat
2 24 -11.7 11 14 -13.483 -3 12
2 24 -11.7 11 14 -14 19 14
2 24 -11.7 11 14 11.7 11 14
2 24 -13.483 -3 12 13.483 -3 12
2 24 -14 19 14 -19 29 12.067
2 24 -14 19 14 14 19 14
2 24 -16 32 11.5 16 32 11.5
2 24 -19 29 12.067 -13.483 -3 12
2 24 11.7 11 14 13.483 -3 12
2 24 11.7 11 14 14 19 14
2 24 14 19 14 19 29 12.067
2 24 19 29 12.067 13.483 -3 12
3 16 -11.7 11 14 -14 19 14 -13.483 -3 12
3 16 -13.483 -3 12 -14 19 14 -19 29 12.067
4 16 -11.7 11 14 -13.483 -3 12 13.483 -3 12 11.7 11 14
4 16 -14 19 14 -11.7 11 14 11.7 11 14 14 19 14
3 16 11.7 11 14 13.483 -3 12 14 19 14
3 16 13.483 -3 12 19 29 12.067 14 19 14
4 16 14 19 14 19 29 12.067 -19 29 12.067 -14 19 14
4 16 16 32 11.5 -16 32 11.5 -19 29 12.067 19 29 12.067
0 // Top
1 16 -13.483 -3 0 0 0 1 0 1 0 12 0 0 2-4ndis.dat
1 16 0 -3 0 6 0 0 0 1 0 0 0 -6 4-4edge.dat
1 16 0 -3 0 6 0 0 0 1 0 0 0 -6 4-4ndis.dat
0 BFC INVERTNEXT
1 16 0 -3 0 6 0 0 0 3 0 0 0 -6 4-4cyli.dat
1 16 0 0 0 6 0 0 0 1 0 0 0 -6 4-4edge.dat
1 16 0 0 0 6 0 0 0 -1 0 0 0 -6 4-4ndis.dat
1 16 13.483 -3 0 0 0 -1 0 1 0 12 0 0 2-4ndis.dat
2 24 -13.483 -3 12 -13.483 -3 -12
2 24 13.483 -3 12 13.483 -3 -12
3 16 13.483 -3 -12 -13.483 -3 -12 0 -3 -15
4 16 -14 0 -10 -6 0 -6 6 0 -6 14 0 -10
4 16 -14 0 10 -6 0 6 -6 0 -6 -14 0 -10
4 16 -14 0 10 14 0 10 6 0 6 -6 0 6
4 16 -6 -3 6 -12.483 -3 12 -12.483 -3 -12 -6 -3 -6
4 16 14 0 10 14 0 -10 6 0 -6 6 0 6
4 16 6 -3 -6 -6 -3 -6 -12.483 -3 -12 12.483 -3 -12
4 16 6 -3 6 12.483 -3 12 -12.483 -3 12 -6 -3 6
4 16 6 -3 6 6 -3 -6 12.483 -3 -12 12.483 -3 12
0 // Outer Front Lines
2 24 -1.148 26.114 -19.076 0 26 -19
2 24 -12.2 24.2 -16 -6.9 25.8 -18.6
2 24 -13.483 -3 -12 0 -3 -15
2 24 -14 31 -19 -9 32 -21.5
2 24 -17.7085 21.5 -12 -12.2 24.2 -16
2 24 -19 29 -15 -14 31 -19
2 24 -19 29 -15 -17.7085 21.5 -12
2 24 -2.121 26.44 -19.293 -1.148 26.114 -19.076
2 24 -2.772 26.926 -19.617 -2.121 26.44 -19.293
2 24 -4.8 32 -22.241 -2.772 26.926 -19.617
2 24 -6 32.375 -22.5 -4.8 32 -22.241
2 24 -6 32.375 -22.5 -9 32 -21.5
2 24 -6.9 25.8 -18.6 0 26 -19
2 24 0 -3 -15 0 4.22 -18.7
2 24 0 11.37 -20.28 0 17.5 -20.36
2 24 0 26 -19 0 17.5 -20.36
2 24 0 4.22 -18.7 0 11.37 -20.28
2 24 1.148 26.114 -19.076 0 26 -19
2 24 12.2 24.2 -16 6.9 25.8 -18.6
2 24 13.483 -3 -12 0 -3 -15
2 24 14 31 -19 9 32 -21.5
2 24 17.7085 21.5 -12 12.2 24.2 -16
2 24 19 29 -15 14 31 -19
2 24 19 29 -15 17.7085 21.5 -12
2 24 2.121 26.44 -19.293 1.148 26.114 -19.076
2 24 2.772 26.926 -19.617 2.121 26.44 -19.293
2 24 4.8 32 -22.241 2.772 26.926 -19.617
2 24 6 32.375 -22.5 4.8 32 -22.241
2 24 6 32.375 -22.5 9 32 -21.5
2 24 6.9 25.8 -18.6 0 26 -19
0 // Inner Front
2 24 -1.148 27.114 -17.576 0 27 -17.5
2 24 -12.2 22.7 -11.3 -6.9 23.3 -12.3
2 24 -14 32 -17.5 -9.5 33 -20
2 24 -17.7085 22 -10 -12.2 22.7 -11.3
2 24 -17.7085 22 -10 -15.379 8 -10
2 24 -19.1815 30.0605 -13.4 -14 32 -17.5
2 24 -19.1815 30.0605 -13.4 -17.7085 22 -10
2 24 -19.1815 30.0605 -13.4 -19 29 -15
2 24 -2.121 27.435 -17.79225 -1.148 27.114 -17.576
2 24 -3.272 27.928 -18.1185 -2.121 27.435 -17.79225
2 24 -5.3 33 -20.741 -3.272 27.928 -18.1185
2 24 -6.5 33.375 -21 -5.3 33 -20.741
2 24 -6.5 33.375 -21 -9.5 33 -20
2 24 -6.9 23.3 -12.3 0 23.5 -13
2 24 1.148 27.114 -17.576 0 27 -17.5
2 24 12.2 22.7 -11.3 6.9 23.3 -12.3
2 24 14 0 -10 -14 0 -10
2 24 14 32 -17.5 9.5 33 -20
2 24 17.7085 22 -10 15.379 8 -10
2 24 19.1815 30.0605 -13.4 14 32 -17.5
2 24 19.1815 30.0605 -13.4 17.7085 22 -10
2 24 19.1815 30.0605 -13.4 19 29 -15
2 24 2.121 27.435 -17.79225 1.148 27.114 -17.576
2 24 3.272 27.926 -18.117 2.121 27.435 -17.79225
2 24 5.3 33 -20.741 3.272 27.926 -18.117
2 24 6.5 33.375 -21 5.3 33 -20.741
2 24 6.5 33.375 -21 9.5 33 -20
2 24 6.9 23.3 -12.3 0 23.5 -13
3 16 -2.121 27.435 -17.79225 -6.9 23.3 -12.3 -1.148 27.114 -17.576
3 16 -3.272 27.928 -18.1185 -6.9 23.3 -12.3 -2.121 27.435 -17.79225
3 16 -5.3 33 -20.741 -6.9 23.3 -12.3 -3.272 27.928 -18.1185
3 16 -6.5 33.375 -21 -6.9 23.3 -12.3 -5.3 33 -20.741
3 16 -6.5 33.375 -21 -9.5 33 -20 -6.9 23.3 -12.3
3 16 2.121 27.435 -17.79225 1.148 27.114 -17.576 6.9 23.3 -12.3
3 16 3.272 27.926 -18.117 2.121 27.435 -17.79225 6.9 23.3 -12.3
3 16 5.3 33 -20.741 3.272 27.926 -18.117 6.9 23.3 -12.3
3 16 6.5 33.375 -21 5.3 33 -20.741 6.9 23.3 -12.3
3 16 6.5 33.375 -21 6.9 23.3 -12.3 9.5 33 -20
4 16 -1.148 26.114 -19.076 -1.148 27.114 -17.576 0 27 -17.5 0 26 -19
4 16 -1.148 27.114 -17.576 -6.9 23.3 -12.3 0 23.5 -13 0 27 -17.5
3 16 -14 0 -10 -6.9 0 -10 -12.2 22.7 -11.3
3 16 -6.9 0 -10 -6.9 23.3 -12.3 -12.2 22.7 -11.3
3 16 -12.2 22.7 -11.3 -6.9 23.3 -12.3 -9.5 33 -20
3 16 -9.5 33 -20 -14 32 -17.5 -12.2 22.7 -11.3
3 16 -15.379 8 -10 -14 0 -10 -12.2 22.7 -11.3
3 16 -17.7085 22 -10 -15.379 8 -10 -12.2 22.7 -11.3
3 16 -14 31 -19 -9.5 33 -20 -9 32 -21.5
3 16 -14 31 -19 -14 32 -17.5 -9.5 33 -20
3 16 -15.96 10.67 -12 -15.4366 7.9255 -12 -15.379 8 -10
3 16 -16.6 15 -12 -15.96 10.67 -12 -15.379 8 -10
3 16 -17.7085 21.5 -12 -16.6 15 -12 -15.379 8 -10
3 16 -17.7085 21.5 -12 -15.379 8 -10 -17.7085 22 -10
3 16 -17.7085 22 -10 -12.2 22.7 -11.3 -19.1815 30.0605 -13.4
3 16 -12.2 22.7 -11.3 -14 32 -17.5 -19.1815 30.0605 -13.4
3 16 -19 29 -15 -14 32 -17.5 -14 31 -19
3 16 -19 29 -15 -19.1815 30.0605 -13.4 -14 32 -17.5
3 16 -19 29 -15 -17.7085 21.5 -12 -17.7085 22 -10
3 16 -19 29 -15 -17.7085 22 -10 -19.1815 30.0605 -13.4
4 16 -2.121 26.44 -19.293 -2.121 27.435 -17.79225 -1.148 27.114 -17.576 -1.148 26.114 -19.076
3 16 -2.121 26.44 -19.293 -2.772 26.926 -19.617 -3.272 27.928 -18.1185
3 16 -3.272 27.928 -18.1185 -2.121 27.435 -17.79225 -2.121 26.44 -19.293
4 16 -4.8 32 -22.241 -5.3 33 -20.741 -3.272 27.928 -18.1185 -2.772 26.926 -19.617
4 16 -6 32.375 -22.5 -6.5 33.375 -21 -5.3 33 -20.741 -4.8 32 -22.241
4 16 -6 32.375 -22.5 -9 32 -21.5 -9.5 33 -20 -6.5 33.375 -21
3 16 -6.9 0 -10 6.9 0 -10 0 23.5 -13
3 16 0 23.5 -13 -6.9 23.3 -12.3 -6.9 0 -10
4 16 1.148 26.114 -19.076 0 26 -19 0 27 -17.5 1.148 27.114 -17.576
4 16 1.148 27.114 -17.576 0 27 -17.5 0 23.5 -13 6.9 23.3 -12.3
3 16 14 0 -10 12.2 22.7 -11.3 6.9 0 -10
3 16 6.9 0 -10 12.2 22.7 -11.3 6.9 23.3 -12.3
3 16 12.2 22.7 -11.3 14 32 -17.5 9.5 33 -20
3 16 9.5 33 -20 6.9 23.3 -12.3 12.2 22.7 -11.3
3 16 15.379 8 -10 17.7085 22 -10 12.2 22.7 -11.3
3 16 14 0 -10 15.379 8 -10 12.2 22.7 -11.3
3 16 14 31 -19 9 32 -21.5 9.5 33 -20
3 16 14 31 -19 9.5 33 -20 14 32 -17.5
3 16 16.6 15 -12 17.7085 21.5 -12 15.379 8 -10
3 16 15.96 10.67 -12 16.6 15 -12 15.379 8 -10
3 16 15.4366 7.9255 -12 15.96 10.67 -12 15.379 8 -10
3 16 17.7085 21.5 -12 17.7085 22 -10 15.379 8 -10
3 16 19 29 -15 17.7085 22 -10 17.7085 21.5 -12
3 16 19 29 -15 19.1815 30.0605 -13.4 17.7085 22 -10
3 16 17.7085 22 -10 19.1815 30.0605 -13.4 12.2 22.7 -11.3
3 16 12.2 22.7 -11.3 19.1815 30.0605 -13.4 14 32 -17.5
3 16 19 29 -15 14 31 -19 14 32 -17.5
3 16 19 29 -15 14 32 -17.5 19.1815 30.0605 -13.4
4 16 2.121 26.44 -19.293 1.148 26.114 -19.076 1.148 27.114 -17.576 2.121 27.435 -17.79225
3 16 2.121 26.44 -19.293 2.121 27.435 -17.79225 3.272 27.926 -18.117
3 16 3.272 27.926 -18.117 2.772 26.926 -19.617 2.121 26.44 -19.293
4 16 4.8 32 -22.241 2.772 26.926 -19.617 3.272 27.926 -18.117 5.3 33 -20.741
4 16 6 32.375 -22.5 4.8 32 -22.241 5.3 33 -20.741 6.5 33.375 -21
4 16 6 32.375 -22.5 6.5 33.375 -21 9.5 33 -20 9 32 -21.5
3 16 6.9 0 -10 6.9 23.3 -12.3 0 23.5 -13
0 // Left Shoulder
1 16 13.483 -3 0 0 0 -1 0 -1 0 -12 0 0 1-8sphe.dat
1 16 13.483 -3 0 0 0 -1 0 -1 0 12 0 0 1-8sphe.dat
1 16 13.483 -3 0 0 0 -1 0 1 0 12 0 0 2-4edge.dat
1 16 13.483 -3 0 0 0 7.7412 0 1 2.6 12 0 0 2-4chrd.dat
1 16 13.483 -3 0 0 0 7.7412 0 -1 2.6 12 0 0 2-4edge.dat
1 16 13.483 -3 0 0 -1 0 0 0 -1 12 0 0 2-4chrd.dat
1 16 13.483 -3 0 0 1 0 0 0 -1 12 0 0 2-4edge.dat
1 16 14.431 2.5 -12 .948 0 1 5.5 0 0 0 1 .304 2-4edge.dat
1 16 14.431 2.5 -12 .948 1 0 5.5 0 0 0 0 -1 2-4chrd.dat
1 16 14.431 2.5 -12 .948 1 0 5.5 0 0 0 0 -1 2-4edge.dat
1 16 14.431 2.5 -12 .948 1 0 5.5 0 0 0 .304 -1 2-8sphe.dat
1 16 14.431 2.5 12 .948 0 1 5.5 0 0 0 -1 -.304 2-4edge.dat
1 16 14.431 2.5 12 .948 1 0 5.5 0 0 0 -.304 1 2-8sphe.dat
1 16 14.431 2.5 12 .948 1 0 5.5 0 0 0 0 1 2-4chrd.dat
1 16 14.431 2.5 12 .948 1 0 5.5 0 0 0 0 1 2-4edge.dat
1 16 15.379 8 0 0 0 .9742 0 -1 -1.4 -2 0 0 1-4ring5.dat
1 16 15.379 8 0 0 0 .9742 0 -1 -1.4 2 0 0 1-4ring5.dat
1 16 15.379 8 0 0 0 4.871 0 -1 -7 10 0 0 2-4edge.dat
1 16 15.379 8 0 0 0 5.8452 0 -1 -8.4 12 0 0 2-4edge.dat
3 16 14 0 10 20.25 1 0 14 0 -10
3 16 15.379 8 -10 14 0 -10 17.2431 5.3211 -9.239
3 16 15.379 8 10 17.2431 5.3211 9.239 14 0 10
3 16 17.2431 5.3211 -9.239 14 0 -10 18.8233 3.0503 -7.071
3 16 17.2431 5.3211 9.239 18.8233 3.0503 7.071 14 0 10
3 16 18.8233 3.0503 -7.071 14 0 -10 19.8793 1.5327 -3.827
3 16 18.8233 3.0503 7.071 19.8793 1.5327 3.827 14 0 10
3 16 19.8793 1.5327 -3.827 14 0 -10 20.25 1 0
3 16 19.8793 1.5327 3.827 20.25 1 0 14 0 10
3 16 20.7794 .2392 -4.5924 21.2242 -.4 0 20.6351 -.5979 -4.5924
3 16 20.7794 .2392 4.5924 20.6351 -.5979 4.5924 21.2242 -.4 0
4 16 15.379 8 -12 17.616 4.7853 -11.0868 16.4456 -2.005 -11.0868 13.483 -3 -12
4 16 15.379 8 12 13.483 -3 12 16.4456 -2.005 11.0868 17.616 4.7853 11.0868
4 16 17.616 4.7853 -11.0868 19.5121 2.0604 -8.4852 18.9568 -1.1615 -8.4852 16.4456 -2.005 -11.0868
4 16 17.616 4.7853 11.0868 16.4456 -2.005 11.0868 18.9568 -1.1615 8.4852 19.5121 2.0604 8.4852
4 16 19.5121 2.0604 -8.4852 20.7794 .2392 -4.5924 20.6351 -.5979 -4.5924 18.9568 -1.1615 -8.4852
4 16 19.5121 2.0604 8.4852 18.9568 -1.1615 8.4852 20.6351 -.5979 4.5924 20.7794 .2392 4.5924
0 // Right Shoulder
1 16 -13.483 -3 0 0 1 0 0 0 -1 12 0 0 2-4chrd.dat
1 16 -13.483 -3 0 0 -1 0 0 0 -1 12 0 0 2-4edge.dat
1 16 -13.483 -3 0 0 0 -7.7412 0 1 2.6 12 0 0 2-4chrd.dat
1 16 -13.483 -3 0 0 0 -7.7412 0 -1 2.6 12 0 0 2-4edge.dat
1 16 -13.483 -3 0 0 0 1 0 -1 0 -12 0 0 1-8sphe.dat
1 16 -13.483 -3 0 0 0 1 0 -1 0 12 0 0 1-8sphe.dat
1 16 -13.483 -3 0 0 0 1 0 1 0 12 0 0 2-4edge.dat
1 16 -14.431 2.5 -12 -.948 -1 0 5.5 0 0 0 0 -1 2-4chrd.dat
1 16 -14.431 2.5 -12 -.948 -1 0 5.5 0 0 0 0 -1 2-4edge.dat
1 16 -14.431 2.5 -12 -.948 -1 0 5.5 0 0 0 .304 -1 2-8sphe.dat
1 16 -14.431 2.5 -12 -.948 0 -1 5.5 0 0 0 1 .304 2-4edge.dat
1 16 -14.431 2.5 12 -.948 -1 0 5.5 0 0 0 -.304 1 2-8sphe.dat
1 16 -14.431 2.5 12 -.948 -1 0 5.5 0 0 0 0 1 2-4chrd.dat
1 16 -14.431 2.5 12 -.948 -1 0 5.5 0 0 0 0 1 2-4edge.dat
1 16 -14.431 2.5 12 -.948 0 -1 5.5 0 0 0 -1 -.304 2-4edge.dat
1 16 -15.379 8 0 0 0 -.9742 0 -1 -1.4 -2 0 0 1-4ring5.dat
1 16 -15.379 8 0 0 0 -.9742 0 -1 -1.4 2 0 0 1-4ring5.dat
1 16 -15.379 8 0 0 0 -4.871 0 -1 -7 10 0 0 2-4edge.dat
1 16 -15.379 8 0 0 0 -5.8452 0 -1 -8.4 12 0 0 2-4edge.dat
3 16 -14 0 10 -14 0 -10 -20.25 1 0
3 16 -15.379 8 -10 -17.2431 5.3211 -9.239 -14 0 -10
3 16 -15.379 8 10 -14 0 10 -17.2431 5.3211 9.239
3 16 -17.2431 5.3211 -9.239 -18.8233 3.0503 -7.071 -14 0 -10
3 16 -17.2431 5.3211 9.239 -14 0 10 -18.8233 3.0503 7.071
3 16 -18.8233 3.0503 -7.071 -19.8793 1.5327 -3.827 -14 0 -10
3 16 -18.8233 3.0503 7.071 -14 0 10 -19.8793 1.5327 3.827
3 16 -19.8793 1.5327 -3.827 -20.25 1 0 -14 0 -10
3 16 -19.8793 1.5327 3.827 -14 0 10 -20.25 1 0
3 16 -20.7794 .2392 -4.5924 -20.6351 -.5979 -4.5924 -21.2242 -.4 0
3 16 -20.7794 .2392 4.5924 -21.2242 -.4 0 -20.6351 -.5979 4.5924
4 16 -15.379 8 -12 -13.483 -3 -12 -16.4456 -2.005 -11.0868 -17.616 4.7853 -11.0868
4 16 -15.379 8 12 -17.616 4.7853 11.0868 -16.4456 -2.005 11.0868 -13.483 -3 12
4 16 -17.616 4.7853 -11.0868 -16.4456 -2.005 -11.0868 -18.9568 -1.1615 -8.4852 -19.5121 2.0604 -8.4852
4 16 -17.616 4.7853 11.0868 -19.5121 2.0604 8.4852 -18.9568 -1.1615 8.4852 -16.4456 -2.005 11.0868
4 16 -19.5121 2.0604 -8.4852 -18.9568 -1.1615 -8.4852 -20.6351 -.5979 -4.5924 -20.7794 .2392 -4.5924
4 16 -19.5121 2.0604 8.4852 -20.7794 .2392 4.5924 -20.6351 -.5979 4.5924 -18.9568 -1.1615 8.4852


2 24 15.96 10.67 -12 15.4318 7.9002 -12
2 24 16.6 15 -12 15.96 10.67 -12
2 24 17.7085 21.5 -12 16.6 15 -12
2 24 -15.96 10.67 -12 -15.4318 7.9002 -12
2 24 -16.6 15 -12 -15.96 10.67 -12
2 24 -17.7085 21.5 -12 -16.6 15 -12
2 24 17.7085 22 -10 12.2 22.7 -11.3
2 24 14.7291 4.2218 -12.0011 13.483 -3 -12
2 24 -14.7291 4.2218 -12.0011 -13.483 -3 -12
5 24 -14 19 14 -13.483 -3 12 -11.7 11 14 -19 29 12.067
5 24 13.483 -3 12 14 19 14 11.7 11 14 19 29 12.067
2 24 -14 0 -10 -14 0 10
2 24 14 0 10 14 0 -10
5 24 -6.9 23.3 -12.3 -1.148 27.114 -17.576 -2.121 27.435 -17.79225 0 23.5 -13
5 24 -3.272 27.928 -18.1185 -6.9 23.3 -12.3 -2.121 27.435 -17.79225 -5.3 33 -20.741
5 24 -5.3 33 -20.741 -6.9 23.3 -12.3 -3.272 27.928 -18.1185 -6.5 33.375 -21
5 24 -6.5 33.375 -21 -6.9 23.3 -12.3 -5.3 33 -20.741 -9.5 33 -20
5 24 -9.5 33 -20 -6.9 23.3 -12.3 -6.5 33.375 -21 -12.2 22.7 -11.3
5 24 1.148 27.114 -17.576 6.9 23.3 -12.3 2.121 27.435 -17.79225 0 27 -17.5
5 24 6.9 23.3 -12.3 3.272 27.926 -18.117 2.121 27.435 -17.79225 5.3 33 -20.741
5 24 6.9 23.3 -12.3 5.3 33 -20.741 3.272 27.926 -18.117 6.5 33.375 -21
5 24 6.9 23.3 -12.3 6.5 33.375 -21 5.3 33 -20.741 9.5 33 -20
5 24 6.9 23.3 -12.3 9.5 33 -20 6.5 33.375 -21 12.2 22.7 -11.3
5 24 -1.148 26.114 -19.076 -1.148 27.114 -17.576 0 27 -17.5 -2.121 26.44 -19.293
5 24 0 26 -19 0 27 -17.5 -1.148 26.114 -19.076 1.148 26.114 -19.076
5 24 0 23.5 -13 0 27 -17.5 -1.148 27.114 -17.576 1.148 27.114 -17.576
5 24 -6.9 0 -10 -12.2 22.7 -11.3 -14 0 -10 -6.9 23.3 -12.3
5 24 -6.9 23.3 -12.3 -6.9 0 -10 -12.2 22.7 -11.3 0 23.5 -13
5 24 -12.2 22.7 -11.3 -9.5 33 -20 -6.9 23.3 -12.3 -14 32 -17.5
5 24 -14 32 -17.5 -12.2 22.7 -11.3 -19.1815 30.0605 -13.4 -9.5 33 -20
5 24 -14 31 -19 -9.5 33 -20 -9 32 -21.5 -14 32 -17.5
5 24 -9.5 33 -20 -9 32 -21.5 -14 31 -19 -6 32.375 -22.5
5 24 -14 31 -19 -14 32 -17.5 -9.5 33 -20 -19 29 -15
5 24 -15.379 8 -10 -17.7085 21.5 -12 -15.379 8 -12 -17.7085 22 -10
5 24 -17.7085 22 -10 -17.7085 21.5 -12 -15.379 8 -10 -19 29 -15
5 24 -12.2 22.7 -11.3 -19.1815 30.0605 -13.4 -17.7085 22 -10 -14 32 -17.5
5 24 -19 29 -15 -14 32 -17.5 -14 31 -19 -19.1815 30.0605 -13.4
5 24 -17.7085 22 -10 -19 29 -15 -17.7085 21.5 -12 -19.1815 30.0605 -13.4
5 24 -2.121 26.44 -19.293 -3.272 27.928 -18.1185 -2.772 26.926 -19.617 -2.121 27.435 -17.79225
5 24 -2.772 26.926 -19.617 -3.272 27.928 -18.1185 -4.8 32 -22.241 -2.121 26.44 -19.293
5 24 -4.8 32 -22.241 -5.3 33 -20.741 -3.272 27.928 -18.1185 -6 32.375 -22.5
5 24 -6 32.375 -22.5 -6.5 33.375 -21 -5.3 33 -20.741 -9 32 -21.5
5 24 -6.9 0 -10 0 23.5 -13 6.9 0 -10 -6.9 23.3 -12.3
5 24 1.148 26.114 -19.076 1.148 27.114 -17.576 0 26 -19 2.121 26.44 -19.293
5 24 12.2 22.7 -11.3 6.9 0 -10 14 0 -10 6.9 23.3 -12.3
5 24 6.9 23.3 -12.3 6.9 0 -10 12.2 22.7 -11.3 0 23.5 -13
5 24 12.2 22.7 -11.3 14 32 -17.5 19.1815 30.0605 -13.4 9.5 33 -20
5 24 12.2 22.7 -11.3 9.5 33 -20 14 32 -17.5 6.9 23.3 -12.3
5 24 9 32 -21.5 9.5 33 -20 14 31 -19 6 32.375 -22.5
5 24 9.5 33 -20 14 31 -19 9 32 -21.5 14 32 -17.5
5 24 14 32 -17.5 14 31 -19 9.5 33 -20 19 29 -15
5 24 15.379 8 -10 17.7085 21.5 -12 15.379 8 -12 17.7085 22 -10
5 24 19.1815 30.0605 -13.4 12.2 22.7 -11.3 17.7085 22 -10 14 32 -17.5
5 24 14 32 -17.5 19 29 -15 14 31 -19 19.1815 30.0605 -13.4
5 24 2.121 26.44 -19.293 3.272 27.926 -18.117 2.121 27.435 -17.79225 2.772 26.926 -19.617
5 24 2.772 26.926 -19.617 3.272 27.926 -18.117 4.8 32 -22.241 2.121 26.44 -19.293
5 24 5.3 33 -20.741 4.8 32 -22.241 2.772 26.926 -19.617 6 32.375 -22.5
5 24 6.5 33.375 -21 6 32.375 -22.5 4.8 32 -22.241 9.5 33 -20
5 24 14 0 10 20.25 1 0 14 0 -10 19.8793 1.5327 3.827
5 24 20.25 1 0 14 0 -10 14 0 10 19.8793 1.5327 -3.827
5 24 14 0 -10 17.2431 5.3211 -9.239 15.379 8 -10 18.8233 3.0503 -7.071
5 24 17.2431 5.3211 9.239 14 0 10 15.379 8 10 18.8233 3.0503 7.071
5 24 14 0 -10 18.8233 3.0503 -7.071 17.2431 5.3211 -9.239 19.8793 1.5327 -3.827
5 24 18.8233 3.0503 7.071 14 0 10 17.2431 5.3211 9.239 19.8793 1.5327 3.827
5 24 14 0 -10 19.8793 1.5327 -3.827 18.8233 3.0503 -7.071 20.25 1 0
5 24 19.8793 1.5327 3.827 14 0 10 18.8233 3.0503 7.071 20.25 1 0
5 24 20.6351 -.5979 -4.5924 20.7794 .2392 -4.5924 21.2242 -.4 0 19.5121 2.0604 -8.4852
5 24 20.7794 .2392 4.5924 20.6351 -.5979 4.5924 21.2242 -.4 0 19.5121 2.0604 8.4852
5 24 17.616 4.7853 -11.0868 16.4456 -2.005 -11.0868 15.379 8 -12 19.5121 2.0604 -8.4852
5 24 16.4456 -2.005 11.0868 17.616 4.7853 11.0868 15.379 8 12 18.9568 -1.1615 8.4852
5 24 19.5121 2.0604 -8.4852 18.9568 -1.1615 -8.4852 17.616 4.7853 -11.0868 20.7794 .2392 -4.5924
5 24 18.9568 -1.1615 8.4852 19.5121 2.0604 8.4852 17.616 4.7853 11.0868 20.6351 -.5979 4.5924
5 24 -14 0 -10 -20.25 1 0 -14 0 10 -19.8793 1.5327 -3.827
5 24 -20.25 1 0 -14 0 10 -14 0 -10 -19.8793 1.5327 3.827
5 24 -17.2431 5.3211 -9.239 -14 0 -10 -15.379 8 -10 -18.8233 3.0503 -7.071
5 24 -14 0 10 -17.2431 5.3211 9.239 -15.379 8 10 -18.8233 3.0503 7.071
5 24 -18.8233 3.0503 -7.071 -14 0 -10 -17.2431 5.3211 -9.239 -19.8793 1.5327 -3.827
5 24 -14 0 10 -18.8233 3.0503 7.071 -17.2431 5.3211 9.239 -19.8793 1.5327 3.827
5 24 -19.8793 1.5327 -3.827 -14 0 -10 -18.8233 3.0503 -7.071 -20.25 1 0
5 24 -14 0 10 -19.8793 1.5327 3.827 -18.8233 3.0503 7.071 -20.25 1 0
5 24 -20.7794 .2392 -4.5924 -20.6351 -.5979 -4.5924 -21.2242 -.4 0 -19.5121 2.0604 -8.4852
5 24 -20.6351 -.5979 4.5924 -20.7794 .2392 4.5924 -21.2242 -.4 0 -19.5121 2.0604 8.4852
5 24 -16.4456 -2.005 -11.0868 -17.616 4.7853 -11.0868 -15.379 8 -12 -18.9568 -1.1615 -8.4852
5 24 -17.616 4.7853 11.0868 -16.4456 -2.005 11.0868 -15.379 8 12 -19.5121 2.0604 8.4852
5 24 -18.9568 -1.1615 -8.4852 -19.5121 2.0604 -8.4852 -17.616 4.7853 -11.0868 -20.6351 -.5979 -4.5924
5 24 -19.5121 2.0604 8.4852 -18.9568 -1.1615 8.4852 -17.616 4.7853 11.0868 -20.7794 .2392 4.5924
5 24 17.7085 21.5 -12 17.7085 22 -10 15.379 8 -10 19 29 -15
5 24 19 29 -15 17.7085 22 -10 17.7085 21.5 -12 19.1815 30.0605 -13.4
5 24 -2.121 27.435 -17.79225 -2.121 26.44 -19.293 -1.148 26.114 -19.076 -3.272 27.928 -18.1185
5 24 2.121 27.435 -17.79225 2.121 26.44 -19.293 3.272 27.926 -18.117 1.148 26.114 -19.076
2 24 14 0 -10 15.379 8 -10
2 24 -14 0 -10 -15.379 8 -10
2 24 -14 0 10 -15.379 8 10
2 24 14 0 10 15.379 8 10
5 24 0 23.5 -13 6.9 0 -10 6.9 23.3 -12.3 -6.9 0 -10
5 24 12.2 22.7 -11.3 14 0 -10 15.379 8 -10 6.9 0 -10
5 24 12.2 22.7 -11.3 15.379 8 -10 17.7085 22 -10 14 0 -10
5 24 15.379 8 -10 15.96 10.67 -12 15.4366 7.9255 -12 16.6 15 -12
5 24 15.379 8 -10 16.6 15 -12 15.96 10.67 -12 17.7085 21.5 -12
5 24 -14 0 -10 -12.2 22.7 -11.3 -15.379 8 -10 -6.9 0 -10
5 24 -15.379 8 -10 -12.2 22.7 -11.3 -14 0 -10 -17.7085 22 -10
5 24 -15.379 8 -10 -15.96 10.67 -12 -15.4366 7.9255 -12 -16.6 15 -12
5 24 -15.379 8 -10 -16.6 15 -12 -15.96 10.67 -12 -17.7085 21.5 -12
5 24 19 29 12.067 19 29 10 18.7717 30.1481 10 15.379 8 10
5 24 -19 29 12.067 -19 29 10 -18.7717 30.1481 11.85 -15.379 8 10
2 24 -15.3681 7.9367 -12.0579 -15.4318 7.9002 -12
2 24 -14.7291 4.2218 -12.0011 -15.3681 7.9367 -12.0579
2 24 15.3681 7.9367 -12.0579 15.4318 7.9002 -12
2 24 14.7291 4.2218 -12.0011 15.3681 7.9367 -12.0579
5 24 19 29 12.067 -19 29 12.067 16 32 11.5 -14 19 14
5 24 2.121 27.435 -17.79225 6.9 23.3 -12.3 1.148 27.114 -17.576 3.272 27.926 -18.117
5 24 -2.121 27.435 -17.79225 -6.9 23.3 -12.3 -1.148 27.114 -17.576 -3.272 27.928 -18.1185
