0 ~Magnet Holder Tile  2 x  2 - Bottom
0 Name: s\2609s01.dat
0 Author: Evert-Jan Boer [ejboer]
0 !LDRAW_ORG Unofficial_Subpart
0 !LICENSE Redistributable under CCAL version 2.0 : see CAreadme.txt

0 BFC CERTIFY CCW

0 !HISTORY 1997-12-05 [ejboer] Subparted from 2609a for b variant

2 24 -20 0 20 -20 0 8
2 24 -16 0 8 -16 0 -8
2 24 -20 0 -8 -20 0 -20
2 24 20 0 -20 20 0 -8
2 24 16 0 -8 16 0 8
2 24 20 0 8 20 0 20
0 BFC INVERTNEXT
1 16 0 0 0 16 0 0 0 4 0 0 0 16 4-4cylo.dat
0 BFC INVERTNEXT
1 16 0 4 0 6 0 0 0 4 0 0 0 6 4-4cylo.dat
1 16 0 4 0 2 0 0 0 1 0 0 0 2 4-4ring3.dat
1 16 0 8 0 -2 0 0 0 -1 0 0 0 2 4-4ring3.dat
1 16 0 4 0 7.39104 0 -3.06147 0 4 0 3.06147 0 7.39104 1-8cylo.dat
1 16 0 4 0 -3.06147 0 -7.39104 0 4 0 7.39104 0 -3.06147 1-8cylo.dat
1 16 0 4 0 -7.39104 0 3.06147 0 4 0 -3.06147 0 -7.39104 1-8cylo.dat
1 16 0 4 0 3.06147 0 7.39104 0 4 0 -7.39104 0 3.06147 1-8cylo.dat
2 24 -7.36 4 3.04 -7.36 8 3.04
4 16 16 4 3.0616 7.3912 4 3.0616 8 4 0 16 4 0
4 16 16 4 -3.0616 16 4 0 8 4 0 7.3912 4 -3.0616
4 16 -16 4 3.0616 -16 4 0 -8 4 0 -7.3912 4 3.0616
4 16 -16 4 -3.0616 -7.3912 4 -3.0616 -8 4 0 -16 4 0
4 16 3.0616 4 16 0 4 16 0 4 8 3.0616 4 7.3912
4 16 -3.0616 4 16 -3.0616 4 7.3912 0 4 8 0 4 16
4 16 3.0616 4 -16 3.0616 4 -7.3912 0 4 -8 0 4 -16
4 16 -3.0616 4 -16 0 4 -16 0 4 -8 -3.0616 4 -7.3912
1 16 0 0 0 16 0 0 0 1 0 0 0 16 4-4ndis.dat
1 16 0 4 0 -16 0 0 0 -1 0 0 0 16 4-4ndis.dat
4 16 -20 0 -20 20 0 -20 16 0 -16 -16 0 -16
4 16 20 0 -20 20 0 -8 16 0 -8 16 0 -16
4 16 20 0 20 16 0 16 16 0 8 20 0 8
4 16 20 0 20 -20 0 20 -16 0 16 16 0 16
4 16 -20 0 -20 -16 0 -16 -16 0 -8 -20 0 -8
4 16 -20 0 20 -20 0 8 -16 0 8 -16 0 16
1 16 0 4 20 0 0 20 -4 0 0 0 -1 0 rect.dat
1 16 0 4 -20 -20 0 0 0 0 4 0 1 0 rect.dat
0 BFC INVERTNEXT
1 16 -11.6956 6 9.5308 0 0 -4.3044 2 0 0 0 -6.4692 0 box2-5.dat
0 BFC INVERTNEXT
1 16 -9.5308 6 -11.6956 0 6.4692 0 2 0 0 0 0 -4.3044 box2-5.dat
0 BFC INVERTNEXT
1 16 11.6956 6 -9.5308 0 0 4.3044 2 0 0 0 6.4692 0 box2-5.dat
0 BFC INVERTNEXT
1 16 9.5308 6 11.6956 0 -6.4692 0 2 0 0 0 0 4.3044 box2-5.dat
0 BFC INVERTNEXT
1 16 -9.5308 6 11.6956 0 0 6.4692 2 0 0 0 4.3044 0 box2-7.dat
0 BFC INVERTNEXT
1 16 -11.6956 6 -9.5308 0 -4.3044 0 2 0 0 0 0 6.4692 box2-7.dat
0 BFC INVERTNEXT
1 16 9.5308 6 -11.6956 0 0 -6.4692 2 0 0 0 -4.3044 0 box2-7.dat
0 BFC INVERTNEXT
1 16 11.6956 6 9.5308 0 4.3044 0 2 0 0 0 0 -6.4692 box2-7.dat
2 24 3.0616 4 -7.3912 3.0616 8 -7.3912
2 24 7.3912 4 3.0616 7.3912 8 3.0616
2 24 -3.0616 4 7.3912 -3.0616 8 7.3912
2 24 -7.3912 4 -3.0616 -7.3912 8 -3.0616
3 16 -20 0 20 -20 8 20 -20 0 8
3 16 -20 8 -20 -20 0 -20 -20 0 -8
3 16 20 0 -20 20 8 -20 20 0 -8
4 16 20 8 20 20 0 8 20 0 -8 20 8 -20
3 16 20 8 20 20 0 20 20 0 8
4 16 -20 8 -20 -20 0 -8 -20 0 8 -20 8 20
2 24 -20 8 -20 -20 8 20
2 24 20 8 -20 20 8 20
3 16 -3.0616 8 -16 -20 8 -20 -16 8 -16
4 16 -20 8 -20 -3.0616 8 -16 3.0616 8 -16 20 8 -20
3 16 16 8 -16 20 8 -20 3.0616 8 -16
3 16 16 8 -3.0616 20 8 -20 16 8 -16
4 16 20 8 -20 16 8 -3.0616 16 8 3.0616 20 8 20
3 16 16 8 16 20 8 20 16 8 3.0616
3 16 3.0616 8 16 20 8 20 16 8 16
4 16 20 8 20 3.0616 8 16 -3.0616 8 16 -20 8 20
3 16 -16 8 16 -20 8 20 -3.0616 8 16
3 16 -16 8 3.0616 -20 8 20 -16 8 16
4 16 -20 8 20 -16 8 3.0616 -16 8 -3.0616 -20 8 -20
3 16 -16 8 -16 -20 8 -20 -16 8 -3.0616
4 16 8 8 0 7.3912 8 3.0616 16 8 3.0616 16 8 -3.0616
3 16 8 8 0 16 8 -3.0616 7.3912 8 -3.0616
4 16 0 8 8 -3.0616 8 7.3912 -3.0616 8 16 3.0616 8 16
3 16 3.0616 8 16 3.0616 8 7.3912 0 8 8
4 16 -8 8 0 -7.3912 8 -3.0616 -16 8 -3.0616 -16 8 3.0616
3 16 -7.3912 8 3.0616 -8 8 0 -16 8 3.0616
4 16 0 8 -8 3.0616 8 -7.3912 3.0616 8 -16 -3.0616 8 -16
3 16 0 8 -8 -3.0616 8 -16 -3.0616 8 -7.3912
2 24 -20 0 8 -16 0 8
2 24 -20 0 -8 -16 0 -8
2 24 16 0 8 20 0 8
2 24 16 0 -8 20 0 -8
