0 ~Magnet Holder Long Arm
0 Name: s\2609s03.dat
0 Author: Evert-Jan Boer [ejboer]
0 !LDRAW_ORG Unofficial_Subpart
0 !LICENSE Redistributable under CCAL version 2.0 : see CAreadme.txt

0 BFC CERTIFY CCW


1 16 -2 -6.59 0 0 1 0 -1.41421 0 1.41421 1.41421 0 1.41421 3-4ndis.dat
1 16 2 -6.59 0 0 -1 0 -1.41421 0 1.41421 -1.41421 0 -1.41421 3-4ndis.dat
0 BFC INVERTNEXT
1 16 -2 -6.59 0 0 4 0 -1.41 0 1.41 1.41 0 1.41 3-4cylo.dat
1 16 0 -3.25 8 -2 0 0 0 0 -3.25 0 -1 0 rect.dat
1 16 0 -14 3.25 -2 0 0 0 1 0 0 0 -0.75 rect3.dat
1 16 0 -3.25 -8 0 0 -2 -3.25 0 0 0 1 0 rect.dat
1 16 0 -14 -3.25 2 0 0 0 1 0 0 0 0.75 rect3.dat
4 16 2 -3.7616 0 2 -6.59 -2.8284 2 -6.5 -8 2 0 -8
3 16 2 -3.7616 0 2 0 -8 2 0 8
4 16 2 -6.5 8 2 -6.59 2.8284 2 -3.7616 0 2 0 8
4 16 -2 -3.7616 0 -2 0 -8 -2 -6.5 -8 -2 -6.59 -2.8284
3 16 -2 -6.59 -2 -2 -5.8246 -1.8478 -2 -6.59 -2.8284
3 16 2 -6.59 -2 2 -7.3554 -1.8478 2 -6.59 -2.8284
3 16 2 -5.8246 -1.8478 2 -6.59 -2 2 -6.59 -2.8284
3 16 -2 0 8 -2 0 -8 -2 -3.7616 0
4 16 -2 -6.5 8 -2 0 8 -2 -3.7616 0 -2 -6.59 2.8284
1 16 0 -11.0021 1.9571 0 0 2 2.9979 1 0 -0.5429 0 0 rect2p.dat
1 16 0 -11.0021 -1.9571 0 0 -2 2.9979 1 0 0.5429 0 0 rect2p.dat
3 16 2 -14 -2.5 2 -14 -4 2 -8.0042 -1.4142
3 16 2 -14 4 2 -14 2.5 2 -8.0042 1.4142
3 16 -2 -14 2.5 -2 -14 4 -2 -8.0042 1.4142
3 16 -2 -14 -4 -2 -14 -2.5 -2 -8.0042 -1.4142
4 16 2 -14 -4 2 -6.5 -8 2 -6.59 -2.8284 2 -8.0042 -1.4142
4 16 2 -8.0042 1.4142 2 -6.59 2.8284 2 -6.5 8 2 -14 4
4 16 -2 -6.59 2.8284 -2 -8.0042 1.4142 -2 -14 4 -2 -6.5 8
4 16 -2 -14 -4 -2 -8.0042 -1.4142 -2 -6.59 -2.8284 -2 -6.5 -8
2 24 2 -8.00421 -1.41421 -2 -8.00421 -1.41421
2 24 -2 -8.00421 1.41421 2 -8.00421 1.41421
4 16 2 -6.5 -8 2 -14 -4 -2 -14 -4 -2 -6.5 -8
4 16 2 -14 4 2 -6.5 8 -2 -6.5 8 -2 -14 4
2 24 2 -14 4 -2 -14 4
2 24 -2 -14 4 -2 -6.5 8
2 24 2 -14 4 2 -6.5 8
2 24 -2 -14 -4 2 -14 -4
2 24 -2 -14 -4 -2 -6.5 -8
2 24 2 -14 -4 2 -6.5 -8
