0 ~Magnet Holder Short Arm
0 Name: s\2609s02.dat
0 Author: Evert-Jan Boer [ejboer]
0 !LDRAW_ORG Unofficial_Subpart
0 !LICENSE Redistributable under CCAL version 2.0 : see CAreadme.txt

0 BFC CERTIFY CCW

1 16 0 -2.5 8 -2 0 0 0 0 -2.5 0 -1 0 rect3.dat
1 16 0 -8.5 6 -2 0 0 0 .496139 -3.5 0 -.868243 -2 rect3.dat
1 16 0 -12 3.25 -2 0 0 0 1 0 0 0 -.75 rect3.dat
1 16 0 -2.5 -8 2 0 0 0 0 -2.5 0 1 0 rect3.dat
1 16 0 -8.5 -6 2 0 0 0 .496139 -3.5 0 .868243 2 rect3.dat
1 16 0 -12 -3.25 2 0 0 0 1 0 0 0 .75 rect3.dat
1 16 -2 -6.59 0 0 1 0 -1.41421 0 1.41421 1.41421 0 1.41421 3-4ndis.dat
1 16 2 -6.59 0 0 -1 0 -1.41421 0 1.41421 -1.41421 0 -1.41421 3-4ndis.dat
0 BFC INVERTNEXT
1 16 -2 -6.59 0 0 4 0 -1.41 0 1.41 1.41 0 1.41 3-4cylo.dat
1 16 0 -10.002105 1.957105 -2 0 0 0 1 1.997895 0 0 -.542895 rect3.dat
1 16 0 -10.002105 -1.957105 2 0 0 0 1 1.997895 0 0 .542895 rect3.dat
3 16 2 -12 -4 2 -8.00421 -1.41421 2 -12 -2.5
4 16 2 -6.59 -2.82842 2 -8.00421 -1.41421 2 -12 -4 2 -5 -8
4 16 2 -3.76158 0 2 -6.59 -2.82842 2 -5 -8 2 0 -8
3 16 2 -3.76158 0 2 0 -8 2 0 8
4 16 2 -5 8 2 -6.59 2.82842 2 -3.76158 0 2 0 8
4 16 2 -6.59 2.82842 2 -5 8 2 -12 4 2 -8.00421 1.41421
3 16 2 -8.00421 1.41421 2 -12 4 2 -12 2.5
3 16 -2 -12 -2.5 -2 -8.00421 -1.41421 -2 -12 -4
4 16 -2 -6.59 -2.82842 -2 -5 -8 -2 -12 -4 -2 -8.00421 -1.41421
4 16 -2 -3.76158 0 -2 0 -8 -2 -5 -8 -2 -6.59 -2.82842
3 16 -2 0 8 -2 0 -8 -2 -3.76158 0
4 16 -2 -5 8 -2 0 8 -2 -3.76158 0 -2 -6.59 2.82842
4 16 -2 -6.59 2.82842 -2 -8.00421 1.41421 -2 -12 4 -2 -5 8
3 16 -2 -12 2.5 -2 -12 4 -2 -8.00421 1.41421
