0 ~Wheel Rim 18 x 41 Model Team Type  2 - Specific Geometry 1/6
0 Name: s\32004bs01.dat
0 Author: Damien Roux [Darats]
0 !LDRAW_ORG Unofficial_Subpart
0 !LICENSE Redistributable under CCAL version 2.0 : see CAreadme.txt

0 BFC CERTIFY CCW

0 !HISTORY 2012-12-28 [PTadmin] Official Update 2012-03
0 !HISTORY 2021-03-15 [GeraldLasser] Subfiled

0 // Area around Pin Holes
4 16 26.4972 -7.5413 20 25.0487 -7.9294 20 25.4608 -9.4666 20 26.807 -9.5 20
4 16 25.4608 -9.4666 20 25.2526 -11.0442 20 26.7397 -11.24 20 26.807 -9.5 20
4 16 26.7397 -11.24 20 25.2526 -11.0442 20 25.0454 -12.6219 20 25.5482 -14.75 20
4 16 20.9288 -17.3156 20 19.3916 -17.7277 20 19.7798 -19.1762 20 21.631 -18.466 20
4 16 20.9288 -17.3156 20 21.631 -18.466 20 23.1043 -17.5371 20 22.1912 -16.3469 20
4 16 23.4536 -15.3782 20 22.1912 -16.3469 20 23.1043 -17.5371 20 25.5482 -14.75 20
3 16 24.2495 -14.0001 20 23.4536 -15.3782 20 25.5482 -14.75 20
3 16 24.2495 -14.0001 20 25.5482 -14.75 20 25.0454 -12.6219 20
3 16 29.287 -6.5 20 30.978 -8.023 20 31.4322 -5.6482 20
3 16 20.273 -22.114 20 21.631 -18.466 20 19.7798 -19.1762 20
3 16 20.6109 -24.3974 20 21.631 -18.466 20 20.273 -22.114 20
3 16 21.631 -18.466 20 20.6109 -24.3974 20 22.437 -22.816 20
3 16 30.978 -8.023 20 26.4972 -7.5412 20 26.807 -9.5 20
3 16 26.4972 -7.5412 20 30.978 -8.023 20 29.287 -6.5 20
2 24 20.6109 -24.3974 20 22.437 -22.816 20
2 24 31.4322 -5.6482 20 30.978 -8.023 20

1 16 22.36765 -18.00155 16 .73665 0 0 .46445 1 0 0 0 4 rect2p.dat
1 16 26.77335 -10.37 16 .03365 0 0 .87 1 0 0 0 4 rect2p.dat
1 16 24.32625 -16.14355 16 -1.22195 0 0 -1.39355 1 0 0 0 -4 rect2p.dat
1 16 26.14395 -12.995 16 -.59575 0 0 -1.755 1 0 0 0 -4 rect2p.dat
1 16 22.034 -20.641 16 0 0 .403 0 -1 -2.175 4 0 0 rect.dat
1 16 28.8925 -8.7615 16 2.0855 0 0 .7385 1 0 0 0 4 rect.dat
5 24 23.1043 -17.5371 20 23.1043 -17.5371 12 21.631 -18.466 12 25.5482 -14.75 12
5 24 25.5482 -14.75 20 25.5482 -14.75 12 23.1043 -17.5371 12 26.7397 -11.24 12
5 24 26.7397 -11.24 20 26.7397 -11.24 12 26.807 -9.5 12 25.5482 -14.75 12

0 //Spokes
3 16 20.6109 -24.3974 20 34.9598 -28.2426 12 22.437 -22.816 20
3 16 34.9598 -28.2426 12 36.34 -26.541 12 22.437 -22.816 20
3 16 36.34 -26.541 12 22.437 -22.816 12 22.437 -22.816 20
3 16 41.9373 -16.1543 12 30.978 -8.023 20 41.155 -18.2 12
3 16 31.4322 -5.6482 20 30.978 -8.023 20 41.9373 -16.1543 12
3 16 41.155 -18.2 12 30.978 -8.023 20 30.978 -8.023 12
2 24 20.6109 -24.3974 20 34.9598 -28.2426 12
2 24 36.34 -26.541 12 22.437 -22.816 20
2 24 36.34 -26.541 12 22.437 -22.816 12
2 24 30.978 -8.023 20 41.155 -18.2 12
2 24 41.9373 -16.1543 12 31.4322 -5.6482 20
2 24 30.978 -8.023 12 41.155 -18.2 12

5 24 41.9373 -16.1543 12 30.978 -8.023 20 41.155 -18.2 12 31.4322 -5.6482 20
5 24 34.9598 -28.2426 12 22.437 -22.816 20 20.6109 -24.3974 20 36.34 -26.541 12
