0 ~Electric Mindstorms RCX Module - Top Housing Half
0 Name: s\32058s02.dat
0 Author: Magnus Forsberg [MagFors]
0 !LDRAW_ORG Unofficial_Subpart
0 !LICENSE Redistributable under CCAL version 2.0 : see CAreadme.txt

0 BFC CERTIFY CCW

0 // Front Right Face
0 // Right Half
2 24 60 46 -120 80 46 -120
2 24 80 16 -120 80 46 -120
2 24 60 46 -116 76 46 -116
2 24 60 46 -116 60 12 -116
4 16 80 16 -120 60 8 -120 60 46 -120 80 46 -120
2 24 60 46 -120 60 8 -120
2 24 60 46 -116 60 46 -120
4 16 60 46 -120 60 8 -120 60 12 -116 60 46 -116
2 24 60 12 -110 60 12 -116
4 16 60 8 -120 60 8 -110 60 12 -110 60 12 -116

4 16 60 46 -120 60 46 -116 76 46 -116 80 46 -120
4 16 80 46 120 80 46 -120 76 46 -116 76 46 116
1 16 35 10 -110 -25 0 0 0 0 2 0 1 0 rect.dat
1 16 10 10 -105 0 1 0 2 0 0 0 0 5 rect.dat
0 // Right Face
2 24 80 16 -120 80 16 -40
2 24 80 8 120 80 46 120
1 16 80 26 -60 0 -1 0 8 0 0 0 0 8 4-4ndis.dat
1 16 80 26 40 0 -1 0 8 0 0 0 0 8 4-4ndis.dat
4 16 80 18 -120 80 34 -120 80 34 -68 80 18 -68
4 16 80 18 -52 80 34 -52 80 34 32 80 18 32
4 16 80 34 48 80 34 120 80 18 120 80 18 48
4 16 80 16 -120 80 18 -120 80 18 120 80 16 120
1 16 80 40 0 0 -1 0 6 0 0 0 0 120 rect1.dat
1 16 80 14 -10 0 -1 0 0 0 -2 30 0 0 rect3.dat
1 16 80 12 90 0 -1 0 -4 0 0 0 0 -30 rect2a.dat
0 // Right Angled Face and Holes
2 24 60 0 120 80 8 120
1 16 75 10 -10 -5 0 0 -2 1 0 0 0 30 rect.dat
1 16 70 12 -100 -10 0 0 -4 1 0 0 0 -20 rect3.dat
2 24 80 16 20 60 8 20
1 16 64 9.6 40 -4 0 0 -1.6 1 0 0 0 -20 rect1.dat
1 16 78.5 15.4 40 1.5 0 0 0.6 1 0 0 0 20 rect1.dat
1 16 72.5 13 54 0 0 4.5 0 1 1.8 -6 0 0 rect1.dat
1 16 72.5 13 26 0 0 -4.5 0 1 -1.8 6 0 0 rect1.dat
2 24 68 20.32 48 77 20.32 48
2 24 68 20.32 32 77 20.32 32
2 24 68 20.32 48 68 11.2 48
2 24 68 20.32 32 68 11.2 32
2 24 77 20.32 48 77 14.8 48
2 24 77 20.32 32 77 14.8 32
4 16 68 20.32 48 77 20.32 48 77 14.8 48 68 11.2 48
4 16 77 14.8 32 77 20.32 32 68 20.32 32 68 11.2 32
1 16 77 15.4 40 0 1 0 -0.6 0 0 0 0 8 rect1.dat
1 16 68 13.6 40 0 -1 0 -2.4 0 0 0 0 -8 rect1.dat
1 16 68 26 40 0 -1 0 0 0 -10 -10 0 0 2-4edge.dat
1 16 77 26 40 0 -1 0 0 0 -10 -10 0 0 2-4edge.dat
1 16 68 26 40 0 -1 0 0 0 -10 -10 0 0 2-4ndis.dat
1 16 77 26 40 0 1 0 0 0 -10 -10 0 0 2-4ndis.dat
1 16 77 26 40 0 -9 0 0 0 -10 -10 0 0 2-4cyli.dat
1 16 80 26 40 0 -1 0 0 0 -8 -8 0 0 4-4edge.dat
1 16 78 26 40 0 -1 0 0 0 -8 -8 0 0 4-4edge.dat
1 16 78 26 40 0 -1 0 0 0 -6 -6 0 0 4-4edge.dat
1 16 72 26 40 0 -1 0 0 0 -6 -6 0 0 4-4edge.dat
1 16 72 26 40 0 -1 0 0 0 -8 -8 0 0 2-4edge.dat
1 16 68 26 40 0 -1 0 0 0 -8 -8 0 0 2-4edge.dat
0 BFC INVERTNEXT
1 16 80 26 40 0 -2 0 0 0 -8 -8 0 0 4-4cyli.dat
1 16 78 26 40 0 -1 0 0 0 -2 -2 0 0 4-4ring3.dat
0 BFC INVERTNEXT
1 16 78 26 40 0 -6 0 0 0 -6 -6 0 0 4-4cyli.dat
0 BFC INVERTNEXT
1 16 72 26 40 0 -4 0 0 0 -8 -8 0 0 2-4cyli.dat
1 16 68 26 40 0 -1 0 0 0 -8 -8 0 0 2-4chrd.dat
4 16 68 36 48 68 26 48 68 26 32 68 36 32
4 16 72 36 32 68 36 32 68 26 32 72 26 32
4 16 68 26 48 68 36 48 72 36 48 72 26 48
2 24 60 8 -40 80 16 -40
1 16 64 9.6 -60 -4 0 0 -1.6 1 0 0 0 -20 rect1.dat
1 16 78.5 15.4 -60 1.5 0 0 0.6 1 0 0 0 20 rect1.dat
1 16 72.5 13 -46 0 0 4.5 0 1 1.8 -6 0 0 rect1.dat
1 16 72.5 13 -74 0 0 -4.5 0 1 -1.8 6 0 0 rect1.dat
2 24 68 20.32 -52 77 20.32 -52
2 24 68 20.32 -68 77 20.32 -68
2 24 68 20.32 -52 68 11.2 -52
2 24 68 20.32 -68 68 11.2 -68
2 24 77 20.32 -52 77 14.8 -52
2 24 77 20.32 -68 77 14.8 -68
4 16 68 20.32 -52 77 20.32 -52 77 14.8 -52 68 11.2 -52
4 16 77 14.8 -68 77 20.32 -68 68 20.32 -68 68 11.2 -68
1 16 77 15.4 -60 0 1 0 -0.6 0 0 0 0 8 rect1.dat
1 16 68 13.6 -60 0 -1 0 -2.4 0 0 0 0 -8 rect1.dat
1 16 68 26 -60 0 -1 0 0 0 -10 -10 0 0 2-4edge.dat
1 16 77 26 -60 0 -1 0 0 0 -10 -10 0 0 2-4edge.dat
1 16 68 26 -60 0 -1 0 0 0 -10 -10 0 0 2-4ndis.dat
1 16 77 26 -60 0 1 0 0 0 -10 -10 0 0 2-4ndis.dat
1 16 77 26 -60 0 -9 0 0 0 -10 -10 0 0 2-4cyli.dat
1 16 80 26 -60 0 -1 0 0 0 -8 -8 0 0 4-4edge.dat
1 16 78 26 -60 0 -1 0 0 0 -8 -8 0 0 4-4edge.dat
1 16 78 26 -60 0 -1 0 0 0 -6 -6 0 0 4-4edge.dat
1 16 72 26 -60 0 -1 0 0 0 -6 -6 0 0 4-4edge.dat
1 16 72 26 -60 0 -1 0 0 0 -8 -8 0 0 2-4edge.dat
1 16 68 26 -60 0 -1 0 0 0 -8 -8 0 0 2-4edge.dat
0 BFC INVERTNEXT
1 16 80 26 -60 0 -2 0 0 0 -8 -8 0 0 4-4cyli.dat
1 16 78 26 -60 0 -1 0 0 0 -2 -2 0 0 4-4ring3.dat
0 BFC INVERTNEXT
1 16 78 26 -60 0 -6 0 0 0 -6 -6 0 0 4-4cyli.dat
0 BFC INVERTNEXT
1 16 72 26 -60 0 -4 0 0 0 -8 -8 0 0 2-4cyli.dat
1 16 68 26 -60 0 -1 0 0 0 -8 -8 0 0 2-4chrd.dat
4 16 68 36 -52 68 26 -52 68 26 -68 68 36 -68
4 16 72 36 -68 68 36 -68 68 26 -68 72 26 -68
4 16 68 26 -52 68 36 -52 72 36 -52 72 26 -52
0 // Right Angled Faces Connecting Faces
1 16 70 8 60 -10 0 0 -4 0 4 0 1 0 rect2p.dat
4 16 60 8 -40 80 16 -40 80 12 -40 70 8 -40
4 16 80 12 20 80 16 20 60 8 20 70 8 20
0 // Right Buttons Face
0 // Button hole
1 16 58 8 9 -10 0 0 0 1 0 0 0 1 2-4edge.dat
1 16 58 8 -1 -10 0 0 0 -1 0 0 0 -1 2-4edge.dat
1 16 58 8 9 -10 0 0 0 1 0 0 0 1 2-4ndis.dat
1 16 58 8 -1 -10 0 0 0 1 0 0 0 -1 2-4ndis.dat
0 BFC INVERTNEXT
1 16 58 8 9 -10 0 0 0 4 0 0 0 1 2-4cyli.dat
0 BFC INVERTNEXT
1 16 58 8 -1 10 0 0 0 4 0 0 0 -1 2-4cyli.dat
1 16 68 10 4 0 1 0 0 0 -2 -5 0 0 rect.dat
1 16 48 10 4 0 -1 0 0 0 2 -5 0 0 rect.dat
0 // Button hole
1 16 58 8 -17 -10 0 0 0 1 0 0 0 1 2-4edge.dat
1 16 58 8 -27 -10 0 0 0 -1 0 0 0 -1 2-4edge.dat
1 16 58 8 -17 -10 0 0 0 1 0 0 0 1 2-4ndis.dat
1 16 58 8 -27 -10 0 0 0 1 0 0 0 -1 2-4ndis.dat
0 BFC INVERTNEXT
1 16 58 8 -17 -10 0 0 0 4 0 0 0 1 2-4cyli.dat
0 BFC INVERTNEXT
1 16 58 8 -27 10 0 0 0 4 0 0 0 -1 2-4cyli.dat
1 16 68 10 -22 0 1 0 0 0 -2 -5 0 0 rect.dat
1 16 48 10 -22 0 -1 0 0 0 2 -5 0 0 rect.dat
4 16 70 8 -40 70 8 20 68 8 20 68 8 -40
4 16 48 8 -40 48 8 20 40 8 20 40 8 -40
4 16 68 8 20 48 8 20 48 8 10 68 8 10

0 // Right Top Face
4 16 60 8 -100 10 8 -100 10 8 -110 60 8 -110
1 16 60 8.5 -60 0 1 0 .5 0 0 0 0 20 rect.dat
1 16 60 8.5 40 0 1 0 .5 0 0 0 0 20 rect.dat
1 16 36 0 90 24 0 0 0 1 0 0 0 30 rect2a.dat
0 // Right Back Face
4 16 12 0 120 60 0 120 80 8 120 12 34 120
3 16 80 8 120 80 34 120 12 34 120
0 // Right Inside
4 16 73 40 -113 73 40 113 76 40 116 76 40 -116
3 16 76 40 -116 60 40 -116 73 40 -113
4 16 60 40 -116 76 40 -116 76 46 -116 60 46 -116
2 24 76 40 -116 60 40 -116
1 16 76 43 0 0 1 0 -3 0 0 0 0 116 rect.dat
