0 ~Technic Beam 19 x 11 Baseplate Side Segment
0 Name: s\39369s02.dat
0 Author: Philippe Hurbain [Philo]
0 !LDRAW_ORG Unofficial_Subpart
0 !LICENSE Redistributable under CCAL version 2.0 : see CAreadme.txt

0 BFC CERTIFY CCW

0 !HISTORY 2020-06-28 [PTadmin] Official Update 2020-01
0 !HISTORY 2022-07-08 [SwampKryakwa] Updated part to use new version of npeghol primitives

1 16 0 0 -20 -1 0 0 0 -1 0 0 0 1 connhole.dat
1 16 -10 10 -20 0 0 -1 0 -8 0 1 0 0 npeghole.dat
1 16 -10 -10 -20 0 0 -1 0 8 0 1 0 0 npeghole.dat
1 16 10 0 0 0 -1 0 1 0 0 0 0 1 peghole.dat
0 BFC INVERTNEXT
1 16 8 0 0 0 -16 0 6 0 0 0 0 6 4-4cyli.dat
1 16 10 0 0 0 -1 0 -8 0 0 0 0 8 4-4ndis.dat
1 16 -8 0 0 0 1 0 0 0 6 6 0 0 2-4ndis.dat
1 16 -20 10 0 8.3149 0 3.4442 0 -17 0 3.4442 0 -8.3149 1-8cylo.dat
1 16 -20 10 0 8.3149 0 -3.4442 0 -17 0 3.4442 0 8.3149 48\1-24cylo.dat
1 16 -20 10 0 8.3149 0 -3.4442 0 -1 0 3.4442 0 8.3149 48\1-16chrd.dat
1 16 -20 10 0 8.3149 0 -3.4442 0 -17 0 -3.4442 0 -8.3149 48\1-24cylo.dat
1 16 -20 10 0 8.3149 0 -3.4442 0 -1 0 -3.4442 0 -8.3149 48\1-16chrd.dat
4 16 -8 6 6 -8 10 6.6 -8 10 -6.6 -8 6 -6
2 24 -8 10 -6.6 -8 10 6.6
1 16 -6.6 6.7222 -10.0269 0 -1 0 0 0 -3.2779 1.7118 0 0 rect.dat
1 16 0 10 -20 -3.4442 0 -8.3149 0 -6.5557 0 8.3149 0 -3.4442 48\1-24cylo.dat
1 16 0 10 -20 -3.4442 0 -8.3149 0 -1 0 8.3149 0 -3.4442 48\1-16chrd.dat
1 16 -6.0393 6.7222 -12.2993 0 -1 .5607 -3.2779 0 0 0 0 -.5607 rect3.dat
1 16 -6.1 6.7222 -8.3151 0 0 .5 3.2779 0 0 0 1 0 rect2a.dat
4 16 -8.4679 10 -13.6397 -6.6 10 -11.7386 -5.4786 10 -12.86 -6.3642 10 -13.6359
4 16 -11.7386 10 -6.6 -13.6359 10 -6.3642 -13.6361 10 -6.3639 -12.86 10 -5.4786
4 16 -11.7386 10 -6.6 -8 10 -6.6 -6.6 10 -8.3151 -6.6 10 -11.7386
4 16 -11.7386 10 -6.6 -6.6 10 -11.7386 -8.4679 10 -13.6397 -13.6359 10 -6.3642
1 16 0 10 20 -3.4442 0 -8.3149 0 -6.5557 0 -8.3149 0 3.4442 48\1-24cylo.dat
1 16 0 10 20 -3.4442 0 -8.3149 0 -1 0 -8.3149 0 3.4442 48\1-16chrd.dat
1 16 -6.0393 6.7222 12.2993 0 -1 .5607 3.2779 0 0 0 0 .5607 rect.dat
1 16 -6.1 6.7222 8.3151 .5 0 0 0 0 3.2779 0 -1 0 rect3.dat
3 16 -5.4786 10 12.86 -6.6 10 11.7386 -6.3642 10 13.6359
4 16 -13.6361 10 6.3639 -13.6359 10 6.3642 -11.7386 10 6.6 -12.86 10 5.4786
4 16 -6.6 10 8.3151 -8 10 6.6 -11.7386 10 6.6 -6.6 10 11.7386
4 16 -6.3642 10 13.6359 -6.6 10 11.7386 -11.7386 10 6.6 -13.6359 10 6.3642
3 16 -6.3642 10 13.6359 -13.6359 10 6.3642 -13.6361 10 13.6361
1 16 -6.6 6.7222 10.0269 0 -1 0 0 0 -3.2779 1.7118 0 0 rect2p.dat
4 16 -8 10 6.6 -6.6 10 8.3151 -6.6 10 -8.3151 -8 10 -6.6
1 16 -6.1 10 0 .5 0 0 0 -1 0 0 0 -8.3151 rect1.dat
1 16 0 10 -20 9 0 0 0 -1 0 0 0 9 1-8ndis.dat
1 16 0 10 20 9 0 0 0 -1 0 0 0 -9 1-8ndis.dat
1 16 0 10 20 6.364 0 -6.364 0 -1 0 -6.364 0 -6.364 1-16tang.dat
1 16 0 10 -20 6.364 0 -6.364 0 -1 0 6.364 0 6.364 1-16tang.dat
1 16 6.3639 0 0 0 -11.9639 0 9 0 0 0 0 -9 3-16cylo.dat
1 16 6.3639 0 0 0 1 0 9 0 0 0 0 -9 3-16ndis.dat
1 16 -5.6 0 0 0 -1 0 9 0 0 0 0 -9 3-16tndis.dat
1 16 6.3639 0 0 0 -11.9639 0 9 0 0 0 0 9 3-16cylo.dat
1 16 6.3639 0 0 0 1 0 9 0 0 0 0 9 3-16ndis.dat
1 16 -5.6 0 0 0 -1 0 9 0 0 0 0 9 3-16tndis.dat
1 16 0 10 -20 0 0 9 0 -6.5557 0 9 0 0 1-16cylo.dat
1 16 0 10 -20 0 0 -9 0 -6.5557 0 9 0 0 1-16cylo.dat
1 16 0 10 20 0 0 9 0 -6.5557 0 -9 0 0 1-16cylo.dat
1 16 0 10 20 0 0 -9 0 -6.5557 0 -9 0 0 1-16cylo.dat
2 24 6.3641 3.4443 -13.6358 6.3641 10 -13.6358
2 24 -6.6 3.4443 -8.3151 6.3639 3.4443 -8.3151
2 24 -6.6 3.4443 8.3151 6.3639 3.4443 8.3151
2 24 6.3639 3.4443 -8.3151 6.3641 3.4443 -13.6358
1 16 9.5 10 0 .5 0 0 0 -1 0 0 0 -20 rect1.dat
4 16 10 8 8 10 8 -8 10 10 -20 10 10 20
1 16 9.5 -10 0 .5 0 0 0 1 0 0 0 20 rect1.dat
4 16 10 -10 -20 10 -8 -8 10 -8 8 10 -10 20
4 16 10 10 20 10 -10 20 10 -8 8 10 8 8
4 16 10 10 -20 10 8 -8 10 -8 -8 10 -10 -20
1 16 -8 0 0 0 -1 0 6 0 0 0 0 6 4-4edge.dat
1 16 -9.8693 3 -6.6 0 0 -1.8693 7 0 0 0 -1 0 rect.dat
2 24 -12.86 -7 -5.4786 -12.86 10 -5.4786
2 24 -12.86 10 -5.4786 -11.7386 10 -6.6
4 16 -11.7386 -4 -6.6 -11.7386 10 -6.6 -12.86 10 -5.4786 -12.86 -7 -5.4786
4 16 -8 0 -6 -8 6 -6 -8 10 -6.6 -8 -4 -6.6
2 24 -8 -7 -3.4442 -8 -4 -6.6
4 16 -8 -4 -6.6 -13.7386 -4 -6.6 -11.6852 -7 -3.4441 -8 -7 -3.4442
2 24 -11.7386 -4 -6.6 -12.86 -5.066 -5.4786
2 24 -12.86 -5.066 -5.4786 -12.2061 -5.9966 -4.4996
2 24 -12.2061 -5.9966 -4.4996 -11.6851 -7 -3.4442
3 16 -8 -2.2962 -5.5434 -8 0 -6 -8 -4 -6.6
4 16 -8 -4.2426 -4.2426 -8 -2.2962 -5.5434 -8 -4 -6.6 -8 -7 -3.4442
3 16 -8 -4.2426 -4.2426 -8 -7 -3.4442 -8 -5.5434 -2.2962
4 16 -8 -6 0 -8 -5.5434 -2.2962 -8 -7 -3.4442 -8 -7 3.4442
1 16 -9.8693 3 6.6 1.8693 0 0 0 0 -7 0 1 0 rect.dat
2 24 -12.86 -7 5.4786 -12.86 10 5.4786
2 24 -12.86 10 5.4786 -11.7386 10 6.6
4 16 -12.86 10 5.4786 -11.7386 10 6.6 -11.7386 -4 6.6 -12.86 -7 5.4786
4 16 -8 10 6.6 -8 6 6 -8 0 6 -8 -4 6.6
2 24 -8 -7 3.4442 -8 -4 6.6
4 16 -11.6852 -7 3.4441 -13.7386 -4 6.6 -8 -4 6.6 -8 -7 3.4442
2 24 -11.7386 -4 6.6 -12.86 -5.066 5.4786
2 24 -12.86 -5.066 5.4786 -12.2061 -5.9966 4.4996
2 24 -12.2061 -5.9966 4.4996 -11.6851 -7 3.4442
3 16 -8 0 6 -8 -2.2962 5.5434 -8 -4 6.6
4 16 -8 -4 6.6 -8 -2.2962 5.5434 -8 -4.2426 4.2426 -8 -7 3.4442
3 16 -8 -7 3.4442 -8 -4.2426 4.2426 -8 -5.5434 2.2962
3 16 -8 -7 3.4442 -8 -5.5434 2.2962 -8 -6 0
1 16 -9.8426 -7 0 0 0 1.8426 0 -1 0 3.4441 0 -.0001 rect3.dat
1 16 0 -10 -20 -3.4442 0 -8.3149 0 6.5557 0 8.3149 0 -3.4442 48\1-24cylo.dat
1 16 0 -10 20 -3.4442 0 -8.3149 0 6.5557 0 -8.3149 0 3.4442 48\1-24cylo.dat
1 16 0 -10 -20 -3.4442 0 -8.3149 0 1 0 8.3149 0 -3.4442 48\1-16chrd.dat
1 16 0 -10 20 -3.4442 0 -8.3149 0 1 0 -8.3149 0 3.4442 48\1-16chrd.dat
1 16 -6.5393 -6.7222 -11.7993 0 -1 1.0607 -3.2779 0 0 0 0 -1.0607 rect.dat
1 16 0 -10 -20 9 0 0 0 1 0 0 0 9 1-8ndis.dat
1 16 0 -10 20 9 0 0 0 1 0 0 0 -9 1-8ndis.dat
4 16 9 -10 11 6.3639 -10 13.6361 6.3639 -10 -13.6361 9 -10 -11

1 16 -8.6 -6.7222 -10.7386 0 0 -1 3.2779 0 0 0 -1 0 rect3.dat
4 16 -7.6 -10 -10.7386 -8.4679 -10 -13.6397 -6.3642 -10 -13.6359 -5.4786 -10 -12.86
4 16 -8.4679 -10 -13.6397 -7.6 -10 -10.7386 -9.6 -10 -10.7386 -11.5321 -10 -13.6397
1 16 -20 -10 0 9 0 0 0 1 0 0 0 -9 1-8ndis.dat
3 16 -11.5321 -10 -13.6397 -9.6 -10 -10.7386 -13.636 -10 -13.636
4 16 -11 -10 -9 -13.6361 -10 -6.3639 -13.636 -10 -13.636 -9.6 -10 -10.7386
1 16 -8.6 -6.7222 10.7386 0 0 1 3.2779 0 0 0 1 0 rect.dat
3 16 -6.3642 -10 13.6359 -7.6 -10 10.7386 -5.4786 -10 12.86
4 16 -9.6 -10 10.7386 -7.6 -10 10.7386 -6.3642 -10 13.6359 -13.6361 -10 13.6361
1 16 -20 -10 0 9 0 0 0 1 0 0 0 9 1-8ndis.dat
4 16 -13.6361 -10 13.6361 -13.6361 -10 6.3639 -11 -10 9 -9.6 -10 10.7386
1 16 -6.5393 -6.7222 11.7993 0 -1 1.0607 3.2779 0 0 0 0 1.0607 rect3.dat
4 16 -9.6 -10 10.7386 -11 -10 9 -11 -10 -9 -9.6 -10 -10.7386
2 24 -9.6 -10 10.7386 -9.6 -10 -10.7386
3 16 -8.4679 10 -13.6397 -13.6361 10 -13.6361 -13.6361 10 -6.3639
0 BFC INVERTNEXT
1 16 5.5596 10 11.714 -.4537 0 .684 0 -6.5557 0 .6568 0 .39 8\3-8cylo.dat
1 16 5.5596 3.4443 11.714 -.4537 0 .684 0 -1 0 .6568 0 .39 8\3-8chrd.dat
0 BFC INVERTNEXT
1 16 5.5596 10 -11.714 -.4537 0 .684 0 -6.5557 0 -.6568 0 -.39 8\3-8cylo.dat
1 16 5.5596 3.4443 -11.714 -.4537 0 .684 0 -1 0 -.6568 0 -.39 8\3-8chrd.dat
3 16 6.3639 10 -13.6361 6.2436 10 -12.104 6.3641 10 -11.5253
3 16 5.7224 10 -12.4542 6.2436 10 -12.104 6.3639 10 -13.6361
3 16 5.1059 10 -12.3708 5.7224 10 -12.4542 6.3639 10 -13.6361
3 16 6.2436 10 12.104 5.7224 10 12.4542 6.3639 10 13.6361
3 16 6.2436 10 12.104 6.3639 10 13.6361 6.3641 10 11.5253
3 16 5.7224 10 12.4542 5.0982 10 12.3702 6.3639 10 13.6361
4 16 3.4443 3.4443 11.6849 3.4442 10 11.6848 5.0982 10 12.3702 5.1059 3.4443 12.3708
2 24 3.4442 10 11.6848 5.0982 10 12.3702
2 24 3.4443 3.4443 11.6849 5.1059 3.4443 12.3708
3 16 -4.4996 3.4443 12.206 -3.4443 3.4443 11.6849 -5.6 3.4443 8.3151
4 16 -5.6 3.4443 8.3151 -3.4443 3.4443 11.6849 0 3.4443 11 6.3639 3.4443 8.3151
3 16 0 3.4443 11 3.4443 3.4443 11.6849 6.3639 3.4443 8.3151
3 16 3.4443 3.4443 11.6849 5.1059 3.4443 12.3708 6.3639 3.4443 8.3151
3 16 6.3639 10 -13.6361 6.3641 10 -11.5253 9 10 -11
3 16 6.3641 10 11.5253 6.3639 10 13.6361 9 10 11
4 16 9 10 -11 6.3641 10 -11.5253 6.3641 10 11.5253 9 10 11
4 16 6.3641 3.4443 -11.5253 6.3639 3.4443 -8.3151 6.3639 9 -9 6.3641 10 -11.5253
4 16 6.3639 9 9 6.3639 3.4443 8.3151 6.3641 3.4443 11.5253 6.3641 10 11.5253
3 16 6.3639 3.4443 8.3151 5.1059 3.4443 12.3708 6.3641 3.4443 11.5253
4 16 5.0982 10 -12.3702 3.4442 10 -11.6848 3.4443 3.4443 -11.6849 5.1059 3.4443 -12.3708
2 24 3.4442 10 -11.6848 5.0982 10 -12.3702
2 24 3.4443 3.4443 -11.6849 5.1059 3.4443 -12.3708
4 16 6.3641 3.4443 -11.5253 5.1059 3.4443 -12.3708 3.4443 3.4443 -11.6849 6.3639 3.4443 -8.3151
3 16 -3.4443 3.4443 -11.6849 -4.4996 3.4443 -12.206 -5.6 3.4443 -8.3151
4 16 0 3.4443 -11 -3.4443 3.4443 -11.6849 -5.6 3.4443 -8.3151 6.3639 3.4443 -8.3151
3 16 3.4443 3.4443 -11.6849 0 3.4443 -11 6.3639 3.4443 -8.3151
1 16 0 -10 20 6.364 0 -6.364 0 1 0 -6.364 0 -6.364 1-16tang.dat
1 16 0 -10 -20 6.364 0 -6.364 0 1 0 6.364 0 6.364 1-16tang.dat
1 16 6.3639 0 0 0 -15.9639 0 -9 0 0 0 0 -9 3-16cylo.dat
1 16 6.3639 0 0 0 1 0 -9 0 0 0 0 -9 3-16ndis.dat
1 16 -9.6 0 0 0 -1 0 -9 0 0 0 0 -9 3-16ndis.dat
1 16 6.3639 0 0 0 -15.9639 0 -9 0 0 0 0 9 3-16cylo.dat
1 16 6.3639 0 0 0 1 0 -9 0 0 0 0 9 3-16ndis.dat
1 16 -9.6 0 0 0 -1 0 -9 0 0 0 0 9 3-16ndis.dat
1 16 0 -10 -20 0 0 9 0 6.5557 0 9 0 0 1-16cylo.dat
1 16 0 -10 -20 0 0 -9 0 6.5557 0 9 0 0 1-16cylo.dat
1 16 0 -10 20 0 0 9 0 6.5557 0 -9 0 0 1-16cylo.dat
1 16 0 -10 20 0 0 -9 0 6.5557 0 -9 0 0 1-16cylo.dat
0 BFC INVERTNEXT
1 16 5.5596 -10 11.714 -.4537 0 .684 0 6.5557 0 .6568 0 .39 8\3-8cylo.dat
1 16 5.5596 -3.4443 11.714 -.4537 0 .684 0 1 0 .6568 0 .39 8\3-8chrd.dat
0 BFC INVERTNEXT
1 16 5.5596 -10 -11.714 -.4537 0 .684 0 6.5557 0 -.6568 0 -.39 8\3-8cylo.dat
1 16 5.5596 -3.4443 -11.714 -.4537 0 .684 0 1 0 -.6568 0 -.39 8\3-8chrd.dat
3 16 -4.4996 -3.4443 12.206 -5.4786 -3.4443 12.86 -9.6 -3.4443 8.3151
3 16 -3.4443 -3.4443 11.6849 -4.4996 -3.4443 12.206 -9.6 -3.4443 8.3151
4 16 0 -3.4443 11 -3.4443 -3.4443 11.6849 -9.6 -3.4443 8.3151 6.3639 -3.4443 8.3151
3 16 3.4443 -3.4443 11.6849 0 -3.4443 11 6.3639 -3.4443 8.3151
3 16 5.1059 -3.4443 12.3708 3.4443 -3.4443 11.6849 6.3639 -3.4443 8.3151
3 16 5.1059 -3.4443 12.3708 6.3639 -3.4443 8.3151 6.3641 -3.4443 11.5253
4 16 3.4443 -3.4443 -11.6849 3.4442 -10 -11.6848 5.0982 -10 -12.3702 5.1059 -3.4443 -12.3708
4 16 3.4443 -3.4443 -11.6849 5.1059 -3.4443 -12.3708 6.3641 -3.4443 -11.5253 6.3639 -3.4443 -8.3151
3 16 -4.4996 -3.4443 -12.206 -3.4443 -3.4443 -11.6849 -9.6 -3.4443 -8.3151
4 16 -9.6 -3.4443 -8.3151 -3.4443 -3.4443 -11.6849 0 -3.4443 -11 6.3639 -3.4443 -8.3151
3 16 0 -3.4443 -11 3.4443 -3.4443 -11.6849 6.3639 -3.4443 -8.3151
4 16 6.3641 -3.4443 11.5253 6.3639 -3.4443 8.3151 6.3639 -9 9 6.3641 -10 11.5253
4 16 6.3639 -9 -9 6.3639 -3.4443 -8.3151 6.3641 -3.4443 -11.5253 6.3641 -10 -11.5253
2 24 3.4441 -10 -11.6852 5.0982 -10 -12.3702
4 16 5.0982 -10 12.3702 3.4442 -10 11.6848 3.4443 -3.4443 11.6849 5.1059 -3.4443 12.3708
2 24 3.4442 -10 11.6848 5.0982 -10 12.3702
2 24 3.4443 -3.4443 11.6849 5.1059 -3.4443 12.3708
2 24 3.4443 -3.4443 -11.6849 5.1059 -3.4443 -12.3708
3 16 6.2436 -10 -12.104 5.7224 -10 -12.4542 6.3639 -10 -13.6361
3 16 5.7224 -10 -12.4542 5.0982 -10 -12.3702 6.3639 -10 -13.6361
2 24 6.3639 -3.4443 -8.3151 6.3641 -3.4443 -11.5253
2 24 6.3641 -3.4443 11.5253 6.3639 -3.4443 8.3151
4 16 -5.4786 3.4443 -12.86 -6.6 3.4443 -11.7386 -6.6 3.4443 -8.3151 -5.6 3.4443 -8.3151
3 16 -5.4786 3.4443 -12.86 -5.6 3.4443 -8.3151 -4.4996 3.4443 -12.206
4 16 -6.6 3.4443 8.3151 -6.6 3.4443 11.7386 -5.4786 3.4443 12.86 -5.6 3.4443 8.3151
3 16 -5.4786 3.4443 12.86 -4.4996 3.4443 12.206 -5.6 3.4443 8.3151
3 16 -7.6 -3.4443 10.7386 -9.6 -3.4443 10.7386 -9.6 -3.4443 8.3151
3 16 -5.4786 -3.4443 12.86 -7.6 -3.4443 10.7386 -9.6 -3.4443 8.3151
4 16 -9.6 -10 10.7386 -9.6 -9 9 -9.6 -3.4443 8.3151 -9.6 -3.4443 10.7386
4 16 -9.6 -9 -9 -9.6 -10 -10.7386 -9.6 -3.4443 -10.7386 -9.6 -3.4443 -8.3151
3 16 -9.6 -3.4443 -8.3151 -9.6 -3.4443 -10.7386 -7.6 -3.4443 -10.7386
4 16 -9.6 -3.4443 -8.3151 -7.6 -3.4443 -10.7386 -5.4786 -3.4443 -12.86 -4.4996 -3.4443 -12.206
4 16 -9.6 -9 9 -9.6 -10 10.7386 -9.6 -10 -10.7386 -9.6 -9 -9
4 16 -5.6 10 8.3151 -5.6 9 8.3151 -5.6 9 -8.3151 -5.6 10 -8.3151
4 16 6.3641 10 11.5253 6.3641 10 -11.5253 6.3639 9 -9 6.3639 9 9
4 16 6.3641 -10 11.5253 6.3639 -9 9 6.3639 -9 -9 6.3641 -10 -11.5253
3 16 5.0982 -10 12.3702 5.7224 -10 12.4542 6.3639 -10 13.6361
3 16 5.7224 -10 12.4542 6.2436 -10 12.104 6.3639 -10 13.6361
3 16 6.2436 -10 12.104 6.3641 -10 11.5253 6.3639 -10 13.6361
3 16 6.3641 -10 -11.5253 6.2436 -10 -12.104 6.3639 -10 -13.6361
2 24 6.3641 -10 -11.5253 6.3641 -10 11.5253
2 24 6.3641 10 -11.5253 6.3641 10 11.5253
