0 ~Support  2 x  2 x  2 Round - Bottom
0 Name: s\3940s02.dat
0 Author: Evert-Jan Boer [ejboer]
0 !LDRAW_ORG Unofficial_Subpart
0 !LICENSE Redistributable under CCAL version 2.0 : see CAreadme.txt

0 BFC CERTIFY CCW

4 16 0 48 20 7.65 48 18.48 11.36 48 16 0 48 16
4 16 0 48 20 0 44 20 7.65 44 18.48 7.65 48 18.48
1 16 9.505 46 17.24 1.855 -1 0 0 0 2 -1.24 0 0 rect2a.dat
4 16 11.36 48 16 11.36 44 16 0 44 16 0 48 16
4 16 0 44 16 11.35 44 16 8 44 8 0 44 8
3 16 8 44 8 11.35 44 16 14.14 44 14.14

5 24 0 44 20 0 48 20 -7.65 44 18.48 7.65 44 18.48
5 24 7.65 44 18.48 7.65 48 18.48 0 44 20 14.14 44 14.14
2 24 14.14 44 14.14 11.36 44 16
2 24 7.65 48 18.48 0 48 20
2 24 11.35 48 16 0 48 16
2 24 11.35 44 16 0 44 16
