0 ~Glass for Windscreen  4 x  6 x  4 Cab with Hinge - Half
0 Name: s\46103s01.dat
0 Author: Joerg Sommerer [Brickaneer]
0 !LDRAW_ORG Unofficial_Subpart
0 !LICENSE Redistributable under CCAL version 2.0 : see CAreadme.txt

0 BFC CERTIFY CCW

0 !HISTORY 2012-03-30 [PTadmin] Official Update 2012-01
0 !HISTORY 2017-05-28 [MagFors] Adjusted shape of windows

4 16 -59 25.5 2.5 -59 57.5 2.5 -59 56 -31 -59 25 -21
1 16 -57.5 40.5 -26 0 0 1.5 15.5 0 0 -5 1 0 rect.dat
1 16 -57.5 41.5 2.5 0 0 1.5 -16 0 0 0 -1 0 rect.dat
4 16 -59 24 -19 -59 24 1 -59 25.5 2.5 -59 25 -21
4 16 -59 59.25 1 -59 58.125 -30.75 -59 56 -31 -59 57.5 2.5
3 16 -59 59.25 -29.5 -59 58.125 -30.75 -59 59.25 1
1 16 -57.5 24 -9 0 0 1.5 0 1 0 -10 0 0 rect.dat
1 16 -57.5 59.25 -14.25 0 0 1.5 0 -1 0 15.25 0 0 rect.dat
2 24 -59 58.125 -30.75 -59 56 -31
2 24 -59 59.25 -29.5 -59 58.125 -30.75
1 16 -57.5 24.5 -20 0 0 1.5 0.5 1 0 -1 0 0 rect2p.dat
4 16 -56 59.25 -29.5 -56 58.125 -30.75 -59 58.125 -30.75 -59 59.25 -29.5
4 16 -56 58.125 -30.75 -56 56 -31 -59 56 -31 -59 58.125 -30.75
5 24 -59 58.125 -30.75 -56 58.125 -30.75 -59 56 -31 -59 59.25 -29.5

1 16 -57.5 58.375 1.75 0 0 1.5 -0.875 0 0 0.75 -1 0 rect2p.dat
1 16 -57.5 24.75 1.75 0 0 1.5 -0.75 1 0 -0.75 0 0 rect2p.dat
2 24 -56 58.125 -30.75 -56 56 -31
2 24 -56 59.25 -29.5 -56 58.125 -30.75

1 16 -56 64 7 0 1 0 0 0 3 3 0 0 1-4edge.dat
1 16 -56 25 7 0 1 0 -3 0 0 0 0 3 1-4edge.dat
1 16 -53 25 7 0 1 0 -3 0 0 0 0 3 1-4edge.dat
1 16 -56 64 7 0 1 0 0 0 3 3 0 0 1-4chrd.dat
1 16 -53 64 7 0 1 0 0 0 3 3 0 0 1-4edge.dat
1 16 -53 25 7 0 -1 0 0 0 -3 3 0 0 1-4chrd.dat
1 16 -56 25 7 0 1 0 -3 0 0 0 0 3 1-4chrd.dat
1 16 -53 64 7 0 -1 0 3 0 0 0 0 3 1-4chrd.dat
1 16 -56 64 7 0 3 0 0 0 3 3 0 0 1-4cyli.dat
1 16 -56 25 7 0 3 0 -3 0 0 0 0 3 1-4cyli.dat
1 16 -54.5 44.5 10 0 0 -1.5 19.5 0 0 0 -1 0 rect2p.dat

4 16 -56 25 10 -56 64 10 -56 57.5 2.5 -56 25.5 2.5
4 16 -53 64 10 -53 25 10 -53 22 7 -53 67 7
4 16 -56 25 10 -56 25.5 2.5 -56 24 1 -56 22 7
4 16 -56 64 10 -56 67 7 -56 59.25 1 -56 57.5 2.5
4 16 -56 24 1 -56 24 -19 -56 22 -30 -56 22 7
4 16 -56 22 -30 -56 24 -19 -56 25 -21 -56 24 -30
4 16 -56 25 -21 -56 56 -31 -56 59.25 -46 -56 24 -30
4 16 -56 59.25 -46 -56 59.25 -49.5 -56 24 -31.75 -56 24 -30

3 16 -56 56 -31 -56 58.125 -30.75 -56 59.25 -46
4 16 -56 67 7 -56 67 -48 -56 59.25 -29.5 -56 59.25 1
4 16 -56 58.125 -30.75 -56 59.25 -29.5 -56 67 -48 -56 59.25 -46


1 16 -54.5 67 -20.5 0 0 1.5 0 -1 0 27.5 0 0 rect2p.dat
4 16 -56 22 7 -56 22 -30 -53 22 -29.25 -53 22 7
2 24 -56 22 -30 -56 22 7
2 24 -53 22 -29.25 -39 22 -43
2 24 -53 22 -29.25 -53 22 7
2 24 -39 59.25 -62.5 -38 67 -66
2 24 -39 59.25 -62.5 -56 59.25 -46
2 24 -39.5 59.25 -66 -56 59.25 -49.5
2 24 -38 67 -66 -56 67 -48
2 24 0 59.25 -62.5 -39 59.25 -62.5
4 16 -39 22 -43 0 22 -43 0 67 -63 -38 67 -63
2 24 0 67 -63 -38 67 -63
1 16 -1.75 71 -64.5 0 0 -1.75 0 -1 0 -1.5 0 0 rect3.dat
3 16 -56 67 -48 -38 67 -66 -39 59.25 -62.5
3 16 -39 59.25 -62.5 -56 59.25 -46 -56 67 -48
5 24 -39 59.25 -62.5 -56 67 -48 -56 59.25 -46 -38 67 -66
4 16 -56 59.25 -46 -39 59.25 -62.5 -39.5 59.25 -66 -56 59.25 -49.5
4 16 -53 67 -48 -38 67 -63 -38 67 -66 -56 67 -48
1 16 -47.5 23 -38 0 0 8.5 1 0 0 0 1 -8 rect.dat
4 16 -56 22 -30 -39 22 -46 -39 22 -43 -53 22 -29.25
4 16 -56 24 -31.75 -39.5 24 -48 -39 24 -46 -56 24 -30
4 16 0 59.25 -62.5 -39 59.25 -62.5 -38 67 -66 -30 67 -66
4 16 0 67 -66 -30 67 -66 -30 68 -66 -3.5 68 -66
4 16 -30 67 -63 0 67 -63 -3.5 68 -63 -30 68 -63
4 16 0 71 -66 0 67 -66 -3.5 68 -66 -3.5 71 -66
3 16 0 67 -66 0 59.25 -62.5 -30 67 -66
4 16 0 71 -63 -3.5 71 -63 -3.5 68 -63 0 67 -63
4 16 -39 59.25 -62.5 0 59.25 -62.5 0 59.25 -66 -39.5 59.25 -66
1 16 -34 67 -64.5 4 0 0 0 -1 0 0 0 -1.5 rect2a.dat
4 16 0 24 -46 -39 24 -46 -39.5 24 -48 0 24 -48
1 16 -19.5 23 -46 -19.5 0 0 0 0 1 0 1 0 rect2p.dat
1 16 -19.5 22 -44.5 0 0 -19.5 0 1 0 1.5 0 0 rect1.dat
1 16 -16.75 68 -64.5 13.25 0 0 0 -1 0 0 0 -1.5 rect.dat
1 16 -3.5 69.5 -64.5 0 1 0 1.5 0 0 0 0 -1.5 rect2p.dat
1 16 -30 67.5 -64.5 0 1 0 0.5 0 0 0 0 -1.5 rect2p.dat
2 24 -53 67 -48 -38 67 -63
4 16 -53 22 -29.25 -39 22 -43 -38 67 -63 -53 67 -48
2 24 -39 22 -43 -38 67 -63
2 24 -53 22 -29.25 -53 67 -48
4 16 -53 22 -29.25 -53 67 -48 -53 67 7 -53 22 7
2 24 -56 24 -31.75 -56 59.25 -49.5
4 16 -39.5 59.25 -66 -39.5 24 -48 -56 24 -31.75 -56 59.25 -49.5
2 24 -56 24 -31.75 -56 24 -30
1 16 -19.75 41.625 -57 0 0 -19.75 -17.625 0 0 9 1 0 rect3.dat
2 24 -56 67 -48 -56 59.25 -46
2 24 -56 59.25 -49.5 -56 59.25 -46
2 24 -39.5 24 -48 -56 24 -31.75
2 24 -30 67 -66 0 67 -66
