0 ~Technic Bionicle Weapon Minifig Staff Nuju
0 Name: s\51643s01.dat
0 Author: Gerald Lasser [GeraldLasser]
0 !LDRAW_ORG Unofficial_Subpart
0 !LICENSE Redistributable under CCAL version 2.0 : see CAreadme.txt

0 BFC CERTIFY CCW

2 24 3.7017 1.5 80.5 3.7017 1.5 67.972
2 24 2 3.382 80.5 2 3.382 67.9118
2 24 2 3.382 67.9118 1.5308 3.6956 67.9743
2 24 3.8824 .5915 68.0115 4 0 68.0513
2 24 3.882 .5934 68.0115 3.7017 1.5 67.972
2 24 0 4 68.0513 1.5308 3.6956 67.9743
2 24 3.7017 1.5 67.972 3.882 1.5 68.0115

1 16 0 1.5 82.5 14.48889 0 -3.88229 0 -1 0 -3.88229 0 -14.48889 48\1-6chrd.dat
1 16 2 0 82.5 0 -1 0 14.48889 0 -3.88229 -3.88229 0 -14.48889 48\3-16chrd.dat
4 16 2 1.5 80.5 14.9011 1.5 80.5 14.4885 1.5 78.618 3.882 1.5 68.0115
4 16 2 1.5 80.5 2 1.5 67.5989 2 1.9575 67.629 2 14.4885 78.618
3 16 2 14.4885 78.618 2 14.8626 80.5 2 1.5 80.5
3 16 3.882 1.5 68.0115 2 1.5 67.5989 2 1.5 80.5
2 24 2 1.5 80.5 2 14.8626 80.5
2 24 2 1.5 80.5 14.9011 1.5 80.5
2 24 2 14.8626 80.5 3.88249 14.48922 80.5
2 24 14.871 1.9575 80.5 14.9011 1.5 80.5

1 16 0 0 80.5 14.87167 0 -1.95789 1.95789 0 14.87167 0 1 0 48\3-16chrd.dat
3 16 14.871 1.9575 80.5 14.9011 1.5 80.5 2 1.5 80.5
4 16 14.871 1.9575 80.5 2 1.5 80.5 2 14.8626 80.5 3.8825 14.4892 80.5
1 16 0 0 84.5 14.87167 0 -1.95789 1.95789 0 14.87167 0 -4 0 48\3-16cylo.dat
4 16 14.871 1.9575 80.5 14.871 1.9575 84.5 14.9011 1.5 84.5 14.9011 1.5 80.5
4 16 2 14.8626 84.5 3.8825 14.4892 84.5 3.8825 14.4892 80.5 2 14.8626 80.5
2 24 3.88249 14.48922 84.5 2 14.8626 84.5
2 24 14.871 1.9575 84.5 14.9011 1.5 84.5

2 24 14.9011 1.5 80.9315 14.8984 1.5415 80.9586
2 24 14.898 .8343 80.4859 14.86 0 80.3122
2 24 14.86 0 84.6878 14.898 .8343 84.5141
2 24 14.8984 1.5415 84.0415 14.9011 1.5 84.0685
2 24 14.9011 .8543 84.5 14.898 .8343 84.5141
2 24 14.8244 2.195 82.5 14.859 2.0215 81.6627
2 24 14.8717 1.9579 81.5721 14.859 2.0215 81.6627
2 24 14.8984 1.5415 80.9586 14.871 1.9575 81.5712
2 24 14.859 2.0215 83.3373 14.8717 1.9579 83.4279
2 24 14.8984 1.5415 84.0415 14.871 1.9575 83.4288
2 24 14.8244 2.195 82.5 14.859 2.0215 83.3373
2 24 14.9011 .8543 80.5 14.9011 1.5 80.9315
2 24 14.9011 1.5 84.0685 14.9011 .8543 84.5
2 24 14.898 .8343 80.4859 14.9011 .8543 80.5

2 24 1.5466 14.8626 80.9534 2 14.8626 81.6318
2 24 2.0216 14.8583 81.6626 2 14.8626 81.6318
2 24 2.1951 14.8239 82.5 2.0216 14.8583 81.6626
2 24 0 14.8239 80.3049 .8374 14.8583 80.4784
2 24 .8682 14.8626 80.5 1.5466 14.8626 80.9534
2 24 .8374 14.8583 80.4784 .8682 14.8626 80.5
2 24 .8682 14.8626 84.5 1.5466 14.8626 84.0466
2 24 .8374 14.8583 84.5216 .8682 14.8626 84.5
2 24 0 14.8239 84.6951 .8374 14.8583 84.5216
2 24 2.1951 14.8239 82.5 2.0216 14.8583 83.3374
2 24 2 14.8626 83.3682 1.5466 14.8626 84.0466
2 24 2 14.8626 83.3682 2.0216 14.8583 83.3374

1 16 0 0 84.5 14.87167 0 -1.95789 1.95789 0 14.87167 0 -1 0 48\3-16chrd.dat
3 16 3.8825 14.4892 84.5 2 14.8626 84.5 2 1.5 84.5
4 16 3.8825 14.4892 84.5 2 1.5 84.5 14.9011 1.5 84.5 14.871 1.9575 84.5
2 24 2 1.5 84.5 2 14.8626 84.5
2 24 2 1.5 84.5 14.9011 1.5 84.5

1 16 2 0 82.5 0 -1 0 14.48889 0 -3.88229 3.88229 0 14.48889 48\3-16chrd.dat
1 16 0 1.5 82.5 14.48889 0 -3.88229 0 -1 0 3.88229 0 14.48889 48\1-6chrd.dat
4 16 14.4885 1.5 86.382 14.9011 1.5 84.5 2 1.5 84.5 3.882 1.5 96.9885
4 16 2 1.9575 97.371 2 1.5 97.4011 2 1.5 84.5 2 14.4885 86.382
3 16 2 14.8626 84.5 2 14.4885 86.382 2 1.5 84.5
3 16 2 1.5 97.4011 3.882 1.5 96.9885 2 1.5 84.5
2 24 2 1.5 97.4011 2 1.5 84.5
2 24 2 1.5 97.4011 2 1.9581 97.372

2 24 .83731 2.0214 97.35941 0 2.19494 97.32483
2 24 2.18779 0 97.35993 2.01414 .8343 97.398
2 24 .83731 2.0214 97.35941 .92756 1.95805 97.37204
2 24 1.54144 1.54144 97.39847 .9275 1.9581 97.372
2 24 2.01414 .8343 97.398 2 .85434 97.4011
2 24 2 .85434 97.4011 1.5685 1.5 97.4011
2 24 1.5685 1.5 97.4011 1.54144 1.54144 97.39847

5 24 3.88249 14.48922 80.5 3.88249 14.48922 84.5 2 14.8626 84.5 5.7403 13.85781 84.5
5 24 14.871 1.9575 80.5 14.871 1.9575 84.5 14.9011 1.5 84.5 14.48827 3.88181 84.5
5 24 14.9011 1.5 80.5 14.9011 1.5 84.5 14.871 1.9575 84.5 14.9011 -1.5 80.5
5 24 2 14.8626 84.5 2 14.8626 80.5 3.88249 14.48922 80.5 -2 14.8626 80.5

0 // Staff End
1 16 0 0 -58.75 1.75582 0 8.82707 8.82707 0 -1.75582 0 -1 0 3-16chrd.dat
4 16 9 0 -58.75 8.8273 1.7559 -58.75 1.7558 8.8271 -58.75 0 9 -58.75
2 24 0 9 -58.75 1.7558 8.8271 -58.75
2 24 8.8273 1.7559 -58.75 9 0 -58.75
1 16 0 0 -62.5 1.75582 0 8.82707 8.82707 0 -1.75582 0 3.75 0 3-16cylo.dat
1 16 0 0 -62.5 1.75582 0 8.82707 8.82707 0 -1.75582 0 3.75 0 3-16chrd.dat
4 16 9 0 -58.75 9 0 -62.5 8.8273 1.7559 -62.5 8.8273 1.7559 -58.75
4 16 1.7558 8.8271 -62.5 0 9 -62.5 0 9 -58.75 1.7558 8.8271 -58.75
3 16 8.8273 1.7559 -62.5 1.7559 1.7559 -62.5 1.7558 8.8271 -62.5
2 24 1.7558 8.8271 -62.5 1.7559 1.7559 -62.5
2 24 8.8273 1.7559 -62.5 1.7559 1.7559 -62.5

3 16 7.5373 0 -69.242 7.1881 1.7559 -69.242 8.8273 1.7559 -62.5
3 16 8.8273 1.7559 -62.5 9 0 -62.5 7.5373 0 -69.242
4 16 7.5373 0 -69.242 5.7836 0 -74.3185 5.4344 1.7559 -74.3185 7.1881 1.7559 -69.242
4 16 3.359 1.3914 -77.9 5.4344 1.7559 -74.3185 5.7836 0 -74.3185 3.6357 0 -77.9
3 16 3.359 1.3914 -77.9 3.1153 1.7559 -77.9 5.4344 1.7559 -74.3185
2 24 8.8273 1.7559 -62.5 7.1881 1.7559 -69.242
2 24 7.1881 1.7559 -69.242 5.4344 1.7559 -74.3185
2 24 5.4344 1.7559 -74.3185 3.1153 1.7559 -77.9

3 16 0 7.5373 -69.242 0 9 -62.5 1.7559 8.8273 -62.5
3 16 1.7559 8.8273 -62.5 1.7559 7.1881 -69.242 0 7.5373 -69.242
4 16 1.7559 5.4344 -74.3185 0 5.7836 -74.3185 0 7.5373 -69.242 1.7559 7.1881 -69.242
3 16 1.7559 3.1153 -77.9 1.3914 3.359 -77.9 1.7559 5.4344 -74.3185
4 16 0 5.7836 -74.3185 1.7559 5.4344 -74.3185 1.3914 3.359 -77.9 0 3.6357 -77.9
2 24 1.7558 8.8271 -62.5 1.7559 7.1881 -69.242
2 24 1.7559 7.1881 -69.242 1.7559 5.4344 -74.3185
2 24 1.7559 3.1153 -77.9 1.7559 5.4344 -74.3185

4 16 3.6357 0 -77.9 1.7559 0 -79.5 1.6223 .672 -79.5 3.359 1.3914 -77.9
4 16 1.6223 .672 -79.5 1.2416 1.2416 -79.5 3.1153 1.7559 -77.9 3.359 1.3914 -77.9
4 16 1.2416 1.2416 -79.5 .672 1.6223 -79.5 1.3914 3.359 -77.9 1.7559 3.1153 -77.9
4 16 0 1.7559 -79.5 0 3.6357 -77.9 1.3914 3.359 -77.9 .672 1.6223 -79.5
3 16 1.7559 1.7559 -78.8809 3.1153 1.7559 -77.9 1.2416 1.2416 -79.5
3 16 1.7559 1.7559 -78.8809 1.2416 1.2416 -79.5 1.7559 3.1153 -77.9
2 24 1.7559 1.7559 -78.8809 1.7559 3.1153 -77.9
2 24 1.7559 1.7559 -78.8809 3.1153 1.7559 -77.9
2 24 1.7559 1.7559 -78.8809 1.7559 1.7559 -62.5

4 16 1.7559 1.7559 -62.5 8.8273 1.7559 -62.5 7.1881 1.7559 -69.242 5.4344 1.7559 -74.3185
4 16 5.4344 1.7559 -74.3185 3.1153 1.7559 -77.9 1.7559 1.7559 -78.8809 1.7559 1.7559 -62.5
4 16 1.7559 7.1881 -69.242 1.7558 8.8271 -62.5 1.7559 1.7559 -62.5 1.7559 5.4344 -74.3185
4 16 1.7559 3.1153 -77.9 1.7559 5.4344 -74.3185 1.7559 1.7559 -62.5 1.7559 1.7559 -78.8809

3 16 0 0 -80 1.6223 .672 -79.5 1.7559 0 -79.5
3 16 0 0 -80 1.2416 1.2416 -79.5 1.6223 .672 -79.5
3 16 0 0 -80 .672 1.6223 -79.5 1.2416 1.2416 -79.5
3 16 0 0 -80 0 1.7559 -79.5 .672 1.6223 -79.5

5 24 0 0 -80 1.7559 0 -79.5 1.6223 -.672 -79.5 1.6223 .672 -79.5
5 24 0 0 -80 1.6223 .672 -79.5 1.7559 0 -79.5 1.2416 1.2416 -79.5
5 24 0 0 -80 1.2416 1.2416 -79.5 1.6223 .672 -79.5 .672 1.6223 -79.5
5 24 0 0 -80 .672 1.6223 -79.5 1.2416 1.2416 -79.5 0 1.7559 -79.5
5 24 0 0 -80 0 1.7559 -79.5 .672 1.6223 -79.5 -.672 1.6223 -79.5

5 24 8.8273 1.7559 -62.5 9 0 -62.5 8.8273 1.7559 -58.75 7.5373 0 -69.242
5 24 7.5373 0 -69.242 7.1881 1.7559 -69.242 5.7836 0 -74.3185 8.8273 1.7559 -62.5
5 24 8.8273 1.7559 -62.5 7.5373 0 -69.242 9 0 -62.5 7.1881 1.7559 -69.242
5 24 1.6223 .672 -79.5 1.7559 0 -79.5 0 0 -80 3.359 1.3914 -77.9
5 24 1.3914 3.359 -77.9 1.7559 5.4344 -74.3185 0 3.6357 -77.9 1.7559 3.1153 -77.9
5 24 5.4344 1.7559 -74.3185 5.7836 0 -74.3185 7.1881 1.7559 -69.242 3.6357 0 -77.9
5 24 0 1.7559 -79.5 .672 1.6223 -79.5 0 3.6357 -77.9 0 0 -80
5 24 1.3914 3.359 -77.9 0 3.6357 -77.9 1.7559 5.4344 -74.3185 .672 1.6223 -79.5
5 24 3.359 1.3914 -77.9 3.1153 1.7559 -77.9 1.6223 .672 -79.5 5.4344 1.7559 -74.3185
5 24 1.7559 1.7559 -78.8809 1.2416 1.2416 -79.5 3.1153 1.7559 -77.9 1.7559 3.1153 -77.9
5 24 .672 1.6223 -79.5 1.3914 3.359 -77.9 0 1.7559 -79.5 1.7559 3.1153 -77.9
5 24 0 9 -62.5 1.7558 8.8271 -62.5 0 9 -58.75 1.7559 7.1881 -69.242
5 24 3.6357 0 -77.9 3.359 1.3914 -77.9 5.4344 1.7559 -74.3185 1.7559 0 -79.5
5 24 3.359 1.3914 -77.9 1.6223 .672 -79.5 1.2416 1.2416 -79.5 3.6357 0 -77.9
5 24 5.4344 1.7559 -74.3185 3.359 1.3914 -77.9 3.1153 1.7559 -77.9 3.6357 0 -77.9
5 24 1.7559 8.8273 -62.5 0 7.5373 -69.242 1.7559 7.1881 -69.242 0 9 -62.5
5 24 1.2416 1.2416 -79.5 1.6223 .672 -79.5 0 0 -80 3.1153 1.7559 -77.9
5 24 .672 1.6223 -79.5 1.2416 1.2416 -79.5 0 0 -80 1.3914 3.359 -77.9
5 24 1.7559 3.1153 -77.9 1.3914 3.359 -77.9 1.2416 1.2416 -79.5 1.7559 5.4344 -74.3185
5 24 0 7.5373 -69.242 1.7559 7.1881 -69.242 0 5.7836 -74.3185 1.7559 8.8273 -62.5
5 24 0 5.7836 -74.3185 1.7559 5.4344 -74.3185 1.7559 7.1881 -69.242 0 3.6357 -77.9

5 24 9 0 -62.5 9 0 -58.75 8.8273 -1.7559 -62.5 8.8273 1.7559 -62.5
5 24 9 0 -62.5 7.5373 0 -69.242 7.1881 -1.7559 -69.242 7.1881 1.7559 -69.242
5 24 7.5373 0 -69.242 5.7836 0 -74.3185 5.4344 1.7559 -74.3185 5.4344 -1.7559 -74.3185
5 24 5.7836 0 -74.3185 3.6357 0 -77.9 3.359 1.3914 -77.9 3.359 -1.3914 -77.9
5 24 3.6357 0 -77.9 1.7559 0 -79.5 1.6223 .672 -79.5 1.6223 -.672 -79.5
5 24 0 1.7559 -79.5 0 3.6357 -77.9 1.3914 3.359 -77.9 -1.3914 3.359 -77.9
5 24 0 3.6357 -77.9 0 5.7836 -74.3185 1.7559 5.4344 -74.3185 -1.7559 5.4344 -74.3185
5 24 0 5.7836 -74.3185 0 7.5373 -69.242 1.7559 7.1881 -69.242 -1.7559 7.1881 -69.242
5 24 0 7.5373 -69.242 0 9 -62.5 1.7558 8.8271 -62.5 -1.7559 8.8273 -62.5
5 24 0 9 -62.5 0 9 -58.75 1.7558 8.8271 -58.75 -1.7558 8.8271 -58.75
