0 ~Technic Bionicle Weapon Minifig Staff Vakama - Tip Quarter
0 Name: s\51645s01.dat
0 Author: Gerald Lasser [GeraldLasser]
0 !LDRAW_ORG Unofficial_Subpart
0 !LICENSE Redistributable under CCAL version 2.0 : see CAreadme.txt

0 BFC CERTIFY CCW

4 16 -5 -5 67.9 -5 -5 80.05 -5 -3.703 80.051 -5 -4.34 67.9
2 24 -5 -5 80.05 -5 -3.703 80.051
2 24 -5 -5 67.9 -5 -4.34 67.9

1 16 -14.428 -2.692 61.178 0 -.404 -1.546 -2 .086 0 0 1.636 -1.1 1-4cylo.dat
1 16 -14.428 -2.692 61.178 0 -1 -1.546 -2 0 0 0 0 -1.1 1-4chrd.dat
1 16 -14.832 -2.606 62.814 0 1 -1.546 -2 0 0 0 0 -1.1 1-4chrd.dat
3 16 -16.378 -2.606 61.714 -16.39 -2.25 61.723 -15.974 -2.692 60.078
3 16 -14.428 -4.692 61.178 -15.974 -2.692 60.078 -5 -4.34 67.9
3 16 -11.867 -3.967 75.015 -5 -3.703 80.051 -9.097 -2.703 77.046

3 16 -5 -3.703 80.051 -11.867 -3.967 75.015 -11.866 -4.1466 71.5875
3 16 -5 -3.703 80.051 -11.866 -4.1466 71.5875 -10.6944 -4.1721 71.1024
3 16 -5 -3.703 80.051 -10.6944 -4.1721 71.1024 -9.7977 -4.2191 70.2056
3 16 -5 -3.703 80.051 -9.7977 -4.2191 70.2056 -9.3124 -4.2805 69.034
3 16 -5 -3.703 80.051 -9.3124 -4.2805 69.034 -5 -4.34 67.9
3 16 -5 -4.34 67.9 -9.3124 -4.2805 69.034 -9.3125 -4.3469 67.766
3 16 -5 -4.34 67.9 -9.3125 -4.3469 67.766 -9.7976 -4.4083 66.5944
3 16 -5 -4.34 67.9 -9.7976 -4.4083 66.5944 -10.6944 -4.4553 65.6977
3 16 -11.867 -3.967 75.015 -13.134 -4.1466 71.5876 -11.866 -4.1466 71.5875
3 16 -5 -4.34 67.9 -10.6944 -4.4553 65.6977 -14.428 -4.692 61.178
3 16 -14.428 -4.692 61.178 -10.6944 -4.4553 65.6977 -14.832 -4.606 62.814
2 24 -5 -4.34 67.9 -14.428 -4.692 61.178
2 24 -5 -3.703 80.051 -11.867 -3.967 75.015
2 24 -10.6944 -4.4553 65.6977 -14.832 -4.606 62.814
2 24 -5 -4.34 67.9 -5 -3.703 80.051

0 // First Cutout
4 16 -9.7976 -4.4083 66.5944 -9.7976 -2.25 66.5944 -10.6944 -2.25 65.6977 -10.6944 -4.4553 65.6977
4 16 -9.3125 -4.3469 67.766 -9.3125 -2.25 67.766 -9.7976 -2.25 66.5944 -9.7976 -4.4083 66.5944
4 16 -9.3124 -4.2805 69.034 -9.3124 -2.25 69.034 -9.3125 -2.25 67.766 -9.3125 -4.3469 67.766
4 16 -9.7977 -4.2191 70.2056 -9.7977 -2.25 70.2056 -9.3124 -2.25 69.034 -9.3124 -4.2805 69.034
4 16 -10.6944 -4.1721 71.1024 -10.6944 -2.25 71.1024 -9.7977 -2.25 70.2056 -9.7977 -4.2191 70.2056
4 16 -11.866 -4.1466 71.5875 -11.866 -2.25 71.5875 -10.6944 -2.25 71.1024 -10.6944 -4.1721 71.1024
4 16 -13.134 -4.1466 71.5876 -13.134 -2.25 71.5876 -11.866 -2.25 71.5875 -11.866 -4.1466 71.5875
4 16 -14.3056 -4.1721 71.1023 -14.3056 -2.25 71.1023 -13.134 -2.25 71.5876 -13.134 -4.1466 71.5876
5 24 -10.6944 -4.4553 65.6977 -10.6944 -2.25 65.6977 -9.7976 -4.4083 66.5944 -14.832 -4.606 62.814
5 24 -14.3056 -4.1721 71.1023 -14.3056 -2.25 71.1023 -13.134 -2.25 71.5876 -17.864 -2.25 68.626
5 24 -9.7976 -4.4083 66.5944 -9.7976 -2.25 66.5944 -10.6944 -4.4553 65.6977 -9.3125 -4.3469 67.766
5 24 -9.3125 -4.3469 67.766 -9.3125 -2.25 67.766 -9.7976 -4.4083 66.5944 -9.3124 -4.2805 69.034
5 24 -9.3124 -4.2805 69.034 -9.3124 -2.25 69.034 -9.3125 -4.3469 67.766 -9.7977 -4.2191 70.2056
5 24 -9.7977 -4.2191 70.2056 -9.7977 -2.25 70.2056 -9.3124 -4.2805 69.034 -10.6944 -4.1721 71.1024
5 24 -10.6944 -4.1721 71.1024 -10.6944 -2.25 71.1024 -9.7977 -4.2191 70.2056 -11.866 -4.1466 71.5875
5 24 -11.866 -4.1466 71.5875 -11.866 -2.25 71.5875 -10.6944 -4.1721 71.1024 -13.134 -4.1466 71.5876
5 24 -13.134 -4.1466 71.5876 -13.134 -2.25 71.5876 -11.866 -4.1466 71.5875 -14.3056 -4.1721 71.1023
2 24 -9.7977 -4.2191 70.2056 -9.3124 -4.2805 69.034
2 24 -9.3125 -4.3469 67.766 -9.3124 -4.2805 69.034
2 24 -10.6944 -4.1721 71.1024 -11.866 -4.1466 71.5875
2 24 -10.6944 -4.1721 71.1024 -9.7977 -4.2191 70.2056
2 24 -14.3056 -4.1721 71.1023 -13.134 -4.1466 71.5876
2 24 -11.866 -4.1466 71.5875 -13.134 -4.1466 71.5876
2 24 -9.3125 -4.3469 67.766 -9.7976 -4.4083 66.5944
2 24 -9.7976 -4.4083 66.5944 -10.6944 -4.4553 65.6977
2 24 -14.3056 -2.25 71.1023 -13.134 -2.25 71.5876
2 24 -13.134 -2.25 71.5876 -11.866 -2.25 71.5875
2 24 -10.6944 -2.25 65.6977 -9.7976 -2.25 66.5944
2 24 -9.7976 -2.25 66.5944 -9.3125 -2.25 67.766
2 24 -9.3125 -2.25 67.766 -9.3124 -2.25 69.034
2 24 -9.7977 -2.25 70.2056 -9.3124 -2.25 69.034
2 24 -9.7977 -2.25 70.2056 -10.6944 -2.25 71.1024
2 24 -11.866 -2.25 71.5875 -10.6944 -2.25 71.1024
4 16 -13.134 -2.25 71.5876 -14.3056 -2.25 71.1023 -10.6944 -2.25 65.6977 -9.7976 -2.25 66.5944
4 16 -13.134 -2.25 71.5876 -9.7976 -2.25 66.5944 -9.3125 -2.25 67.766 -11.866 -2.25 71.5875
4 16 -10.6944 -2.25 71.1024 -11.866 -2.25 71.5875 -9.3125 -2.25 67.766 -9.3124 -2.25 69.034
3 16 -9.7977 -2.25 70.2056 -10.6944 -2.25 71.1024 -9.3124 -2.25 69.034
4 16 -16.39 -2.25 61.723 -10.6944 -2.25 65.6977 -14.3056 -2.25 71.1023 -17.864 -2.25 68.626
4 16 -14.3056 -4.1721 71.1023 -17.864 -4.302 68.626 -17.864 -2.25 68.626 -14.3056 -2.25 71.1023
3 16 -16.39 -2.25 61.723 -16.378 -2.606 61.714 -14.832 -4.606 62.814
4 16 -16.39 -2.25 61.723 -14.832 -4.606 62.814 -10.6944 -4.4553 65.6977 -10.6944 -2.25 65.6977
2 24 -16.39 -2.25 61.723 -17.864 -2.25 68.626
2 24 -17.864 -4.302 68.626 -17.864 -2.25 68.626
2 24 -16.39 -2.25 61.723 -10.6944 -2.25 65.6977
2 24 -14.3056 -2.25 71.1023 -17.864 -2.25 68.626
2 24 -14.3056 -4.1721 71.1023 -17.864 -4.302 68.626
2 24 -16.378 -2.606 61.714 -16.39 -2.25 61.723

0 // Second Cutout
4 16 -14.406 -3.8691 76.8615 -14.406 -2.25 76.8615 -15.2861 -2.25 76.0897 -15.2861 -3.91 76.0897
4 16 -13.8883 -3.8136 77.9114 -13.8883 -2.25 77.9114 -14.406 -2.25 76.8615 -14.406 -3.8691 76.8615
4 16 -13.8117 -3.7517 79.0794 -13.8117 -2.25 79.0794 -13.8883 -2.25 77.9114 -13.8883 -3.8136 77.9114
4 16 -14.188 -3.693 80.1878 -14.188 -2.25 80.1878 -13.8117 -2.25 79.0794 -13.8117 -3.7517 79.0794
4 16 -14.9598 -3.6465 81.0679 -14.9598 -2.25 81.0679 -14.188 -2.25 80.1878 -14.188 -3.693 80.1878
4 16 -16.0096 -3.6201 81.5856 -16.0096 -2.25 81.5856 -14.9598 -2.25 81.0679 -14.9598 -3.6465 81.0679
4 16 -17.1777 -3.617 81.6622 -17.1777 -2.25 81.6622 -16.0096 -2.25 81.5856 -16.0096 -3.6201 81.5856
4 16 -18.2861 -3.6376 81.2859 -18.2861 -2.25 81.2859 -17.1777 -2.25 81.6622 -17.1777 -3.617 81.6622

2 24 -15.2861 -2.25 76.0897 -14.406 -2.25 76.8615
2 24 -14.406 -2.25 76.8615 -13.8883 -2.25 77.9114
2 24 -13.8883 -2.25 77.9114 -13.8117 -2.25 79.0794
2 24 -13.8117 -2.25 79.0794 -14.188 -2.25 80.1878
2 24 -14.188 -2.25 80.1878 -14.9598 -2.25 81.0679
2 24 -14.9598 -2.25 81.0679 -16.0096 -2.25 81.5856
2 24 -16.0096 -2.25 81.5856 -17.1777 -2.25 81.6622
2 24 -17.1777 -2.25 81.6622 -18.2861 -2.25 81.2859
2 24 -15.2861 -3.91 76.0897 -14.406 -3.8691 76.8615
2 24 -14.406 -3.8691 76.8615 -13.8883 -3.8136 77.9114
2 24 -13.8883 -3.8136 77.9114 -13.8117 -3.7517 79.0794
2 24 -13.8117 -3.7517 79.0794 -14.188 -3.693 80.1878
2 24 -14.188 -3.693 80.1878 -14.9598 -3.6465 81.0679
2 24 -14.9598 -3.6465 81.0679 -16.0096 -3.6201 81.5856
2 24 -16.0096 -3.6201 81.5856 -17.1777 -3.617 81.6622
2 24 -17.1777 -3.617 81.6622 -18.2861 -3.6376 81.2859
5 24 -14.406 -3.8691 76.8615 -14.406 -2.25 76.8615 -15.2861 -3.91 76.0897 -13.8883 -3.8136 77.9114
5 24 -13.8883 -3.8136 77.9114 -13.8883 -2.25 77.9114 -14.406 -3.8691 76.8615 -13.8117 -3.7517 79.0794
5 24 -13.8117 -3.7517 79.0794 -13.8117 -2.25 79.0794 -13.8883 -3.8136 77.9114 -14.188 -3.693 80.1878
5 24 -14.188 -3.693 80.1878 -14.188 -2.25 80.1878 -13.8117 -3.7517 79.0794 -14.9598 -3.6465 81.0679
5 24 -14.9598 -3.6465 81.0679 -14.9598 -2.25 81.0679 -14.188 -3.693 80.1878 -16.0096 -3.6201 81.5856
5 24 -16.0096 -3.6201 81.5856 -16.0096 -2.25 81.5856 -14.9598 -3.6465 81.0679 -17.1777 -3.617 81.6622
5 24 -17.1777 -3.617 81.6622 -17.1777 -2.25 81.6622 -16.0096 -3.6201 81.5856 -18.2861 -3.6376 81.2859
5 24 -15.2861 -2.25 76.0897 -15.2861 -3.91 76.0897 -14.406 -3.8691 76.8615 -18.681 -4.034 73.745
5 24 -18.2861 -2.25 81.2859 -18.2861 -3.6376 81.2859 -17.1777 -3.617 81.6622 -19.425 -3.669 80.695

4 16 -18.681 -4.034 73.745 -15.2861 -3.91 76.0897 -15.2861 -2.25 76.0897 -18.681 -2.25 73.745
4 16 -17.864 -4.302 68.626 -18.681 -4.034 73.745 -18.681 -2.25 73.745 -17.864 -2.25 68.626
4 16 -14.3056 -4.1721 71.1023 -15.2861 -3.91 76.0897 -18.681 -4.034 73.745 -17.864 -4.302 68.626
2 24 -18.681 -2.25 73.745 -15.2861 -2.25 76.0897
2 24 -17.864 -4.302 68.626 -18.681 -4.034 73.745
2 24 -18.681 -4.034 73.745 -15.2861 -3.91 76.0897
2 24 -18.681 -4.034 73.745 -18.681 -2.25 73.745
4 16 -18.2861 -3.6376 81.2859 -19.425 -3.669 80.695 -19.425 -2.25 80.695 -18.2861 -2.25 81.2859
2 24 -18.681 -2.25 73.745 -19.425 -2.25 80.695
2 24 -18.2861 -2.25 81.2859 -19.425 -2.25 80.695
2 24 -19.425 -3.669 80.695 -18.2861 -3.6376 81.2859
2 24 -19.425 -3.669 80.695 -19.425 -2.25 80.695

4 16 -13.134 -4.1466 71.5876 -11.867 -3.967 75.015 -15.2861 -3.91 76.0897 -14.3056 -4.1721 71.1023
3 16 -15.2861 -3.91 76.0897 -11.867 -3.967 75.015 -14.406 -3.8691 76.8615
3 16 -14.406 -3.8691 76.8615 -11.867 -3.967 75.015 -13.8883 -3.8136 77.9114
3 16 -13.8883 -3.8136 77.9114 -11.867 -3.967 75.015 -13.8117 -3.7517 79.0794
4 16 -11.867 -3.967 75.015 -14.1928 -3.5825 82.2748 -14.188 -3.693 80.1878 -13.8117 -3.7517 79.0794
3 16 -14.188 -3.693 80.1878 -14.1928 -3.5825 82.2748 -14.9598 -3.6465 81.0679
3 16 -14.9598 -3.6465 81.0679 -14.1928 -3.5825 82.2748 -16.0096 -3.6201 81.5856
3 16 -16.0096 -3.6201 81.5856 -14.1928 -3.5825 82.2748 -17.1777 -3.617 81.6622
4 16 -15.2861 -2.25 76.0897 -18.2861 -2.25 81.2859 -19.425 -2.25 80.695 -18.681 -2.25 73.745
4 16 -17.1777 -2.25 81.6622 -18.2861 -2.25 81.2859 -15.2861 -2.25 76.0897 -16.0096 -2.25 81.5856
4 16 -16.0096 -2.25 81.5856 -15.2861 -2.25 76.0897 -14.406 -2.25 76.8615 -13.8883 -2.25 77.9114
4 16 -14.9598 -2.25 81.0679 -16.0096 -2.25 81.5856 -13.8883 -2.25 77.9114 -13.8117 -2.25 79.0794
3 16 -14.188 -2.25 80.1878 -14.9598 -2.25 81.0679 -13.8117 -2.25 79.0794

0 // Third Cutout
4 16 -19.425 -3.669 80.695 -19.699 -3.414 85.563 -19.699 -2.25 85.563 -19.425 -2.25 80.695
4 16 -19.699 -3.414 85.563 -19.425 -3.669 80.695 -18.2861 -3.6376 81.2859 -18.1348 -3.3716 86.3498
2 24 -19.699 -2.25 85.563 -18.1348 -2.25 86.3498
2 24 -19.425 -3.669 80.695 -19.699 -3.414 85.563
2 24 -19.699 -3.414 85.563 -18.1348 -3.3716 86.3498
2 24 -19.699 -3.414 85.563 -19.699 -2.25 85.563

4 16 -16.5915 -3.2497 88.6595 -16.7818 -3.1997 89.6163 -16.7818 -2.25 89.6163 -16.5915 -2.25 88.6595
4 16 -16.7818 -3.1997 89.6163 -17.3238 -3.1575 90.4273 -17.3238 -2.25 90.4273 -16.7818 -2.25 89.6163
4 16 -17.3238 -3.1575 90.4273 -18.1348 -3.1296 90.9693 -18.1348 -2.25 90.9693 -17.3238 -2.25 90.4273
4 16 -18.1348 -3.1296 90.9693 -19.0915 -3.1201 91.1595 -19.0915 -2.25 91.1595 -18.1348 -2.25 90.9693
4 16 -18.1348 -3.3716 86.3498 -17.3238 -3.3426 86.8918 -17.3238 -2.25 86.8918 -18.1348 -2.25 86.3498
4 16 -17.3238 -3.3426 86.8918 -16.7818 -3.2998 87.7028 -16.7818 -2.25 87.7028 -17.3238 -2.25 86.8918
4 16 -16.7818 -3.2998 87.7028 -16.5915 -3.2497 88.6595 -16.5915 -2.25 88.6595 -16.7818 -2.25 87.7028
4 16 -19.0915 -3.1201 91.1595 -19.767 -3.126 91.054 -19.767 -2.25 91.054 -19.0915 -2.25 91.1595
4 16 -19.699 -3.414 85.563 -18.1348 -3.3716 86.3498 -18.1348 -2.25 86.3498 -19.699 -2.25 85.563
2 24 -16.5915 -2.25 88.6595 -16.7818 -2.25 89.6163
2 24 -16.7818 -2.25 89.6163 -17.3238 -2.25 90.4273
2 24 -17.3238 -2.25 90.4273 -18.1348 -2.25 90.9693
2 24 -18.1348 -2.25 90.9693 -19.0915 -2.25 91.1595
2 24 -19.0915 -2.25 91.1595 -19.767 -2.25 91.054
2 24 -18.1348 -2.25 86.3498 -17.3238 -2.25 86.8918
2 24 -17.3238 -2.25 86.8918 -16.7818 -2.25 87.7028
2 24 -16.7818 -2.25 87.7028 -16.5915 -2.25 88.6595
2 24 -16.5915 -3.2497 88.6595 -16.7818 -3.1997 89.6163
2 24 -16.7818 -3.1997 89.6163 -17.3238 -3.1575 90.4273
2 24 -17.3238 -3.1575 90.4273 -18.1348 -3.1296 90.9693
2 24 -18.1348 -3.1296 90.9693 -19.0915 -3.1201 91.1595
2 24 -19.0915 -3.1201 91.1595 -19.767 -3.126 91.054
2 24 -18.1348 -3.3716 86.3498 -17.3238 -3.3426 86.8918
2 24 -17.3238 -3.3426 86.8918 -16.7818 -3.2998 87.7028
2 24 -16.7818 -3.2998 87.7028 -16.5915 -3.2497 88.6595
5 24 -16.5915 -2.25 88.6595 -16.5915 -3.2497 88.6595 -16.7818 -2.25 89.6163 -16.7818 -2.25 87.7028
5 24 -16.7818 -2.25 89.6163 -16.7818 -3.1997 89.6163 -17.3238 -2.25 90.4273 -16.5915 -2.25 88.6595
5 24 -17.3238 -2.25 90.4273 -17.3238 -3.1575 90.4273 -18.1348 -2.25 90.9693 -16.7818 -2.25 89.6163
5 24 -18.1348 -2.25 90.9693 -18.1348 -3.1296 90.9693 -19.0915 -2.25 91.1595 -17.3238 -2.25 90.4273
5 24 -19.0915 -2.25 91.1595 -19.0915 -3.1201 91.1595 -19.767 -2.25 91.054 -18.1348 -2.25 90.9693
5 24 -17.3238 -2.25 86.8918 -17.3238 -3.3426 86.8918 -16.7818 -2.25 87.7028 -18.1348 -2.25 86.3498
5 24 -16.7818 -2.25 87.7028 -16.7818 -3.2998 87.7028 -16.5915 -2.25 88.6595 -17.3238 -2.25 86.8918
5 24 -18.1348 -2.25 86.3498 -18.1348 -3.3716 86.3498 -19.699 -3.414 85.563 -17.3238 -3.3426 86.8918

4 16 -18.1348 -2.25 86.3498 -19.0915 -2.25 91.1595 -19.767 -2.25 91.054 -19.699 -2.25 85.563
4 16 -18.1348 -2.25 90.9693 -19.0915 -2.25 91.1595 -18.1348 -2.25 86.3498 -17.3238 -2.25 90.4273
4 16 -17.3238 -2.25 90.4273 -18.1348 -2.25 86.3498 -16.5915 -2.25 88.6595 -16.7818 -2.25 89.6163
4 16 -16.7818 -2.25 87.7028 -16.5915 -2.25 88.6595 -18.1348 -2.25 86.3498 -17.3238 -2.25 86.8918
2 24 -19.699 -2.25 85.563 -19.767 -2.25 91.054
2 24 -19.767 -3.126 91.054 -19.767 -2.25 91.054

4 16 -17.1777 -3.617 81.6622 -17.3238 -3.3426 86.8918 -18.1348 -3.3716 86.3498 -18.2861 -3.6376 81.2859
4 16 -17.3238 -3.3426 86.8918 -17.1777 -3.617 81.6622 -14.1928 -3.5825 82.2748 -16.7818 -3.2998 87.7028
3 16 -16.7818 -3.2998 87.7028 -14.1928 -3.5825 82.2748 -16.5915 -3.2497 88.6595
3 16 -16.5915 -3.2497 88.6595 -14.1928 -3.5825 82.2748 -15.9 -3.198 89.699
3 16 -16.5915 -3.2497 88.6595 -15.9 -3.198 89.699 -16.7818 -3.1997 89.6163
3 16 -16.7818 -3.1997 89.6163 -15.9 -3.198 89.699 -17.3238 -3.1575 90.4273
3 16 -17.3238 -3.1575 90.4273 -15.9 -3.198 89.699 -16.8883 -2.8 97.2562

0 // Fourth Cutout
4 16 -19.767 -3.126 91.054 -19.6044 -2.9226 94.9372 -19.6044 -2.25 94.9372 -19.767 -2.25 91.054
2 24 -19.6044 -2.25 94.9372 -19.6044 -2.9226 94.9372
2 24 -19.767 -3.126 91.054 -19.6044 -2.9226 94.9372

4 16 -18.0915 -2.8349 96.6 -18.2209 -2.8009 97.2506 -18.2209 -2.25 97.2506 -18.0915 -2.25 96.6
4 16 -18.2209 -2.8009 97.2506 -18.5894 -2.7721 97.8021 -18.5894 -2.25 97.8021 -18.2209 -2.25 97.2506
4 16 -18.5894 -2.7721 97.8021 -19.1409 -2.7531 98.1706 -19.1409 -2.25 98.1706 -18.5894 -2.25 97.8021
4 16 -19.1409 -2.7531 98.1706 -19.4662 -2.7498 98.2353 -19.4662 -2.25 98.2353 -19.1409 -2.25 98.1706
4 16 -19.6044 -2.9226 94.9372 -19.1409 -2.9176 95.0294 -19.1409 -2.25 95.0294 -19.6044 -2.25 94.9372
4 16 -19.1409 -2.9176 95.0294 -18.5894 -2.898 95.3979 -18.5894 -2.25 95.3979 -19.1409 -2.25 95.0294
4 16 -18.5894 -2.898 95.3979 -18.2209 -2.869 95.9494 -18.2209 -2.25 95.9494 -18.5894 -2.25 95.3979
4 16 -18.2209 -2.869 95.9494 -18.0915 -2.8349 96.6 -18.0915 -2.25 96.6 -18.2209 -2.25 95.9494
2 24 -18.0915 -2.25 96.6 -18.2209 -2.25 97.2506
2 24 -18.2209 -2.25 97.2506 -18.5894 -2.25 97.8021
2 24 -18.5894 -2.25 97.8021 -19.1409 -2.25 98.1706
2 24 -19.1409 -2.25 98.1706 -19.4662 -2.25 98.2353
2 24 -19.6044 -2.25 94.9372 -19.1409 -2.25 95.0294
2 24 -19.1409 -2.25 95.0294 -18.5894 -2.25 95.3979
2 24 -18.5894 -2.25 95.3979 -18.2209 -2.25 95.9494
2 24 -18.2209 -2.25 95.9494 -18.0915 -2.25 96.6
2 24 -18.0915 -2.8349 96.6 -18.2209 -2.8009 97.2506
2 24 -18.2209 -2.8009 97.2506 -18.5894 -2.7721 97.8021
2 24 -18.5894 -2.7721 97.8021 -19.1409 -2.7531 98.1706
2 24 -19.1409 -2.7531 98.1706 -19.4662 -2.7498 98.2353
2 24 -19.6044 -2.9226 94.9372 -19.1409 -2.9176 95.0294
2 24 -19.1409 -2.9176 95.0294 -18.5894 -2.898 95.3979
2 24 -18.5894 -2.898 95.3979 -18.2209 -2.869 95.9494
2 24 -18.2209 -2.869 95.9494 -18.0915 -2.8349 96.6
5 24 -18.0915 -2.25 96.6 -18.0915 -2.8349 96.6 -18.2209 -2.25 97.2506 -18.2209 -2.25 95.9494
5 24 -18.2209 -2.25 97.2506 -18.2209 -2.8009 97.2506 -18.5894 -2.25 97.8021 -18.0915 -2.25 96.6
5 24 -18.5894 -2.25 97.8021 -18.5894 -2.7721 97.8021 -19.1409 -2.25 98.1706 -18.2209 -2.25 97.2506
5 24 -19.1409 -2.25 98.1706 -19.1409 -2.7531 98.1706 -19.4662 -2.25 98.2353 -18.5894 -2.25 97.8021
5 24 -19.1409 -2.25 95.0294 -19.1409 -2.9176 95.0294 -18.5894 -2.25 95.3979 -19.6044 -2.25 94.9372
5 24 -18.5894 -2.25 95.3979 -18.5894 -2.898 95.3979 -18.2209 -2.25 95.9494 -19.1409 -2.25 95.0294
5 24 -18.2209 -2.25 95.9494 -18.2209 -2.869 95.9494 -18.0915 -2.25 96.6 -18.5894 -2.25 95.3979

4 16 -19.6044 -2.25 94.9372 -19.1409 -2.25 95.0294 -19.1409 -2.25 98.1706 -19.4662 -2.25 98.2353
4 16 -19.1409 -2.25 98.1706 -19.1409 -2.25 95.0294 -18.5894 -2.25 95.3979 -18.5894 -2.25 97.8021
4 16 -18.2209 -2.25 95.9494 -18.2209 -2.25 97.2506 -18.5894 -2.25 97.8021 -18.5894 -2.25 95.3979
3 16 -18.2209 -2.25 95.9494 -18.0915 -2.25 96.6 -18.2209 -2.25 97.2506
2 24 -19.4662 -2.7498 98.2353 -19.4662 -2.25 98.2353
2 24 -19.6044 -2.25 94.9372 -19.4662 -2.25 98.2353

4 16 -19.0915 -3.1201 91.1595 -19.1409 -2.9176 95.0294 -19.6044 -2.9226 94.9372 -19.767 -3.126 91.054
4 16 -18.5894 -2.898 95.3979 -19.1409 -2.9176 95.0294 -19.0915 -3.1201 91.1595 -18.1348 -3.1296 90.9693
4 16 -18.5894 -2.898 95.3979 -18.1348 -3.1296 90.9693 -17.3238 -3.1575 90.4273 -18.2209 -2.869 95.9494
4 16 -18.0915 -2.8349 96.6 -18.2209 -2.869 95.9494 -17.3238 -3.1575 90.4273 -16.8883 -2.8 97.2562
3 16 -18.0915 -2.8349 96.6 -16.8883 -2.8 97.2562 -18.2209 -2.8009 97.2506
3 16 -18.2209 -2.8009 97.2506 -16.8883 -2.8 97.2562 -18.5894 -2.7721 97.8021
4 16 -19.1409 -2.7531 98.1706 -18.5894 -2.7721 97.8021 -16.8883 -2.8 97.2562 -17.059 -2.402 104.876
4 16 -19.1409 -2.7531 98.1706 -17.059 -2.402 104.876 -18.153 -2.174 109.23 -19.4662 -2.7498 98.2353
4 16 -15.302 -1.609 120.001 -15.825 -1.609 120.001 -18.153 -2.174 109.23 -16.4092 -2.0055 112.463
3 16 -18.153 -2.174 109.23 -17.059 -2.402 104.876 -16.4092 -2.0055 112.463
2 24 -15.825 -1.609 120.001 -15.302 -1.609 120.001
2 24 -18.153 -2.174 109.23 -15.825 -1.609 120.001
2 24 -19.4662 -2.7498 98.2353 -18.153 -2.174 109.23
3 16 -19.4662 -2.25 98.2353 -19.4662 -2.7498 98.2353 -18.153 -2.174 109.23

0 // Blade
4 16 -11.867 -3.967 75.015 -9.097 -2.703 77.046 -11.1953 -2.3345 83.6948 -14.1928 -3.5825 82.2748
4 16 -12.675 -1.966 90.508 -15.9 -3.198 89.699 -14.1928 -3.5825 82.2748 -11.1953 -2.3345 83.6948
4 16 -15.9 -3.198 89.699 -12.675 -1.966 90.508 -13.6158 -1.5865 97.4212 -16.8883 -2.8 97.2562
4 16 -16.8883 -2.8 97.2562 -13.6158 -1.5865 97.4212 -13.739 -1.207 104.397 -17.059 -2.402 104.876
3 16 -13.2252 -.8285 111.3475 -12.254 -.45 118.249 -15.302 -1.609 120.001
3 16 -13.2252 -.8285 111.3475 -15.302 -1.609 120.001 -16.4092 -2.0055 112.463
3 16 -16.4092 -2.0055 112.463 -17.059 -2.402 104.876 -13.739 -1.207 104.397
3 16 -16.4092 -2.0055 112.463 -13.739 -1.207 104.397 -13.2252 -.8285 111.3475
2 24 -11.1953 -2.3345 83.6948 -9.097 -2.703 77.046
2 24 -12.675 -1.966 90.508 -11.1953 -2.3345 83.6948
2 24 -14.1928 -3.5825 82.2748 -11.867 -3.967 75.015
2 24 -15.9 -3.198 89.699 -14.1928 -3.5825 82.2748
2 24 -11.867 -3.967 75.015 -9.097 -2.703 77.046
2 24 -13.2252 -.8285 111.3475 -13.739 -1.207 104.397
2 24 -12.254 -.45 118.249 -13.2252 -.8285 111.3475
2 24 -13.6158 -1.5865 97.4212 -12.675 -1.966 90.508
2 24 -13.739 -1.207 104.397 -13.6158 -1.5865 97.4212
2 24 -16.8883 -2.8 97.2562 -15.9 -3.198 89.699
2 24 -17.059 -2.402 104.876 -16.8883 -2.8 97.2562
2 24 -16.4092 -2.0055 112.463 -17.059 -2.402 104.876
2 24 -15.302 -1.609 120.001 -16.4092 -2.0055 112.463
5 24 -12.675 -1.966 90.508 -14.1928 -3.5825 82.2748 -15.9 -3.198 89.699 -11.1953 -2.3345 83.6948
5 24 -15.9 -3.198 89.699 -13.6158 -1.5865 97.4212 -12.675 -1.966 90.508 -16.8883 -2.8 97.2562
5 24 -14.1928 -3.5825 82.2748 -11.1953 -2.3345 83.6948 -11.867 -3.967 75.015 -12.675 -1.966 90.508
5 24 -13.2252 -.8285 111.3475 -15.302 -1.609 120.001 -12.254 -.45 118.249 -16.4092 -2.0055 112.463
5 24 -16.4092 -2.0055 112.463 -13.2252 -.8285 111.3475 -15.302 -1.609 120.001 -13.739 -1.207 104.397
5 24 -17.059 -2.402 104.876 -13.739 -1.207 104.397 -16.4092 -2.0055 112.463 -16.8883 -2.8 97.2562
5 24 -13.739 -1.207 104.397 -16.4092 -2.0055 112.463 -17.059 -2.402 104.876 -13.2252 -.8285 111.3475
5 24 -12.254 -.45 118.249 -15.302 -1.609 120.001 -13.2252 -.8285 111.3475 -12.533 -.579 119.435
5 24 -12.675 -1.966 90.508 -15.9 -3.198 89.699 -14.1928 -3.5825 82.2748 -13.6158 -1.5865 97.4212
5 24 -13.6158 -1.5865 97.4212 -16.8883 -2.8 97.2562 -13.739 -1.207 104.397 -15.9 -3.198 89.699

4 16 -15.302 -1.609 120.001 -12.254 -.45 118.249 -12.533 -.579 119.435 -14.092 -1.166 120.001
3 16 -12.533 -.579 119.435 -13.037 -.774 119.847 -14.092 -1.166 120.001
2 24 -12.533 -.579 119.435 -12.254 -.45 118.249
2 24 -14.092 -1.166 120.001 -15.302 -1.609 120.001
2 24 -14.092 -1.166 120.001 -13.037 -.774 119.847
2 24 -13.037 -.774 119.847 -12.533 -.579 119.435

5 24 -15.9 -3.198 89.699 -17.3238 -3.1575 90.4273 -16.8883 -2.8 97.2562 -16.7818 -3.1997 89.6163
5 24 -14.092 -1.166 120.001 -12.533 -.579 119.435 -15.302 -1.609 120.001 -13.037 -.774 119.847
5 24 -14.832 -4.606 62.814 -16.39 -2.25 61.723 -16.378 -2.606 61.714 -10.6944 -4.4553 65.6977
5 24 -16.5915 -3.2497 88.6595 -14.1928 -3.5825 82.2748 -16.7818 -3.2998 87.7028 -15.9 -3.198 89.699
5 24 -16.8883 -2.8 97.2562 -17.3238 -3.1575 90.4273 -15.9 -3.198 89.699 -18.0915 -2.8349 96.6
5 24 -16.378 -2.606 61.714 -14.832 -4.606 62.814 -15.4236542 -4.4538 62.39303 -16.39 -2.25 61.723
