0 ~Technic Bionicle Weapon Minifig Staff Matau - Front Quarter
0 Name: s\51644s01.dat
0 Author: Gerald Lasser [GeraldLasser]
0 !LDRAW_ORG Unofficial_Subpart
0 !LICENSE Redistributable under CCAL version 2.0 : see CAreadme.txt

0 BFC CERTIFY CCW

0 // Quarter
1 16 0 -5 45.5 0 0 -34 0 1 0 34 0 0 48\1-12chrd.dat
1 16 -17.75 -5 63 -1.75 0 0 0 1 0 0 0 -1.75 3-8chrd.dat
0 BFC INVERTNEXT
1 16 -16.7378 -3.25 67.7348 0 -.2252 0 1.75 0 0 0 0 -4.2348 box2-5.dat
1 16 -7.4326 -3.25 76.0689 -.7196 -1 0 0 0 1.75 -.14302 0 0 rect2p.dat
1 16 -10.1036 -3.25 75.2644 1.9514 -1 0 0 0 -1.75 .6615 0 0 rect2p.dat
1 16 -13.9025 -3.25 73.69095 1.8475 -1 0 0 0 -1.75 .91195 0 0 rect2p.dat
1 16 -16.3565 -3.25 72.3743 -.6065 -1 0 0 0 1.75 -.4047 0 0 rect2p.dat
4 16 -16.5126 -5 61.7626 -16.5126 -5 63.5 -16.963 -5 63.5 -19.5 -5 63
4 16 -19.5 -5 63 -16.963 -5 63.5 -16.963 -5 71.9696 -19.5 -5 73.2758
3 16 -16.5126 -5 63.5 -16.5126 -5 61.7626 -16.5126 -1.5 63.5
2 24 -16.5126 -5 63.5 -16.5126 -5 61.7626
1 16 -12.0126 -1.5 63.5 -4.5 0 0 0 3 0 0 0 4.5 1-4ndis.dat
1 16 -12.0126 -1.5 63.5 0 0 4.5 0 3 0 4.5 0 0 3-16tndis.dat
4 16 -16.963 -1.5 63.5 -16.5126 -1.5 63.5 -16.5126 -1.5 68 -16.963 -1.5 71.9696
4 16 -16.963 -1.5 71.9696 -16.5126 -1.5 68 -12.0126 -1.5 68 -15.75 -1.5 72.779
4 16 -7.8551 -1.5 67.552 -6.713 -1.5 67.717 -6.713 -1.5 76.2119 -7.8551 -1.5 68
4 16 -8.1522 -1.5 75.92588 -12.0126 -1.5 68 -7.8551 -1.5 68 -6.713 -1.5 76.2119
4 16 -12.0126 -1.5 68 -8.1522 -1.5 75.92588 -12.055 -1.5 74.6029 -15.75 -1.5 72.779
1 16 -7.8551 -3.25 66.3871 0 1 0 1.75 0 0 0 0 -1.1649 rect3.dat
1 16 -7.28405 -3.25 67.6345 0 1 -.57105 1.75 0 0 0 0 -.0825 rect3.dat
1 16 -6.713 -3.25 71.96445 0 1 0 1.75 0 0 0 0 -4.24745 rect.dat

3 16 -7.8551 -5 67.552 -7.8551 -5 65.2222 -6.713 -5 67.717
4 16 -4.024 -5 65.74 -4.838 -5 68.004 -6.713 -5 67.717 -7.8551 -5 65.2222
3 16 -4.153 -5 68.11 -4.838 -5 68.004 -4.024 -5 65.74
4 16 0 -5 66 0 -5 68.375 -4.153 -5 68.11 -4.024 -5 65.74
4 16 -6.713 -5 67.717 -4.838 -5 68.004 -4.838 -5 76.5846 -6.713 -5 76.2119
1 16 -4.4955 -3.25 68.057 0 1 -.3425 1.75 0 0 0 0 -.053 rect3.dat
1 16 -2.0765 -3.25 68.2425 2.0765 1 0 0 0 1.75 .1325 0 0 rect2p.dat
1 16 -4.838 -3.25 72.2943 0 -1 0 1.75 0 0 0 0 4.2903 rect3.dat
1 16 -2.0554 -3.25 76.8646 -2.05538 -1 0 0 0 1.75 -.13545 0 0 rect2p.dat
1 16 -4.4744 -3.25 76.6568 -.36363 -1 0 0 0 1.75 -.07227 0 0 rect2p.dat

4 16 -4.83803 -1.5 76.58453 -4.838 -1.5 68.004 -4.153 -1.5 68.11 -4.11078 -1.5 76.72915
4 16 0 -1.5 77 -4.11075 -1.5 76.7291 -4.153 -1.5 68.11 0 -1.5 68.375

4 16 -17 -5 74.944 -19.5 -5 73.2758 -16.963 -5 71.9696 -15.75 -5 72.779
3 16 -17 -5 74.944 -15.75 -5 72.779 -12.055 -5 74.6029
3 16 -17 -5 74.944 -12.055 -5 74.6029 -8.1522 -5 75.9259
4 16 -8.1522 -5 75.9259 -6.713 -5 76.2119 0 -5 79.5 -17 -5 74.944
3 16 -6.713 -5 76.2119 -4.83803 -5 76.58453 0 -5 79.5
3 16 -4.838 -5 76.5845 -4.1108 -5 76.7292 0 -5 79.5
3 16 0 -5 79.5 -4.1108 -5 76.7292 0 -5 77.0001

3 16 -4.024 -5 65.74 -7.8551 -5 65.2222 -7.8551 -1.5 65.2222
2 24 -7.85505 -5 65.22215 -4.024 -5 65.74
5 24 -15.75 -1.5 72.779 -15.75 -5 72.779 -16.963 -1.5 71.9696 -12.055 -1.5 74.6029
5 24 -12.055 -1.5 74.6029 -12.055 -5 74.6029 -15.75 -5 72.779 -8.1522 -5 75.92588
5 24 -8.1522 -1.5 75.92588 -8.1522 -5 75.92588 -6.713 -5 76.2119 -12.055 -5 74.6029
5 24 -4.11078 -1.5 76.72915 -4.1108 -5 76.7292 -4.83803 -5 76.58453 -.00002 -5 77.00005
5 24 -4.153 -5 68.11 -4.153 -1.5 68.11 -4.838 -1.5 68.004 0 -1.5 68.375
