0 ~Technic Bionicle Weapon Minifig Staff Whenua - Half
0 Name: s\51663s01.dat
0 Author: Gerald Lasser [GeraldLasser]
0 !LDRAW_ORG Unofficial_Subpart
0 !LICENSE Redistributable under CCAL version 2.0 : see CAreadme.txt

0 BFC CERTIFY CCW

0 // Hook
4 16 -11.25 -1.891 92.264 -7.672 -1.579 92.887 -7.672 -.73912 94.62516 -11.25 -.73912 94.62516
3 16 -7.57 -1.891 92.264 -7.672 -1.579 92.887 -11.25 -1.891 92.264
4 16 -7.57 -1.891 92.264 -11.25 -1.891 92.264 -11.25 -1.719 79.138 -5 -1.686 76.638
1 16 -7.672 0 94.319 0 -3.578 0 0 0 -.8 .8 0 0 3-16cylo.dat
1 16 -11.25 0 94.319 0 1 0 0 0 -.8 .8 0 0 3-16chrd.dat
5 24 -11.25 -.73912 94.62516 -7.672 -.73912 94.62516 -7.672 -.56568 94.88468 -7.672 -1.579 92.887
2 24 -7.672 -1.579 92.887 -7.672 -.73912 94.62516
2 24 -11.25 -1.891 92.264 -11.25 -.73912 94.62516
2 24 -7.57 -1.891 92.264 -7.672 -1.579 92.887
2 24 -5 -1.686 76.638 -11.25 -1.719 79.138
2 24 -5 -1.686 76.638 -7.57 -1.891 92.264
2 24 -11.25 -1.891 92.264 -11.25 -1.719 79.138
2 24 -11.25 -1.891 92.264 -7.57 -1.891 92.264
3 16 -7.672 -1.579 92.887 -7.57 -1.891 92.264 -7.672 -5 92.887
4 16 -7.672 -5 92.887 -7.57 -1.891 92.264 -5 -1.686 76.638 -5 -4.787 76.638
2 24 -5 -4.787 76.638 -7.672 -5 92.887
2 24 -5 -4.591 61.5 -5 -4.787 76.638
2 24 -7.672 -5 92.887 -7.672 -1.575 99.738
2 24 -7.672 -1.575 99.738 -4.857 0 99.738
5 24 -5 -4.787 76.638 -5 -1.686 76.638 -5 -4.591 61.5 -7.672 -5 92.887

4 16 4.077 -4.802 77.797 -1.49766 -4.901 85.57545 -1.25 -4.846 81.138 2.5 -4.771 75.387
3 16 -1.49766 -4.901 85.57545 -7.672 -5 92.887 -1.25 -4.846 81.138
4 16 -7.672 -5 92.887 -5 -4.787 76.638 -1.25 -4.64 65.387 -1.25 -4.846 81.138
3 16 -5 -4.787 76.638 -5 -4.591 61.5 -1.25 -4.64 65.387
3 16 4.857 -4.624 64.138 4.077 -4.802 77.797 2.5 -4.771 75.387
4 16 2.5 -4.771 75.387 2.5 -4.64 65.387 5 -4.591 61.5 4.857 -4.624 64.138
4 16 -1.25 -4.64 65.387 -5 -4.591 61.5 5 -4.591 61.5 2.5 -4.64 65.387
2 24 -1.49766 -4.901 85.57545 4.077 -4.802 77.797
2 24 -7.672 -5 92.887 -1.49766 -4.901 85.57545
2 24 4.857 -4.624 64.138 5 -4.591 61.5
4 16 -1.25 -1.25 65.387 -1.25 -1.25 81.138 -1.25 -4.846 81.138 -1.25 -4.64 65.387
1 16 .625 -2.945 65.387 -1.875 0 0 0 0 -1.695 0 -1 0 rect.dat
4 16 -1.25 -4.846 81.138 -1.25 -1.25 81.138 2.5 -1.25 75.387 2.5 -4.771 75.387
4 16 2.5 -4.771 75.387 2.5 -1.25 75.387 2.5 -1.25 65.387 2.5 -4.64 65.387
4 16 2.5 -1.25 75.387 -1.25 -1.25 81.138 -1.25 -1.25 65.387 2.5 -1.25 65.387
2 24 2.5 -1.25 75.387 2.5 -4.771 75.387
2 24 -1.25 -1.25 81.138 -1.25 -4.846 81.138
2 24 -1.25 -4.64 65.387 -1.25 -4.846 81.138
2 24 2.5 -4.64 65.387 2.5 -4.771 75.387
2 24 2.5 -4.771 75.387 -1.25 -4.846 81.138
2 24 2.5 -1.25 75.387 -1.25 -1.25 81.138
2 24 2.5 -1.25 65.387 2.5 -1.25 75.387
2 24 -1.25 -1.25 81.138 -1.25 -1.25 65.387

3 16 7.5 -4.624 64.138 4.077 -4.802 77.797 4.857 -4.624 64.138
4 16 7.5 -4.624 64.138 9.736 -4.619 63.812 8.67342 -4.6905 69.38679 4.077 -4.802 77.797
3 16 8.67342 -4.6905 69.38679 9.736 -4.619 63.812 12.843 -4.579 60.757
4 16 9.736 -4.619 63.812 7.5 -4.624 64.138 7.5 -2.124 64.138 9.736 -2.124 63.812
3 16 7.5 -2.124 64.138 7.5 -4.624 64.138 4.857 -4.624 64.138
2 24 8.67342 -4.6905 69.38679 12.843 -4.579 60.757
2 24 4.077 -4.802 77.797 8.67342 -4.6905 69.38679
2 24 4.857 -4.624 64.138 7.5 -4.624 64.138
2 24 7.5 -4.624 64.138 9.736 -4.619 63.812
5 24 7.5 -2.124 64.138 7.5 -4.624 64.138 4.857 -4.624 64.138 9.736 -4.619 63.812

4 16 9.736 -4.619 63.812 9.736 -2.124 63.812 11.751 -2.065 58.832 11.751 -4.554 58.832
4 16 10.377 -2.05 57.944 11.875 -1.995 54.124 11.875 -4.493 54.124 10.377 -4.543 57.944
4 16 15.448 -4.417 48.34 13.668 -4.485 53.576 13.668 -1.99 53.576 15.448 -1.925 48.34
4 16 13.976 -1.914 47.626 14.998 -1.857 43.652 14.998 -4.355 43.652 13.976 -4.407 47.626
4 16 16.711 -1.85 42.889 17.839 -1.782 37.476 17.839 -4.275 37.476 16.711 -4.345 42.889
4 16 14.998 -1.857 43.652 16.711 -1.85 42.889 16.711 -4.345 42.889 14.998 -4.355 43.652
4 16 17.839 -1.782 37.476 16.291 -1.772 36.946 16.291 -4.268 36.946 17.839 -4.275 37.476
4 16 11.875 -1.995 54.124 13.668 -1.99 53.576 13.668 -4.485 53.576 11.875 -4.493 54.124
3 16 16.291 -4.268 36.946 16.291 -1.772 36.946 17.328 -4.09 23.363
4 16 15.448 -1.925 48.34 13.976 -1.914 47.626 13.976 -4.407 47.626 15.448 -4.417 48.34
4 16 14.998 -1.857 43.652 16.291 -1.772 36.946 17.839 -1.782 37.476 16.711 -1.85 42.889
4 16 7.5 -2.124 64.138 10.377 -2.05 57.944 11.751 -2.065 58.832 9.736 -2.124 63.812
4 16 11.875 -1.995 54.124 13.976 -1.914 47.626 15.448 -1.925 48.34 13.668 -1.99 53.576
3 16 20.255 -4.09 23.363 19.6941 -4.2145 32.91248 17.839 -4.275 37.476
4 16 19.6941 -4.2145 32.91248 18.295 -4.339 42.407 16.711 -4.345 42.889 17.839 -4.275 37.476
4 16 15.85658 -4.459 51.66744 12.843 -4.579 60.757 13.668 -4.485 53.576 15.448 -4.417 48.34
4 16 13.668 -4.485 53.576 11.751 -4.554 58.832 10.377 -4.543 57.944 11.875 -4.493 54.124
4 16 20.255 -4.09 23.363 17.839 -4.275 37.476 16.291 -4.268 36.946 17.328 -4.09 23.363
4 16 15.448 -4.417 48.34 13.976 -4.407 47.626 14.998 -4.355 43.652 16.711 -4.345 42.889
4 16 18.295 -4.339 42.407 15.85658 -4.459 51.66744 15.448 -4.417 48.34 16.711 -4.345 42.889
3 16 9.736 -4.619 63.812 11.751 -4.554 58.832 12.843 -4.579 60.757
3 16 12.843 -4.579 60.757 11.751 -4.554 58.832 13.668 -4.485 53.576
4 16 11.751 -2.065 58.832 10.377 -2.05 57.944 10.377 -4.543 57.944 11.751 -4.554 58.832
2 24 13.668 -1.99 53.576 13.668 -4.485 53.576
2 24 11.875 -1.995 54.124 11.875 -4.493 54.124
2 24 10.377 -2.05 57.944 10.377 -4.543 57.944
2 24 9.736 -2.124 63.812 9.736 -4.619 63.812
2 24 11.751 -2.065 58.832 11.751 -4.554 58.832
2 24 15.448 -4.417 48.34 15.448 -1.925 48.34
2 24 13.976 -1.914 47.626 13.976 -4.407 47.626
2 24 14.998 -1.857 43.652 14.998 -4.355 43.652
2 24 16.711 -1.85 42.889 16.711 -4.345 42.889
2 24 17.839 -1.782 37.476 17.839 -4.275 37.476
2 24 16.291 -1.772 36.946 16.291 -4.268 36.946
2 24 16.291 -1.772 36.946 14.998 -1.857 43.652
2 24 16.711 -1.85 42.889 14.998 -1.857 43.652
2 24 16.291 -1.772 36.946 17.839 -1.782 37.476
2 24 17.839 -1.782 37.476 16.711 -1.85 42.889
2 24 10.377 -2.05 57.944 7.5 -2.124 64.138
2 24 9.736 -2.124 63.812 7.5 -2.124 64.138
2 24 10.377 -2.05 57.944 11.751 -2.065 58.832
2 24 11.751 -2.065 58.832 9.736 -2.124 63.812
2 24 13.976 -1.914 47.626 11.875 -1.995 54.124
2 24 13.668 -1.99 53.576 11.875 -1.995 54.124
2 24 13.976 -1.914 47.626 15.448 -1.925 48.34
2 24 15.448 -1.925 48.34 13.668 -1.99 53.576
2 24 20.255 -4.09 23.363 17.328 -4.09 23.363
2 24 19.6941 -4.2145 32.91248 18.295 -4.339 42.407
2 24 20.255 -4.09 23.363 19.6941 -4.2145 32.91248
2 24 15.85658 -4.459 51.66744 12.843 -4.579 60.757
2 24 18.295 -4.339 42.407 15.85658 -4.459 51.66744
2 24 16.711 -4.345 42.889 17.839 -4.275 37.476
2 24 11.875 -4.493 54.124 13.668 -4.485 53.576
2 24 13.668 -4.485 53.576 15.448 -4.417 48.34
2 24 17.328 -4.09 23.363 16.291 -4.268 36.946
2 24 11.875 -4.493 54.124 10.377 -4.543 57.944
2 24 11.751 -4.554 58.832 10.377 -4.543 57.944
2 24 14.998 -4.355 43.652 13.976 -4.407 47.626
2 24 15.448 -4.417 48.34 13.976 -4.407 47.626
2 24 17.839 -4.275 37.476 16.291 -4.268 36.946
2 24 16.711 -4.345 42.889 14.998 -4.355 43.652
2 24 11.751 -4.554 58.832 9.736 -4.619 63.812

0 // Blade
3 16 -1.49766 -4.901 85.57545 4.077 -4.802 77.797 1.45161 0 91.52782
3 16 -7.672 -5 92.887 -1.49766 -4.901 85.57545 -4.857 0 99.738
3 16 1.45161 0 91.52782 -4.857 0 99.738 -1.49766 -4.901 85.57545
3 16 7.141 0 82.877 1.45161 0 91.52782 4.077 -4.802 77.797
3 16 15.851 0 64.091 12.05848 0 73.74479 12.843 -4.579 60.757
3 16 20.974 0 44.014 19.01325 0 54.20579 18.295 -4.339 42.407
3 16 22.01023 0 33.71205 20.974 0 44.014 19.6941 -4.2145 32.91248
3 16 22.328 0 23.363 22.01023 0 33.71205 20.255 -4.09 23.363
3 16 17.328 -4.09 23.363 22.328 0 23.363 20.255 -4.09 23.363
3 16 -7.672 -1.575 99.738 -7.672 -5 92.887 -4.857 0 99.738
3 16 8.67342 -4.6905 69.38679 12.843 -4.579 60.757 12.05848 0 73.74479
4 16 12.05848 0 73.74479 7.141 0 82.877 4.077 -4.802 77.797 8.67342 -4.6905 69.38679
3 16 15.85658 -4.459 51.66744 18.295 -4.339 42.407 19.01325 0 54.20579
4 16 19.01325 0 54.20579 15.851 0 64.091 12.843 -4.579 60.757 15.85658 -4.459 51.66744
3 16 19.6941 -4.2145 32.91248 20.255 -4.09 23.363 22.01023 0 33.71205
3 16 18.295 -4.339 42.407 19.6941 -4.2145 32.91248 20.974 0 44.014
2 24 20.255 -4.09 23.363 22.328 0 23.363
5 24 22.01023 0 33.71205 20.255 -4.09 23.363 22.328 0 23.363 19.6941 -4.2145 32.91248
5 24 12.843 -4.579 60.757 12.05848 0 73.74479 15.851 0 64.091 8.67342 -4.6905 69.38679
5 24 1.45161 0 91.52782 -1.49766 -4.901 85.57545 -4.857 0 99.738 4.077 -4.802 77.797
5 24 20.974 0 44.014 19.6941 -4.2145 32.91248 18.295 -4.339 42.407 22.01023 0 33.71205
5 24 12.05848 0 73.74479 8.67342 -4.6905 69.38679 7.141 0 82.877 12.843 -4.579 60.757
5 24 19.01325 0 54.20579 15.85658 -4.459 51.66744 15.851 0 64.091 18.295 -4.339 42.407
5 24 22.01023 0 33.71205 19.6941 -4.2145 32.91248 20.974 0 44.014 20.255 -4.09 23.363
5 24 4.077 -4.802 77.797 7.141 0 82.877 8.67342 -4.6905 69.38679 1.45161 0 91.52782
5 24 -7.672 -5 92.887 -4.857 0 99.738 -1.49766 -4.901 85.57545 -7.672 -1.575 99.738
5 24 4.077 -4.802 77.797 1.45161 0 91.52782 -1.49766 -4.901 85.57545 7.141 0 82.877
5 24 -1.49766 -4.901 85.57545 -4.857 0 99.738 1.45161 0 91.52782 -7.672 -5 92.887
5 24 12.843 -4.579 60.757 15.851 0 64.091 15.85658 -4.459 51.66744 12.05848 0 73.74479
5 24 19.01325 0 54.20579 18.295 -4.339 42.407 15.85658 -4.459 51.66744 20.974 0 44.014
5 24 18.295 -4.339 42.407 20.974 0 44.014 19.01325 0 54.20579 19.6941 -4.2145 32.91248
5 24 -7.672 -1.579 92.887 -11.25 -1.891 92.264 -7.57 -1.891 92.264 -7.672 -.73912 94.62516

0 // Spine
1 16 3.75144 -1.25 21.83375 1.5796 0 0 0 1 0 -.2787 0 9.3797 triangle.dat
2 24 3.6956 -1.5308 21.84376 3.75144 -1.25 21.83375
2 24 2.8284 -2.8284 21.9967 2.34401 -3.15212 22.08212
2 24 2.8284 -2.8284 21.9967 3.6956 -1.5308 21.84376
2 24 4 0 29.69361 3.75144 -1.24999 31.21347

4 16 2.34401 -3.15212 17.68446 7.25 -2.287 19 6.847 -2.358 21.288 2.34402 -3.15212 22.08212
2 24 2.34402 -3.15212 22.08212 6.847 -2.358 21.288
2 24 6.847 -2.358 21.288 7.25 -2.287 19
2 24 7.25 -2.287 19 2.34401 -3.15212 17.68446
2 24 2.34401 -3.15212 17.68446 2.34401 -3.15212 22.08212

4 16 5.697 -1.25 18.583 3.75144 -1.25 18.06214 3.75144 -1.25 12.25638 6.317 -1.25 11.941
2 24 2.8284 -2.8284 17.81435 2.34401 -3.15212 17.68446
2 24 3.6956 -1.5308 18.04689 2.8284 -2.8284 17.81435
2 24 3.6956 -1.5308 18.04689 3.75144 -1.25 18.06214
2 24 3.6956 -1.5308 12.26325 3.75144 -1.25 12.25638
2 24 3.75144 -1.25 12.25638 3.75144 -1.25 18.06214
2 24 5.697 -1.25 18.583 3.75144 -1.25 18.06214
2 24 3.75144 -1.25 12.25638 6.317 -1.25 11.941
2 24 2.8284 -2.8284 12.36973 2.34401 -3.15212 12.42921
2 24 2.8284 -2.8284 12.36973 3.6956 -1.5308 12.26325

4 16 2.34402 -3.15212 7.35946 9.75 -1.846 9.344 9.439 -1.901 11.558 2.34401 -3.15212 12.42921
2 24 2.34401 -3.15212 12.42921 9.439 -1.901 11.558
2 24 9.439 -1.901 11.558 9.75 -1.846 9.344
2 24 9.75 -1.846 9.344 2.34402 -3.15212 7.35946
2 24 2.34401 -3.15212 12.42921 2.34402 -3.15212 7.35946

4 16 3.75144 -1.25 2.30443 6.738 -1.25 2.043 6.533 -1.25 8.482 3.75144 -1.25 7.73715
2 24 2.8284 -2.8284 2.3852 2.34402 -3.15212 2.42759
2 24 2.34402 -3.15212 7.35946 2.8284 -2.8284 7.48926
2 24 2.8284 -2.8284 7.48926 3.6956 -1.5308 7.72164
2 24 2.8284 -2.8284 2.3852 3.6956 -1.5308 2.3093
2 24 3.75144 -1.25 2.30443 3.75144 -1.25 7.73715
2 24 6.533 -1.25 8.482 3.75144 -1.25 7.73715
2 24 3.75144 -1.25 2.30443 6.738 -1.25 2.043
2 24 3.6956 -1.5308 2.3093 3.75144 -1.25 2.30443
2 24 3.6956 -1.5308 7.72164 3.75144 -1.25 7.73715

4 16 11 -1.626 1.67 2.34401 -3.15212 2.42759 2.34401 -3.15212 -2.42759 11 -1.626 -1.67
2 24 11 -1.626 1.67 11 -1.626 -1.67
2 24 2.34401 -3.15212 2.42759 11 -1.626 1.67
2 24 11 -1.626 -1.67 2.34401 -3.15212 -2.42759
2 24 2.34401 -3.15212 -2.42759 2.34401 -3.15212 2.42759

4 16 6.533 -1.25 -8.482 6.738 -1.25 -2.043 3.75144 -1.25 -2.30443 3.75144 -1.25 -7.73715
2 24 2.8284 -2.8284 -2.3852 2.34402 -3.15212 -2.42759
2 24 2.34402 -3.15212 -7.35946 2.8284 -2.8284 -7.48926
2 24 2.8284 -2.8284 -7.48926 3.6956 -1.5308 -7.72164
2 24 2.8284 -2.8284 -2.3852 3.6956 -1.5308 -2.3093
2 24 3.75144 -1.25 -2.30443 3.75144 -1.25 -7.73715
2 24 6.533 -1.25 -8.482 3.75144 -1.25 -7.73715
2 24 3.75144 -1.25 -2.30443 6.738 -1.25 -2.043
2 24 3.6956 -1.5308 -2.3093 3.75144 -1.25 -2.30443
2 24 3.6956 -1.5308 -7.72164 3.75144 -1.25 -7.73715

4 16 9.439 -1.901 -11.558 9.75 -1.846 -9.344 2.34402 -3.15212 -7.35946 2.34401 -3.15212 -12.42921
2 24 2.34401 -3.15212 -12.42921 9.439 -1.901 -11.558
2 24 9.439 -1.901 -11.558 9.75 -1.846 -9.344
2 24 9.75 -1.846 -9.344 2.34402 -3.15212 -7.35946
2 24 2.34401 -3.15212 -12.42921 2.34402 -3.15212 -7.35946

4 16 3.75144 -1.25 -12.25638 3.75144 -1.25 -18.06214 5.697 -1.25 -18.583 6.317 -1.25 -11.941
2 24 2.8284 -2.8284 -17.81435 2.34401 -3.15212 -17.68446
2 24 3.6956 -1.5308 -18.04689 2.8284 -2.8284 -17.81435
2 24 3.6956 -1.5308 -18.04689 3.75144 -1.25 -18.06214
2 24 3.6956 -1.5308 -12.26325 3.75144 -1.25 -12.25638
2 24 3.75144 -1.25 -12.25638 3.75144 -1.25 -18.06214
2 24 5.697 -1.25 -18.583 3.75144 -1.25 -18.06214
2 24 3.75144 -1.25 -12.25638 6.317 -1.25 -11.941
2 24 2.8284 -2.8284 -12.36973 2.34401 -3.15212 -12.42921
2 24 2.8284 -2.8284 -12.36973 3.6956 -1.5308 -12.26325

4 16 6.847 -2.358 -21.288 7.25 -2.287 -19 2.34401 -3.15212 -17.68446 2.34402 -3.15212 -22.08212
2 24 2.34402 -3.15212 -22.08212 6.847 -2.358 -21.288
2 24 6.847 -2.358 -21.288 7.25 -2.287 -19
2 24 7.25 -2.287 -19 2.34401 -3.15212 -17.68446
2 24 2.34401 -3.15212 -17.68446 2.34401 -3.15212 -22.08212

1 16 3.75144 -1.25 -21.83375 1.5796 0 0 0 1 0 .2787 0 -9.3797 triangle.dat
2 24 3.6956 -1.5308 -21.84376 3.75144 -1.25 -21.83375
2 24 2.8284 -2.8284 -21.9967 2.34401 -3.15212 -22.08212
2 24 2.8284 -2.8284 -21.9967 3.6956 -1.5308 -21.84376
2 24 4 0 -29.69361 3.75144 -1.24999 -31.21347
