0 ~Animal Dog Dachshund - Half without Patternable Surfaces
0 Name: s\53075s02.dat
0 Author: Gerald Lasser [GeraldLasser]
0 !LDRAW_ORG Unofficial_Subpart
0 !LICENSE Redistributable under CCAL version 2.0 : see CAreadme.txt

0 BFC CERTIFY CCW

4 16 -4.243 -5.25 44.243 -5.543 -5.25 42.296 -5.543 0 42.296 -4.243 0 44.243
2 24 -3.018 -20.97 42.009 -3.577 -20.97 40.739
2 24 -1.506 -20.97 42.908 -3.018 -20.97 42.009
2 24 0 -20.97 43.124 -1.506 -20.97 42.908
2 24 -3.674 -20.97 39.405 -3.715 -20.97 37.898
2 24 -3.577 -20.97 40.739 -3.674 -20.97 39.405
2 24 -3.715 -20.97 37.898 -3.715 -20.97 3.577
2 24 -3.715 -20.97 3.577 -3.629 -20.97 -.686
2 24 -1.709 -20.97 -3.336 0 -20.97 -3.65
2 24 -3.629 -20.97 -.686 -2.834 -20.97 -2.319
2 24 -2.834 -20.97 -2.319 -1.709 -20.97 -3.336
4 16 -5.992 -5.245 -1.037 -6.068 -5.245 1.706 -4.436 -5.25 1.757 -4.346 -5.25 -.188
2 24 -6.068 -5.245 1.706 -5.992 -5.245 -1.037
2 24 -4.436 -5.25 1.757 -6.068 -5.245 1.706
2 24 -4.436 -5.25 1.757 -4.346 -5.25 -.188
4 16 -5.139 -5.245 -3.447 -5.992 -5.245 -1.037 -4.346 -5.25 -.188 -3.718 -5.25 -2.212
2 24 -5.992 -5.245 -1.037 -5.139 -5.245 -3.447
2 24 -4.346 -5.25 -.188 -3.718 -5.25 -2.212
3 16 -5.992 0 -1.037 -9.161 0 1.187 -6.05 0 1.404
2 24 -6.05 0 1.404 -9.161 0 1.187
2 24 -6.05 0 1.404 -5.992 0 -1.037
4 16 -9.161 0 1.187 -5.992 0 -1.037 -5.139 0 -3.447 -9.51 0 -9.372
2 24 -5.992 0 -1.037 -5.139 0 -3.447
2 24 -9.161 0 1.187 -9.51 0 -9.372
4 16 -9.51 0 -9.372 -5.139 0 -3.447 -3.106 0 -5.548 -3.148 0 -9.512
2 24 -5.139 0 -3.447 -3.106 0 -5.548
2 24 -3.106 0 -5.548 -3.148 0 -9.512
2 24 -9.51 0 -9.372 -3.148 0 -9.512
4 16 -3.18 0 48.976 -4.243 0 44.243 -5.543 0 42.296 -9.604 0 48.83
3 16 -2.71 0 45.456 -4.243 0 44.243 -3.18 0 48.976
2 24 -3.18 0 48.976 -9.604 0 48.83
2 24 -3.18 0 48.976 -2.71 0 45.456
2 24 -4.243 0 44.243 -5.543 0 42.296
2 24 -2.71 0 45.456 -4.243 0 44.243
4 16 -5.543 0 42.296 -6.064 0 40 -9.543 0 37.661 -9.604 0 48.83
3 16 -6.064 0 40 -6.253 0 37.661 -9.543 0 37.661
2 24 -9.543 0 37.661 -6.253 0 37.661
2 24 -9.543 0 37.661 -9.604 0 48.83
2 24 -6.064 0 40 -6.253 0 37.661
2 24 -5.543 0 42.296 -6.064 0 40
2 24 -4.705 -24.27 5.95 -5.717 -24 11.558
2 24 -7.03 -24 20.237 -6.059 -24 30.154
2 24 -5.717 -24 11.558 -7.03 -24 20.237
2 24 -5.523 -23.97 37.652 -6.059 -24 30.154
5 24 -3.05 -42.49 -15.2 -3.16 -41.08 -17.51 0 -42.36 -15.19 -5.77 -41.78 -14.9
5 24 -3.16 -41.08 -17.51 0 -42.36 -15.19 -3.05 -42.49 -15.2 0 -40.93 -17.71
5 24 0 -42.36 -15.19 -3.05 -42.49 -15.2 -3.16 -41.08 -17.51 -2.87 -43.21 -12.44
5 24 -3.16 -41.08 -17.51 0 -40.93 -17.71 -2.75 -38.72 -18.45 0 -42.36 -15.19
5 24 -5.81 -40.42 -16.81 -3.16 -41.08 -17.51 -5.77 -41.78 -14.9 -5.18 -37.95 -17.68
5 24 -3.16 -41.08 -17.51 -5.77 -41.78 -14.9 -5.81 -40.42 -16.81 -3.05 -42.49 -15.2
5 24 -5.77 -41.78 -14.9 -5.81 -40.42 -16.81 -3.16 -41.08 -17.51 -6.82 -40.48 -14.44
5 24 -3.05 -42.49 -15.2 -5.77 -41.78 -14.9 -3.16 -41.08 -17.51 -5.53 -42.57 -12.36
5 24 -5.81 -40.42 -16.81 -5.18 -37.95 -17.68 -6.62 -39.3 -16.28 -3.16 -41.08 -17.51
5 24 -5.18 -37.95 -17.68 -3.16 -41.08 -17.51 -5.81 -40.42 -16.81 -2.75 -38.72 -18.45
5 24 -5.18 -37.95 -17.68 -2.75 -38.72 -18.45 -3.16 -41.08 -17.51 -4.42 -35.88 -18.88
5 24 -2.75 -38.72 -18.45 -3.16 -41.08 -17.51 -5.18 -37.95 -17.68 0 -40.93 -17.71
5 24 0 -40.93 -17.71 -2.75 -38.72 -18.45 0 -38.93 -18.54 -3.16 -41.08 -17.51
5 24 -2.75 -38.72 -18.45 0 -38.93 -18.54 0 -40.93 -17.71 -2.4 -36.82 -19.55
5 24 0 -38.93 -18.54 -2.4 -36.82 -19.55 0 -37.13 -19.69 -2.75 -38.72 -18.45
2 24 -2.4 -36.82 -19.55 0 -37.13 -19.69
5 24 -2.75 -38.72 -18.45 -2.4 -36.82 -19.55 -4.42 -35.88 -18.88 0 -38.93 -18.54
5 24 -5.18 -37.95 -17.68 -4.42 -35.88 -18.88 -2.75 -38.72 -18.45 -6.82 -35.94 -16.75
5 24 -4.42 -35.88 -18.88 -2.75 -38.72 -18.45 -5.18 -37.95 -17.68 -2.4 -36.82 -19.55
2 24 -4.42 -35.88 -18.88 -2.4 -36.82 -19.55
5 24 -6.62 -39.3 -16.28 -5.18 -37.95 -17.68 -5.81 -40.42 -16.81 -6.88 -37.83 -16.35
5 24 -6.62 -39.3 -16.28 -6.88 -37.83 -16.35 -6.82 -35.94 -16.75 -7.38 -38.19 -14.73
5 24 -6.88 -37.83 -16.35 -6.82 -35.94 -16.75 -6.62 -39.3 -16.28 -7.48 -35.93 -15.29
5 24 -6.82 -35.94 -16.75 -5.18 -37.95 -17.68 -6.62 -39.3 -16.28 -4.42 -35.88 -18.88
5 24 -5.81 -40.42 -16.81 -6.62 -39.3 -16.28 -6.82 -40.48 -14.44 -5.18 -37.95 -17.68
3 16 -7.38 -38.19 -14.73 -7.48 -35.93 -15.29 -6.88 -37.83 -16.35
5 24 -7.38 -38.19 -14.73 -7.48 -35.93 -15.29 -6.88 -37.83 -16.35 -7.9 -35.12 -13.71
5 24 -7.48 -35.93 -15.29 -6.88 -37.83 -16.35 -7.38 -38.19 -14.73 -6.82 -35.94 -16.75
5 24 -6.88 -37.83 -16.35 -7.38 -38.19 -14.73 -7.48 -35.93 -15.29 -6.62 -39.3 -16.28
3 16 -6.88 -37.83 -16.35 -7.48 -35.93 -15.29 -6.82 -35.94 -16.75
5 24 -7.48 -35.93 -15.29 -6.82 -35.94 -16.75 -6.88 -37.83 -16.35 -6.2 -34.62 -17.72
2 24 -6.2 -34.62 -17.72 -4.42 -35.88 -18.88
5 24 -4.42 -35.88 -18.88 -6.82 -35.94 -16.75 -6.2 -34.62 -17.72 -5.18 -37.95 -17.68
5 24 -6.82 -35.94 -16.75 -6.2 -34.62 -17.72 -4.42 -35.88 -18.88 -7.48 -35.93 -15.29
3 16 -7.48 -35.93 -15.29 -6.49 -32.25 -17.81 -6.2 -34.62 -17.72
5 24 -6.49 -32.25 -17.81 -6.2 -34.62 -17.72 -5.31 -31.54 -22.48 -7.48 -35.93 -15.29
5 24 -7.48 -35.93 -15.29 -6.2 -34.62 -17.72 -6.49 -32.25 -17.81 -6.82 -35.94 -16.75
5 24 -6.49 -32.25 -17.81 -7.48 -35.93 -15.29 -7.28 -31.79 -14.03 -6.2 -34.62 -17.72
3 16 -7.48 -35.93 -15.29 -7.28 -31.79 -14.03 -6.49 -32.25 -17.81
5 24 -2.04 -35.67 -23.8 -1.74 -34.16 -28.86 0 -35.99 -23.95 -4.17 -33.99 -23.12
5 24 -1.74 -34.16 -28.86 0 -35.99 -23.95 -2.04 -35.67 -23.8 0 -34.37 -29.31
5 24 0 -35.99 -23.95 -2.04 -35.67 -23.8 -1.74 -34.16 -28.86 0 -37.13 -19.69
2 24 -1.74 -34.16 -28.86 0 -34.37 -29.31
5 24 -4.17 -33.99 -23.12 -1.74 -34.16 -28.86 -2.5 -32.5 -28.86 -2.04 -35.67 -23.8
2 24 -2.5 -32.5 -28.86 -1.74 -34.16 -28.86
5 24 -2.04 -35.67 -23.8 -4.17 -33.99 -23.12 -4.42 -35.88 -18.88 -1.74 -34.16 -28.86
5 24 -4.17 -33.99 -23.12 -2.5 -32.5 -28.86 -1.74 -34.16 -28.86 -3.13 -30.97 -28.18
5 24 -4.17 -33.99 -23.12 -3.13 -30.97 -28.18 -2.5 -32.5 -28.86 -6.2 -34.62 -17.72
2 24 -3.13 -30.97 -28.18 -2.5 -32.5 -28.86
5 24 -4.17 -33.99 -23.12 -6.2 -34.62 -17.72 -4.42 -35.88 -18.88 -5.31 -31.54 -22.48
5 24 -5.31 -31.54 -22.48 -6.2 -34.62 -17.72 -6.49 -32.25 -17.81 -3.13 -30.97 -28.18
5 24 -5.31 -31.54 -22.48 -3.13 -30.97 -28.18 -4.17 -33.99 -23.12 -4.03 -29.83 -26.39
4 16 -6.5 -30.34 -17.42 -5.36 -29.09 -17.33 -4.92 -29 -18.52 -6.36 -30.62 -18.69
5 24 -6.5 -30.34 -17.42 -5.36 -29.09 -17.33 -4.92 -29 -18.52 -6.31 -29.53 -16.53
2 24 -5.36 -29.09 -17.33 -4.92 -29 -18.52
5 24 -4.92 -29 -18.52 -6.36 -30.62 -18.69 -6.5 -30.34 -17.42 -5.92 -30.25 -19.97
2 24 -6.36 -30.62 -18.69 -6.5 -30.34 -17.42
3 16 -6.5 -30.34 -17.42 -6.31 -29.53 -16.53 -5.36 -29.09 -17.33
2 24 -6.5 -30.34 -17.42 -6.31 -29.53 -16.53
3 16 -5.2 -29.27 -20.94 -5.92 -30.25 -19.97 -4.92 -29.05 -19.73
2 24 -5.2 -29.27 -20.94 -5.92 -30.25 -19.97
5 24 -5.92 -30.25 -19.97 -4.92 -29.05 -19.73 -5.2 -29.27 -20.94 -4.92 -29 -18.52
2 24 -4.92 -29.05 -19.73 -5.2 -29.27 -20.94
3 16 -4.92 -29.05 -19.73 -5.92 -30.25 -19.97 -4.92 -29 -18.52
5 24 -5.92 -30.25 -19.97 -4.92 -29 -18.52 -4.92 -29.05 -19.73 -6.36 -30.62 -18.69
2 24 -4.92 -29 -18.52 -4.92 -29.05 -19.73
3 16 -4.92 -29 -18.52 -5.92 -30.25 -19.97 -6.36 -30.62 -18.69
2 24 -5.92 -30.25 -19.97 -6.36 -30.62 -18.69
5 24 0 -37.13 -19.69 -2.04 -35.67 -23.8 0 -35.99 -23.95 -2.4 -36.82 -19.55
5 24 -2.4 -36.82 -19.55 -2.04 -35.67 -23.8 0 -37.13 -19.69 -4.42 -35.88 -18.88
5 24 -4.42 -35.88 -18.88 -2.04 -35.67 -23.8 -2.4 -36.82 -19.55 -4.17 -33.99 -23.12
3 16 -6.36 -30.62 -18.69 -5.92 -30.25 -19.97 -6.49 -32.25 -17.81
5 24 -5.92 -30.25 -19.97 -6.49 -32.25 -17.81 -6.36 -30.62 -18.69 -5.31 -31.54 -22.48
5 24 -6.49 -32.25 -17.81 -6.36 -30.62 -18.69 -5.92 -30.25 -19.97 -6.5 -30.34 -17.42
5 24 -5.92 -30.25 -19.97 -5.31 -31.54 -22.48 -6.49 -32.25 -17.81 -5.2 -29.27 -20.94
5 24 -5.31 -31.54 -22.48 -6.49 -32.25 -17.81 -5.92 -30.25 -19.97 -6.2 -34.62 -17.72
3 16 -6.49 -32.25 -17.81 -7.28 -31.79 -14.03 -6.5 -30.34 -17.42
5 24 -6.49 -32.25 -17.81 -7.28 -31.79 -14.03 -6.5 -30.34 -17.42 -7.48 -35.93 -15.29
5 24 -7.28 -31.79 -14.03 -6.5 -30.34 -17.42 -6.49 -32.25 -17.81 -6.63 -29.77 -14.05
5 24 -6.5 -30.34 -17.42 -6.49 -32.25 -17.81 -7.28 -31.79 -14.03 -6.36 -30.62 -18.69
3 16 -7.28 -31.79 -14.03 -6.63 -29.77 -14.05 -6.31 -29.53 -16.53
3 16 -6.31 -29.53 -16.53 -6.5 -30.34 -17.42 -7.28 -31.79 -14.03
5 24 -6.31 -29.53 -16.53 -7.28 -31.79 -14.03 -6.5 -30.34 -17.42 -6.63 -29.77 -14.05
2 24 -7.28 -31.79 -14.03 -6.63 -29.77 -14.05
5 24 -6.63 -29.77 -14.05 -6.31 -29.53 -16.53 -6.02 -28.44 -13.61 -7.28 -31.79 -14.03
3 16 -6.5 -30.34 -17.42 -6.36 -30.62 -18.69 -6.49 -32.25 -17.81
3 16 -6.2 -34.62 -17.72 -6.82 -35.94 -16.75 -7.48 -35.93 -15.29
5 24 -7.48 -35.93 -15.29 -7.28 -31.79 -14.03 -7.9 -35.12 -13.71 -6.49 -32.25 -17.81
3 16 -7.28 -31.79 -14.03 -7.48 -35.93 -15.29 -7.9 -35.12 -13.71
5 24 -7.48 -35.93 -15.29 -7.9 -35.12 -13.71 -7.28 -31.79 -14.03 -7.38 -38.19 -14.73
2 24 -7.9 -35.12 -13.71 -7.28 -31.79 -14.03
3 16 -5.77 -41.78 -14.9 -3.05 -42.49 -15.2 -5.53 -42.57 -12.36
5 24 -3.05 -42.49 -15.2 -5.53 -42.57 -12.36 -5.77 -41.78 -14.9 -2.87 -43.21 -12.44
5 24 -5.53 -42.57 -12.36 -5.77 -41.78 -14.9 -6.73 -41.45 -12.01 -3.05 -42.49 -15.2
3 16 -5.53 -42.57 -12.36 -3.05 -42.49 -15.2 -2.87 -43.21 -12.44
5 24 -3.05 -42.49 -15.2 -2.87 -43.21 -12.44 -5.53 -42.57 -12.36 0 -42.36 -15.19
5 24 -2.87 -43.21 -12.44 -5.53 -42.57 -12.36 -3.05 -42.49 -15.2 -5.24 -42.62 -9.59
3 16 -3.05 -42.49 -15.2 0 -42.36 -15.19 -2.87 -43.21 -12.44
5 24 0 -42.36 -15.19 -2.87 -43.21 -12.44 -3.05 -42.49 -15.2 0 -43.14 -12.44
3 16 -2.87 -43.21 -12.44 0 -42.36 -15.19 0 -43.14 -12.44
5 24 0 -43.14 -12.44 -2.87 -43.21 -12.44 0 -42.36 -15.19 0 -43.24 -9.44
3 16 0 -43.24 -9.44 -5.24 -42.62 -9.59 -2.87 -43.21 -12.44
5 24 0 -43.24 -9.44 -5.24 -42.62 -9.59 -2.87 -43.21 -12.44 0 -42.39 -6.35
5 24 -5.24 -42.62 -9.59 -2.87 -43.21 -12.44 0 -43.24 -9.44 -5.53 -42.57 -12.36
5 24 -2.87 -43.21 -12.44 0 -43.24 -9.44 -5.24 -42.62 -9.59 0 -43.14 -12.44
3 16 -2.87 -43.21 -12.44 -5.24 -42.62 -9.59 -5.53 -42.57 -12.36
5 24 -5.24 -42.62 -9.59 -5.53 -42.57 -12.36 -2.87 -43.21 -12.44 -6.24 -42.15 -9.93
3 16 0 -43.24 -9.44 -2.87 -43.21 -12.44 0 -43.14 -12.44
3 16 -5.24 -42.62 -9.59 0 -43.24 -9.44 0 -42.39 -6.35
5 24 0 -42.39 -6.35 -5.24 -42.62 -9.59 -5.02 -41.58 -6.83 0 -43.24 -9.44
2 24 -5.02 -41.58 -6.83 -5.24 -42.62 -9.59
3 16 0 -42.39 -6.35 -5.02 -41.58 -6.83 -5.24 -42.62 -9.59
5 24 0 -42.39 -6.35 -5.02 -41.58 -6.83 -4.64 -39.7 -4.38 -5.24 -42.62 -9.59
3 16 0 -32.79 -1.45 -3.758 -32.528 -1.908 0 -36.76 -2.04
5 24 0 -32.79 -1.45 -3.758 -32.528 -1.908 0 -36.76 -2.04 -3.611 -28.888 -.648
5 24 -3.758 -32.528 -1.908 0 -36.76 -2.04 0 -32.79 -1.45 -4.27 -36.4 -2.69
3 16 0 -36.76 -2.04 -3.758 -32.528 -1.908 -4.27 -36.4 -2.69
2 24 -3.758 -32.528 -1.908 -4.27 -36.4 -2.69
5 24 -4.27 -36.4 -2.69 0 -36.76 -2.04 -3.758 -32.528 -1.908 0 -40.34 -3.71
3 16 0 -32.79 -1.45 -3.611 -28.888 -.648 -3.758 -32.528 -1.908
2 24 -3.611 -28.888 -.648 -3.758 -32.528 -1.908
3 16 -6.73 -41.45 -12.01 -5.53 -42.57 -12.36 -6.24 -42.15 -9.93
5 24 -6.73 -41.45 -12.01 -5.53 -42.57 -12.36 -6.24 -42.15 -9.93 -5.77 -41.78 -14.9
5 24 -5.53 -42.57 -12.36 -6.24 -42.15 -9.93 -6.73 -41.45 -12.01 -5.24 -42.62 -9.59
2 24 -6.24 -42.15 -9.93 -6.73 -41.45 -12.01
3 16 -6.24 -42.15 -9.93 -5.53 -42.57 -12.36 -5.24 -42.62 -9.59
5 24 -5.24 -42.62 -9.59 -6.24 -42.15 -9.93 -5.53 -42.57 -12.36 -6.15 -40.99 -7.23
3 16 -6.24 -42.15 -9.93 -5.24 -42.62 -9.59 -6.15 -40.99 -7.23
5 24 -5.24 -42.62 -9.59 -6.15 -40.99 -7.23 -6.24 -42.15 -9.93 -5.02 -41.58 -6.83
3 16 -6.15 -40.99 -7.23 -5.24 -42.62 -9.59 -5.02 -41.58 -6.83
5 24 -5.02 -41.58 -6.83 -6.15 -40.99 -7.23 -5.24 -42.62 -9.59 -6.115 -39.034 -5.142
3 16 -6.115 -39.034 -5.142 -4.64 -39.7 -4.38 -6.141 -36.442 -4.173
5 24 -6.115 -39.034 -5.142 -4.64 -39.7 -4.38 -6.141 -36.442 -4.173 -5.02 -41.58 -6.83
5 24 -4.64 -39.7 -4.38 -6.141 -36.442 -4.173 -6.115 -39.034 -5.142 -4.27 -36.4 -2.69
2 24 -6.141 -36.442 -4.173 -6.115 -39.034 -5.142
3 16 -6.141 -36.442 -4.173 -4.64 -39.7 -4.38 -4.27 -36.4 -2.69
2 24 -4.64 -39.7 -4.38 -4.27 -36.4 -2.69
5 24 -4.27 -36.4 -2.69 -6.141 -36.442 -4.173 -4.64 -39.7 -4.38 -6.23 -33.57 -4.28
3 16 -6.141 -36.442 -4.173 -4.27 -36.4 -2.69 -6.23 -33.57 -4.28
5 24 -4.27 -36.4 -2.69 -6.23 -33.57 -4.28 -6.141 -36.442 -4.173 -3.758 -32.528 -1.908
2 24 -6.23 -33.57 -4.28 -6.141 -36.442 -4.173
3 16 -6.23 -33.57 -4.28 -4.27 -36.4 -2.69 -3.758 -32.528 -1.908
5 24 -3.758 -32.528 -1.908 -6.23 -33.57 -4.28 -4.27 -36.4 -2.69 -6.376 -31.236 -5.109
3 16 -6.82 -40.48 -14.44 -5.77 -41.78 -14.9 -6.73 -41.45 -12.01
5 24 -6.82 -40.48 -14.44 -5.77 -41.78 -14.9 -6.73 -41.45 -12.01 -5.81 -40.42 -16.81
5 24 -5.77 -41.78 -14.9 -6.73 -41.45 -12.01 -6.82 -40.48 -14.44 -5.53 -42.57 -12.36
5 24 -6.73 -41.45 -12.01 -6.82 -40.48 -14.44 -5.77 -41.78 -14.9 -7.74 -38.59 -13.06
3 16 -6.73 -41.45 -12.01 -5.77 -41.78 -14.9 -5.53 -42.57 -12.36
3 16 -5.77 -41.78 -14.9 -6.82 -40.48 -14.44 -5.81 -40.42 -16.81
5 24 -6.82 -40.48 -14.44 -5.81 -40.42 -16.81 -5.77 -41.78 -14.9 -6.62 -39.3 -16.28
3 16 -5.81 -40.42 -16.81 -6.82 -40.48 -14.44 -6.62 -39.3 -16.28
5 24 -6.82 -40.48 -14.44 -6.62 -39.3 -16.28 -5.81 -40.42 -16.81 -7.74 -38.59 -13.06
3 16 -6.73 -41.45 -12.01 -7.74 -38.59 -13.06 -6.82 -40.48 -14.44
2 24 -6.73 -41.45 -12.01 -7.74 -38.59 -13.06
5 24 -7.74 -38.59 -13.06 -6.82 -40.48 -14.44 -6.73 -41.45 -12.01 -7.38 -38.19 -14.73
4 16 -6.82 -40.48 -14.44 -7.74 -38.59 -13.06 -7.38 -38.19 -14.73 -6.62 -39.3 -16.28
5 24 -7.74 -38.59 -13.06 -7.38 -38.19 -14.73 -6.62 -39.3 -16.28 -7.9 -35.12 -13.71
5 24 -7.38 -38.19 -14.73 -6.62 -39.3 -16.28 -6.82 -40.48 -14.44 -6.88 -37.83 -16.35
3 16 -6.62 -39.3 -16.28 -7.38 -38.19 -14.73 -6.88 -37.83 -16.35
3 16 -6.24 -42.15 -9.93 -7.73 -41.78 -9.93 -6.73 -41.45 -12.01
5 24 -6.24 -42.15 -9.93 -7.73 -41.78 -9.93 -6.73 -41.45 -12.01 -6.15 -40.99 -7.23
5 24 -7.73 -41.78 -9.93 -6.73 -41.45 -12.01 -6.24 -42.15 -9.93 -8.22 -41.12 -11.52
3 16 -6.73 -41.45 -12.01 -7.73 -41.78 -9.93 -8.22 -41.12 -11.52
2 24 -7.73 -41.78 -9.93 -8.22 -41.12 -11.52
5 24 -8.22 -41.12 -11.52 -6.73 -41.45 -12.01 -7.73 -41.78 -9.93 -9.082 -38.773 -12.593
3 16 -6.73 -41.45 -12.01 -8.22 -41.12 -11.52 -9.082 -38.773 -12.593
5 24 -9.082 -38.773 -12.593 -6.73 -41.45 -12.01 -7.74 -38.59 -13.06 -8.22 -41.12 -11.52
3 16 -9.082 -38.773 -12.593 -7.74 -38.59 -13.06 -6.73 -41.45 -12.01
2 24 -8.22 -41.12 -11.52 -9.082 -38.773 -12.593
5 24 -9.082 -38.773 -12.593 -7.74 -38.59 -13.06 -9.301 -35.22 -13.397 -6.73 -41.45 -12.01
3 16 -7.9 -35.12 -13.71 -7.74 -38.59 -13.06 -9.301 -35.22 -13.397
2 24 -7.9 -35.12 -13.71 -7.74 -38.59 -13.06
5 24 -7.74 -38.59 -13.06 -9.301 -35.22 -13.397 -7.9 -35.12 -13.71 -9.082 -38.773 -12.593
5 24 -9.301 -35.22 -13.397 -7.9 -35.12 -13.71 -7.74 -38.59 -13.06 -9.25 -32.053 -13.741
3 16 -9.301 -35.22 -13.397 -7.74 -38.59 -13.06 -9.082 -38.773 -12.593
2 24 -9.082 -38.773 -12.593 -9.301 -35.22 -13.397
3 16 -6.24 -42.15 -9.93 -6.15 -40.99 -7.23 -7.73 -41.78 -9.93
5 24 -6.15 -40.99 -7.23 -7.73 -41.78 -9.93 -6.24 -42.15 -9.93 -8.56 -40.9 -7.62
3 16 -7.73 -41.78 -9.93 -6.15 -40.99 -7.23 -8.56 -40.9 -7.62
5 24 -6.15 -40.99 -7.23 -8.56 -40.9 -7.62 -7.73 -41.78 -9.93 -6.115 -39.034 -5.142
2 24 -8.56 -40.9 -7.62 -7.73 -41.78 -9.93
3 16 -6.15 -40.99 -7.23 -6.115 -39.034 -5.142 -8.56 -40.9 -7.62
2 24 -6.15 -40.99 -7.23 -6.115 -39.034 -5.142
5 24 -6.115 -39.034 -5.142 -8.56 -40.9 -7.62 -6.15 -40.99 -7.23 -9.256 -38.932 -5.612
3 16 -8.56 -40.9 -7.62 -6.115 -39.034 -5.142 -9.256 -38.932 -5.612
5 24 -6.115 -39.034 -5.142 -9.256 -38.932 -5.612 -6.141 -36.442 -4.173 -8.56 -40.9 -7.62
2 24 -9.256 -38.932 -5.612 -8.56 -40.9 -7.62
3 16 -6.31 -29.53 -16.53 -6.63 -29.77 -14.05 -6.02 -28.44 -13.61
5 24 -6.31 -29.53 -16.53 -6.02 -28.44 -13.61 -6.63 -29.77 -14.05 -4.6 -28.05 -15.14
5 24 -4.6 -28.05 -15.14 -6.31 -29.53 -16.53 -5.36 -29.09 -17.33 -6.02 -28.44 -13.61
3 16 -6.02 -28.44 -13.61 -4.6 -28.05 -15.14 -6.31 -29.53 -16.53
2 24 -6.63 -29.77 -14.05 -6.02 -28.44 -13.61
5 24 -6.02 -28.44 -13.61 -4.6 -28.05 -15.14 -2.63 -27.1 -14.99 -6.31 -29.53 -16.53
3 16 -4.92 -29 -18.52 -5.36 -29.09 -17.33 -3.98 -28.5 -17.88
5 24 -5.36 -29.09 -17.33 -3.98 -28.5 -17.88 -4.92 -29 -18.52 -4.6 -28.05 -15.14
5 24 -3.98 -28.5 -17.88 -4.92 -29 -18.52 -5.36 -29.09 -17.33 -4.92 -29.05 -19.73
3 16 -3.98 -28.5 -17.88 -5.36 -29.09 -17.33 -4.6 -28.05 -15.14
5 24 -5.36 -29.09 -17.33 -4.6 -28.05 -15.14 -3.98 -28.5 -17.88 -6.31 -29.53 -16.53
5 24 -4.6 -28.05 -15.14 -3.98 -28.5 -17.88 -5.36 -29.09 -17.33 -2.64 -27.92 -17.66
3 16 -5.36 -29.09 -17.33 -6.31 -29.53 -16.53 -4.6 -28.05 -15.14
5 24 -4.68 -29.23 -23.5 -5.31 -31.54 -22.48 -5.2 -29.27 -20.94 -4.03 -29.83 -26.39
5 24 -5.31 -31.54 -22.48 -5.2 -29.27 -20.94 -4.68 -29.23 -23.5 -5.92 -30.25 -19.97
2 24 -5.2 -29.27 -20.94 -4.68 -29.23 -23.5
5 24 -4.03 -29.83 -26.39 -5.31 -31.54 -22.48 -4.68 -29.23 -23.5 -3.13 -30.97 -28.18
2 24 -4.68 -29.23 -23.5 -4.03 -29.83 -26.39
5 24 -5.2 -29.27 -20.94 -3.55 -28.7 -22.31 -4.68 -29.23 -23.5 -4.92 -29.05 -19.73
5 24 -3.55 -28.7 -22.31 -4.68 -29.23 -23.5 -5.2 -29.27 -20.94 -2.67 -29.38 -25.7
4 16 -3.55 -28.7 -22.31 -5.2 -29.27 -20.94 -4.92 -29.05 -19.73 -3.98 -28.5 -17.88
5 24 -4.92 -29.05 -19.73 -3.98 -28.5 -17.88 -3.55 -28.7 -22.31 -4.92 -29 -18.52
5 24 -3.55 -28.7 -22.31 -3.98 -28.5 -17.88 -2.35 -28.04 -22.33 -5.2 -29.27 -20.94
2 24 -3.55 -28.7 -22.31 -2.67 -29.38 -25.7
5 24 -2.67 -29.38 -25.7 -4.03 -29.83 -26.39 -4.68 -29.23 -23.5 -1.36 -29.9 -27.17
2 24 -3.13 -30.97 -28.18 -4.03 -29.83 -26.39
5 24 -4.03 -29.83 -26.39 -1.36 -29.9 -27.17 -3.13 -30.97 -28.18 -2.67 -29.38 -25.7
5 24 -1.36 -29.9 -27.17 -3.13 -30.97 -28.18 -4.03 -29.83 -26.39 0 -30.08 -27.55
2 24 -2.67 -29.38 -25.7 -1.36 -29.9 -27.17
5 24 0 -31.16 -28.76 -3.13 -30.97 -28.18 -2.5 -32.5 -28.86 -1.36 -29.9 -27.17
5 24 0 -32.55 -29.51 -1.74 -34.16 -28.86 0 -34.37 -29.31 -2.5 -32.5 -28.86
5 24 -2.5 -32.5 -28.86 0 -32.55 -29.51 -1.74 -34.16 -28.86 0 -31.16 -28.76
5 24 0 -31.16 -28.76 -2.5 -32.5 -28.86 -3.13 -30.97 -28.18 0 -32.55 -29.51
5 24 -1.36 -29.9 -27.17 0 -28.63 -26.33 0 -30.08 -27.55 -.85 -28.62 -26.15
5 24 -1.36 -29.9 -27.17 -.85 -28.62 -26.15 0 -28.63 -26.33 -2.67 -29.38 -25.7
2 24 -.85 -28.62 -26.15 0 -28.63 -26.33
2 24 -1.81 -28.48 -25.07 -.85 -28.62 -26.15
5 24 -.85 -28.62 -26.15 -2.67 -29.38 -25.7 -1.81 -28.48 -25.07 -1.36 -29.9 -27.17
5 24 -2.67 -29.38 -25.7 -1.81 -28.48 -25.07 -.85 -28.62 -26.15 -3.55 -28.7 -22.31
2 24 -2.35 -28.04 -22.33 -1.81 -28.48 -25.07
5 24 -1.81 -28.48 -25.07 -3.55 -28.7 -22.31 -2.35 -28.04 -22.33 -2.67 -29.38 -25.7
5 24 -3.55 -28.7 -22.31 -2.35 -28.04 -22.33 -1.81 -28.48 -25.07 -3.98 -28.5 -17.88
3 16 -3.55 -28.7 -22.31 -3.98 -28.5 -17.88 -2.35 -28.04 -22.33
5 24 -3.98 -28.5 -17.88 -2.35 -28.04 -22.33 -3.55 -28.7 -22.31 -2.64 -27.92 -17.66
3 16 -2.35 -28.04 -22.33 -3.98 -28.5 -17.88 -2.64 -27.92 -17.66
5 24 -3.98 -28.5 -17.88 -2.64 -27.92 -17.66 -2.35 -28.04 -22.33 -4.6 -28.05 -15.14
5 24 -2.64 -27.92 -17.66 -2.35 -28.04 -22.33 -3.98 -28.5 -17.88 0 -27.68 -17.67
5 24 -1.81 -28.48 -25.07 0 -28.27 -25.33 -.85 -28.62 -26.15 0 -27.87 -22.3
5 24 0 -28.27 -25.33 -.85 -28.62 -26.15 -1.81 -28.48 -25.07 0 -28.63 -26.33
5 24 -1.81 -28.48 -25.07 0 -27.87 -22.3 0 -28.27 -25.33 -2.35 -28.04 -22.33
5 24 -2.35 -28.04 -22.33 0 -27.87 -22.3 -1.81 -28.48 -25.07 0 -27.68 -17.67
3 16 0 -27.87 -22.3 -2.35 -28.04 -22.33 0 -27.68 -17.67
5 24 -2.35 -28.04 -22.33 0 -27.68 -17.67 0 -27.87 -22.3 -2.64 -27.92 -17.66
3 16 0 -27.68 -17.67 -2.35 -28.04 -22.33 -2.64 -27.92 -17.66
5 24 -2.64 -27.92 -17.66 0 -27.68 -17.67 -2.35 -28.04 -22.33 -2.63 -27.1 -14.99
3 16 -3.98 -28.5 -17.88 -4.6 -28.05 -15.14 -2.64 -27.92 -17.66
5 24 -4.6 -28.05 -15.14 -2.64 -27.92 -17.66 -3.98 -28.5 -17.88 -2.63 -27.1 -14.99
3 16 -2.64 -27.92 -17.66 -4.6 -28.05 -15.14 -2.63 -27.1 -14.99
5 24 -4.6 -28.05 -15.14 -2.63 -27.1 -14.99 -2.64 -27.92 -17.66 -6.02 -28.44 -13.61
5 24 -2.63 -27.1 -14.99 -2.64 -27.92 -17.66 -4.6 -28.05 -15.14 0 -27.68 -17.67
3 16 0 -26.94 -15.1 0 -27.68 -17.67 -2.63 -27.1 -14.99
5 24 0 -27.68 -17.67 -2.63 -27.1 -14.99 0 -26.94 -15.1 -2.64 -27.92 -17.66
5 24 -2.63 -27.1 -14.99 0 -26.94 -15.1 -2.61 -25.875 -14.359 0 -27.68 -17.67
3 16 -2.63 -27.1 -14.99 0 -27.68 -17.67 -2.64 -27.92 -17.66
4 16 0 -25.852 -14.469 -2.61 -25.875 -14.359 -4.193 -16.7 -13.998 0 -16.577 -14.149
5 24 -4.193 -16.7 -13.998 0 -16.577 -14.149 -2.61 -25.875 -14.359 0 -13.98 -13.28
2 24 -2.61 -25.875 -14.359 -4.193 -16.7 -13.998
5 24 0 -25.852 -14.469 -2.61 -25.875 -14.359 0 -16.577 -14.149 0 -26.94 -15.1
3 16 -4.684 -14.13 -13.025 0 -13.98 -13.28 -4.193 -16.7 -13.998
5 24 -4.684 -14.13 -13.025 0 -13.98 -13.28 -4.193 -16.7 -13.998 0 -11.624 -11.143
5 24 0 -13.98 -13.28 -4.193 -16.7 -13.998 -4.684 -14.13 -13.025 0 -16.577 -14.149
2 24 -4.193 -16.7 -13.998 -4.684 -14.13 -13.025
3 16 -4.193 -16.7 -13.998 0 -13.98 -13.28 0 -16.577 -14.149
3 16 -6.684 -28.892 -6.763 -6.376 -31.236 -5.109 -3.611 -28.888 -.648
2 24 -6.684 -28.892 -6.763 -6.376 -31.236 -5.109
5 24 -3.611 -28.888 -.648 -6.684 -28.892 -6.763 -7.129 -25.208 -4.321 -6.376 -31.236 -5.109
5 24 -7.129 -25.208 -4.321 -6.684 -28.892 -6.763 -6.57 -27.37 -9.02 -3.611 -28.888 -.648
4 16 -3.921 -26.527 .943 -7.129 -25.208 -4.321 -6.684 -28.892 -6.763 -3.611 -28.888 -.648
3 16 -6.23 -33.57 -4.28 -3.758 -32.528 -1.908 -6.376 -31.236 -5.109
5 24 -3.758 -32.528 -1.908 -6.376 -31.236 -5.109 -6.23 -33.57 -4.28 -3.611 -28.888 -.648
2 24 -6.376 -31.236 -5.109 -6.23 -33.57 -4.28
3 16 -6.376 -31.236 -5.109 -3.758 -32.528 -1.908 -3.611 -28.888 -.648
3 16 -6.684 -28.892 -6.763 -7.129 -25.208 -4.321 -6.57 -27.37 -9.02
5 24 -7.129 -25.208 -4.321 -6.57 -27.37 -9.02 -6.684 -28.892 -6.763 -7.158 -23.709 -7.446
2 24 -6.57 -27.37 -9.02 -6.684 -28.892 -6.763
3 16 -6.57 -27.37 -9.02 -7.129 -25.208 -4.321 -7.158 -23.709 -7.446
5 24 -7.129 -25.208 -4.321 -7.158 -23.709 -7.446 -6.57 -27.37 -9.02 -8.797 -21.591 -6.008
5 24 -7.158 -23.709 -7.446 -6.57 -27.37 -9.02 -7.129 -25.208 -4.321 -6.16 -27.12 -11.66
4 16 -6.115 -39.034 -5.142 -6.141 -36.442 -4.173 -9.855 -36.189 -4.656 -9.256 -38.932 -5.612
5 24 -6.141 -36.442 -4.173 -9.855 -36.189 -4.656 -9.256 -38.932 -5.612 -6.23 -33.57 -4.28
2 24 -9.855 -36.189 -4.656 -9.256 -38.932 -5.612
3 16 -6.141 -36.442 -4.173 -6.23 -33.57 -4.28 -9.855 -36.189 -4.656
5 24 -6.23 -33.57 -4.28 -9.855 -36.189 -4.656 -6.141 -36.442 -4.173 -9.9 -33.61 -4.68
3 16 -9.855 -36.189 -4.656 -6.23 -33.57 -4.28 -9.9 -33.61 -4.68
5 24 -6.23 -33.57 -4.28 -9.9 -33.61 -4.68 -9.855 -36.189 -4.656 -6.376 -31.236 -5.109
2 24 -9.9 -33.61 -4.68 -9.855 -36.189 -4.656
3 16 -9.25 -32.053 -13.741 -9.301 -35.22 -13.397 -10.853 -32.831 -10.044
2 24 -9.25 -32.053 -13.741 -9.301 -35.22 -13.397
5 24 -9.301 -35.22 -13.397 -10.853 -32.831 -10.044 -9.25 -32.053 -13.741 -10.611 -35.673 -9.646
5 24 -10.853 -32.831 -10.044 -9.25 -32.053 -13.741 -9.301 -35.22 -13.397 -11.956 -31.167 -10.87
5 24 -10.611 -35.673 -9.646 -10.853 -32.831 -10.044 -9.9 -33.61 -4.68 -9.301 -35.22 -13.397
4 16 -10.738 -30.693 -13.49 -9.25 -32.053 -13.741 -10.853 -32.831 -10.044 -11.956 -31.167 -10.87
2 24 -10.738 -30.693 -13.49 -9.25 -32.053 -13.741
5 24 -10.853 -32.831 -10.044 -11.956 -31.167 -10.87 -10.738 -30.693 -13.49 -11.56 -30.31 -7.41
5 24 -11.956 -31.167 -10.87 -10.738 -30.693 -13.49 -10.853 -32.831 -10.044 -12.67 -30.27 -12.72
3 16 -10.738 -30.693 -13.49 -11.956 -31.167 -10.87 -12.67 -30.27 -12.72
5 24 -11.956 -31.167 -10.87 -12.67 -30.27 -12.72 -10.738 -30.693 -13.49 -13.43 -29.91 -11.36
2 24 -12.67 -30.27 -12.72 -10.738 -30.693 -13.49
3 16 -12.67 -30.27 -12.72 -11.956 -31.167 -10.87 -13.43 -29.91 -11.36
5 24 -11.956 -31.167 -10.87 -13.43 -29.91 -11.36 -12.67 -30.27 -12.72 -12.87 -29.86 -9.27
2 24 -13.43 -29.91 -11.36 -12.67 -30.27 -12.72
3 16 -13.43 -29.91 -11.36 -11.956 -31.167 -10.87 -12.87 -29.86 -9.27
5 24 -11.956 -31.167 -10.87 -12.87 -29.86 -9.27 -13.43 -29.91 -11.36 -11.56 -30.31 -7.41
2 24 -12.87 -29.86 -9.27 -13.43 -29.91 -11.36
3 16 -12.87 -29.86 -9.27 -11.956 -31.167 -10.87 -11.56 -30.31 -7.41
5 24 -11.956 -31.167 -10.87 -11.56 -30.31 -7.41 -12.87 -29.86 -9.27 -10.853 -32.831 -10.044
2 24 -11.56 -30.31 -7.41 -12.87 -29.86 -9.27
3 16 -10.61 -31.7 -5.82 -11.56 -30.31 -7.41 -10.853 -32.831 -10.044
2 24 -10.61 -31.7 -5.82 -11.56 -30.31 -7.41
5 24 -11.56 -30.31 -7.41 -10.853 -32.831 -10.044 -10.61 -31.7 -5.82 -11.956 -31.167 -10.87
5 24 -10.853 -32.831 -10.044 -10.61 -31.7 -5.82 -11.56 -30.31 -7.41 -9.9 -33.61 -4.68
3 16 -10.853 -32.831 -10.044 -11.56 -30.31 -7.41 -11.956 -31.167 -10.87
3 16 -10.611 -35.673 -9.646 -9.9 -33.61 -4.68 -10.853 -32.831 -10.044
5 24 -10.611 -35.673 -9.646 -9.9 -33.61 -4.68 -10.853 -32.831 -10.044 -9.855 -36.189 -4.656
5 24 -9.9 -33.61 -4.68 -10.853 -32.831 -10.044 -10.611 -35.673 -9.646 -10.61 -31.7 -5.82
3 16 -10.853 -32.831 -10.044 -9.9 -33.61 -4.68 -10.61 -31.7 -5.82
2 24 -9.9 -33.61 -4.68 -10.61 -31.7 -5.82
3 16 -9.9 -33.61 -4.68 -10.073 -31.259 -5.607 -10.61 -31.7 -5.82
2 24 -9.9 -33.61 -4.68 -10.073 -31.259 -5.607
5 24 -10.073 -31.259 -5.607 -10.61 -31.7 -5.82 -9.9 -33.61 -4.68 -11.56 -30.31 -7.41
3 16 -10.61 -31.7 -5.82 -10.073 -31.259 -5.607 -11.56 -30.31 -7.41
5 24 -10.073 -31.259 -5.607 -11.56 -30.31 -7.41 -10.61 -31.7 -5.82 -10.755 -29.092 -7.212
3 16 -11.56 -30.31 -7.41 -10.073 -31.259 -5.607 -10.755 -29.092 -7.212
2 24 -10.073 -31.259 -5.607 -10.755 -29.092 -7.212
5 24 -10.755 -29.092 -7.212 -11.56 -30.31 -7.41 -10.073 -31.259 -5.607 -12 -27.87 -9.15
3 16 -12.87 -29.86 -9.27 -11.56 -30.31 -7.41 -12 -27.87 -9.15
5 24 -11.56 -30.31 -7.41 -12 -27.87 -9.15 -12.87 -29.86 -9.27 -10.755 -29.092 -7.212
5 24 -12 -27.87 -9.15 -12.87 -29.86 -9.27 -11.56 -30.31 -7.41 -12.78 -27.68 -11.21
3 16 -12 -27.87 -9.15 -11.56 -30.31 -7.41 -10.755 -29.092 -7.212
2 24 -10.755 -29.092 -7.212 -12 -27.87 -9.15
3 16 -13.43 -29.91 -11.36 -12.87 -29.86 -9.27 -12.78 -27.68 -11.21
5 24 -12.87 -29.86 -9.27 -12.78 -27.68 -11.21 -13.43 -29.91 -11.36 -12 -27.87 -9.15
5 24 -12.78 -27.68 -11.21 -13.43 -29.91 -11.36 -11.86 -27.93 -12.59 -12.87 -29.86 -9.27
3 16 -12.78 -27.68 -11.21 -12.87 -29.86 -9.27 -12 -27.87 -9.15
2 24 -12 -27.87 -9.15 -12.78 -27.68 -11.21
3 16 -12.67 -30.27 -12.72 -13.43 -29.91 -11.36 -11.86 -27.93 -12.59
5 24 -13.43 -29.91 -11.36 -11.86 -27.93 -12.59 -12.67 -30.27 -12.72 -12.78 -27.68 -11.21
5 24 -11.86 -27.93 -12.59 -12.67 -30.27 -12.72 -10.738 -30.693 -13.49 -13.43 -29.91 -11.36
3 16 -11.86 -27.93 -12.59 -13.43 -29.91 -11.36 -12.78 -27.68 -11.21
2 24 -12.78 -27.68 -11.21 -11.86 -27.93 -12.59
4 16 -10.853 -32.831 -10.044 -9.301 -35.22 -13.397 -9.082 -38.773 -12.593 -10.611 -35.673 -9.646
5 24 -9.082 -38.773 -12.593 -10.611 -35.673 -9.646 -9.301 -35.22 -13.397 -9.94 -38.69 -9.59
3 16 -10.611 -35.673 -9.646 -9.082 -38.773 -12.593 -9.94 -38.69 -9.59
5 24 -9.082 -38.773 -12.593 -9.94 -38.69 -9.59 -10.611 -35.673 -9.646 -8.22 -41.12 -11.52
5 24 -9.94 -38.69 -9.59 -10.611 -35.673 -9.646 -9.256 -38.932 -5.612 -9.082 -38.773 -12.593
4 16 -10.755 -29.092 -7.212 -10.073 -31.259 -5.607 -6.376 -31.236 -5.109 -6.684 -28.892 -6.763
5 24 -10.073 -31.259 -5.607 -6.376 -31.236 -5.109 -6.684 -28.892 -6.763 -9.9 -33.61 -4.68
5 24 -6.684 -28.892 -6.763 -10.755 -29.092 -7.212 -10.073 -31.259 -5.607 -6.57 -27.37 -9.02
3 16 -7.28 -31.79 -14.03 -7.9 -35.12 -13.71 -9.25 -32.053 -13.741
5 24 -7.9 -35.12 -13.71 -9.25 -32.053 -13.741 -7.28 -31.79 -14.03 -9.301 -35.22 -13.397
5 24 -9.25 -32.053 -13.741 -7.28 -31.79 -14.03 -7.9 -35.12 -13.71 -8.86 -28.52 -13.41
3 16 -9.25 -32.053 -13.741 -7.9 -35.12 -13.71 -9.301 -35.22 -13.397
3 16 -8.86 -28.52 -13.41 -10.738 -30.693 -13.49 -11.86 -27.93 -12.59
5 24 -8.86 -28.52 -13.41 -10.738 -30.693 -13.49 -11.86 -27.93 -12.59 -9.25 -32.053 -13.741
5 24 -10.738 -30.693 -13.49 -11.86 -27.93 -12.59 -8.86 -28.52 -13.41 -12.67 -30.27 -12.72
2 24 -11.86 -27.93 -12.59 -8.86 -28.52 -13.41
3 16 -11.86 -27.93 -12.59 -10.738 -30.693 -13.49 -12.67 -30.27 -12.72
3 16 -7.28 -31.79 -14.03 -9.25 -32.053 -13.741 -8.86 -28.52 -13.41
5 24 -9.25 -32.053 -13.741 -8.86 -28.52 -13.41 -7.28 -31.79 -14.03 -10.738 -30.693 -13.49
5 24 -8.86 -28.52 -13.41 -7.28 -31.79 -14.03 -9.25 -32.053 -13.741 -6.63 -29.77 -14.05
3 16 -8.86 -28.52 -13.41 -9.25 -32.053 -13.741 -10.738 -30.693 -13.49
3 16 -6.02 -28.44 -13.61 -6.63 -29.77 -14.05 -8.86 -28.52 -13.41
5 24 -6.63 -29.77 -14.05 -8.86 -28.52 -13.41 -6.02 -28.44 -13.61 -7.28 -31.79 -14.03
2 24 -8.86 -28.52 -13.41 -6.02 -28.44 -13.61
3 16 -7.74 -38.59 -13.06 -7.9 -35.12 -13.71 -7.38 -38.19 -14.73
5 24 -7.9 -35.12 -13.71 -7.38 -38.19 -14.73 -7.74 -38.59 -13.06 -7.48 -35.93 -15.29
3 16 -7.38 -38.19 -14.73 -7.9 -35.12 -13.71 -7.48 -35.93 -15.29
3 16 -8.22 -41.12 -11.52 -7.73 -41.78 -9.93 -8.56 -40.9 -7.62
5 24 -8.56 -40.9 -7.62 -8.22 -41.12 -11.52 -9.94 -38.69 -9.59 -7.73 -41.78 -9.93
5 24 -9.94 -38.69 -9.59 -8.22 -41.12 -11.52 -9.082 -38.773 -12.593 -8.56 -40.9 -7.62
3 16 -8.22 -41.12 -11.52 -9.94 -38.69 -9.59 -9.082 -38.773 -12.593
3 16 0 -36.76 -2.04 -4.27 -36.4 -2.69 0 -40.34 -3.71
5 24 -4.27 -36.4 -2.69 0 -40.34 -3.71 0 -36.76 -2.04 -4.64 -39.7 -4.38
3 16 0 -40.34 -3.71 -4.27 -36.4 -2.69 -4.64 -39.7 -4.38
5 24 -4.64 -39.7 -4.38 0 -40.34 -3.71 0 -42.39 -6.35 -4.27 -36.4 -2.69
3 16 -4.64 -39.7 -4.38 -6.115 -39.034 -5.142 -5.02 -41.58 -6.83
5 24 -6.115 -39.034 -5.142 -5.02 -41.58 -6.83 -4.64 -39.7 -4.38 -6.15 -40.99 -7.23
2 24 -5.02 -41.58 -6.83 -4.64 -39.7 -4.38
3 16 -5.02 -41.58 -6.83 -6.115 -39.034 -5.142 -6.15 -40.99 -7.23
3 16 0 -40.34 -3.71 -4.64 -39.7 -4.38 0 -42.39 -6.35
5 24 -4.64 -39.7 -4.38 0 -42.39 -6.35 0 -40.34 -3.71 -5.02 -41.58 -6.83
3 16 0 -42.39 -6.35 -4.64 -39.7 -4.38 -5.02 -41.58 -6.83
3 16 -9.256 -38.932 -5.612 -9.94 -38.69 -9.59 -8.56 -40.9 -7.62
5 24 -9.256 -38.932 -5.612 -9.94 -38.69 -9.59 -8.56 -40.9 -7.62 -10.611 -35.673 -9.646
5 24 -9.94 -38.69 -9.59 -8.56 -40.9 -7.62 -9.256 -38.932 -5.612 -8.22 -41.12 -11.52
3 16 -8.56 -40.9 -7.62 -9.94 -38.69 -9.59 -8.22 -41.12 -11.52
3 16 -9.94 -38.69 -9.59 -9.256 -38.932 -5.612 -10.611 -35.673 -9.646
5 24 -9.256 -38.932 -5.612 -10.611 -35.673 -9.646 -9.94 -38.69 -9.59 -9.855 -36.189 -4.656
3 16 -10.611 -35.673 -9.646 -9.256 -38.932 -5.612 -9.855 -36.189 -4.656
5 24 -9.855 -36.189 -4.656 -10.611 -35.673 -9.646 -9.256 -38.932 -5.612 -9.9 -33.61 -4.68
3 16 -9.855 -36.189 -4.656 -9.9 -33.61 -4.68 -10.611 -35.673 -9.646
3 16 -6.23 -33.57 -4.28 -6.376 -31.236 -5.109 -9.9 -33.61 -4.68
5 24 -6.376 -31.236 -5.109 -9.9 -33.61 -4.68 -6.23 -33.57 -4.28 -10.073 -31.259 -5.607
3 16 -9.9 -33.61 -4.68 -6.376 -31.236 -5.109 -10.073 -31.259 -5.607
3 16 -4.193 -16.7 -13.998 -2.61 -25.875 -14.359 -6.19 -21.37 -10.61
5 24 -2.61 -25.875 -14.359 -6.19 -21.37 -10.61 -4.193 -16.7 -13.998 -6.16 -27.12 -11.66
5 24 -6.19 -21.37 -10.61 -4.193 -16.7 -13.998 -2.61 -25.875 -14.359 -9.58 -15.77 -8.99
3 16 -6.19 -21.37 -10.61 -2.61 -25.875 -14.359 -6.16 -27.12 -11.66
5 24 -2.61 -25.875 -14.359 -6.16 -27.12 -11.66 -6.19 -21.37 -10.61 -2.63 -27.1 -14.99
5 24 -6.16 -27.12 -11.66 -6.19 -21.37 -10.61 -2.61 -25.875 -14.359 -7.158 -23.709 -7.446
5 24 -7.129 -25.208 -4.321 -8.969 -22.641 -3.04 -8.797 -21.591 -6.008 -4.213 -24.923 3.196
4 16 -8.969 -22.641 -3.04 -8.797 -21.591 -6.008 -7.158 -23.709 -7.446 -7.129 -25.208 -4.321
5 24 -8.797 -21.591 -6.008 -7.158 -23.709 -7.446 -7.129 -25.208 -4.321 -9.13 -19.06 -7.75
3 16 -9.485 -21.641 5.129 -8.969 -22.641 -3.04 -4.213 -24.923 3.196
2 24 -9.485 -21.641 5.129 -8.969 -22.641 -3.04
5 24 -8.969 -22.641 -3.04 -4.213 -24.923 3.196 -9.485 -21.641 5.129 -7.129 -25.208 -4.321
5 24 -4.213 -24.923 3.196 -9.485 -21.641 5.129 -8.969 -22.641 -3.04 -4.705 -24.27 5.95
3 16 -4.213 -24.923 3.196 -8.969 -22.641 -3.04 -7.129 -25.208 -4.321
5 24 -7.129 -25.208 -4.321 -4.213 -24.923 3.196 -8.969 -22.641 -3.04 -3.921 -26.527 .943
3 16 -8.797 -21.591 -6.008 -9.13 -19.06 -7.75 -7.158 -23.709 -7.446
5 24 -9.13 -19.06 -7.75 -7.158 -23.709 -7.446 -8.797 -21.591 -6.008 -6.19 -21.37 -10.61
3 16 -7.158 -23.709 -7.446 -9.13 -19.06 -7.75 -6.19 -21.37 -10.61
5 24 -9.13 -19.06 -7.75 -6.19 -21.37 -10.61 -7.158 -23.709 -7.446 -9.58 -15.77 -8.99
5 24 -6.19 -21.37 -10.61 -7.158 -23.709 -7.446 -6.16 -27.12 -11.66 -9.13 -19.06 -7.75
3 16 -6.19 -21.37 -10.61 -9.13 -19.06 -7.75 -9.58 -15.77 -8.99
5 24 -6.19 -21.37 -10.61 -9.58 -15.77 -8.99 -9.13 -19.06 -7.75 -4.193 -16.7 -13.998
2 24 -4.213 -24.923 3.196 -3.921 -26.527 .943
2 24 -4.705 -24.27 5.95 -4.213 -24.923 3.196
3 16 -4.213 -24.923 3.196 -4.705 -24.27 5.95 -9.485 -21.641 5.129
5 24 -4.705 -24.27 5.95 -9.485 -21.641 5.129 -4.213 -24.923 3.196 -5.717 -24 11.558
3 16 -9.575 -17.327 1.215 -9.13 -19.06 -7.75 -8.969 -22.641 -3.04
5 24 -9.575 -17.327 1.215 -9.13 -19.06 -7.75 -8.969 -22.641 -3.04 -9.58 -15.77 -8.99
5 24 -9.13 -19.06 -7.75 -8.969 -22.641 -3.04 -9.575 -17.327 1.215 -8.797 -21.591 -6.008
5 24 -8.969 -22.641 -3.04 -9.575 -17.327 1.215 -9.13 -19.06 -7.75 -9.485 -21.641 5.129
3 16 -8.969 -22.641 -3.04 -9.13 -19.06 -7.75 -8.797 -21.591 -6.008
3 16 -9.672 -13.304 2.005 -9.07 -12.72 -8.2 -9.575 -17.327 1.215
5 24 -9.672 -13.304 2.005 -9.07 -12.72 -8.2 -9.575 -17.327 1.215 -8.1 -9.58 -6.35
5 24 -9.07 -12.72 -8.2 -9.575 -17.327 1.215 -9.672 -13.304 2.005 -9.58 -15.77 -8.99
5 24 -9.575 -17.327 1.215 -9.672 -13.304 2.005 -9.07 -12.72 -8.2 -9.623 -14.33 9.863
3 16 -9.575 -17.327 1.215 -9.07 -12.72 -8.2 -9.58 -15.77 -8.99
2 24 -9.07 -12.72 -8.2 -9.58 -15.77 -8.99
5 24 -9.58 -15.77 -8.99 -9.575 -17.327 1.215 -9.07 -12.72 -8.2 -9.13 -19.06 -7.75
3 16 -9.07 -12.72 -8.2 -9.672 -13.304 2.005 -8.1 -9.58 -6.35
5 24 -9.672 -13.304 2.005 -8.1 -9.58 -6.35 -9.07 -12.72 -8.2 -9.17 -10.04 1.5
2 24 -8.1 -9.58 -6.35 -9.07 -12.72 -8.2
3 16 -8.1 -9.58 -6.35 -9.672 -13.304 2.005 -9.17 -10.04 1.5
2 24 -9.672 -13.304 2.005 -9.17 -10.04 1.5
5 24 -9.17 -10.04 1.5 -8.1 -9.58 -6.35 -9.672 -13.304 2.005 -8.11 -7.32 .73
3 16 -9.575 -17.327 1.215 -8.969 -22.641 -3.04 -9.485 -21.641 5.129
5 24 -9.485 -21.641 5.129 -9.575 -17.327 1.215 -8.969 -22.641 -3.04 -9.623 -14.33 9.863
3 16 -4.684 -14.13 -13.025 -9.58 -15.77 -8.99 -9.07 -12.72 -8.2
5 24 -4.684 -14.13 -13.025 -9.58 -15.77 -8.99 -4.193 -16.7 -13.998 -9.07 -12.72 -8.2
5 24 -9.07 -12.72 -8.2 -4.684 -14.13 -13.025 -5.009 -11.724 -10.698 -9.58 -15.77 -8.99
2 24 -5.009 -11.724 -10.698 -4.684 -14.13 -13.025
3 16 -9.07 -12.72 -8.2 -5.009 -11.724 -10.698 -4.684 -14.13 -13.025
5 24 -9.07 -12.72 -8.2 -5.009 -11.724 -10.698 -4.942 -8.809 -7.955 -4.684 -14.13 -13.025
3 16 0 -13.98 -13.28 -4.684 -14.13 -13.025 0 -11.624 -11.143
5 24 -4.684 -14.13 -13.025 0 -11.624 -11.143 0 -13.98 -13.28 -5.009 -11.724 -10.698
4 16 0 -11.624 -11.143 -4.684 -14.13 -13.025 -5.009 -11.724 -10.698 -1.209 -9.125 -8.625
5 24 0 -11.624 -11.143 -1.209 -9.125 -8.625 0 -9.5 -8.98 -4.684 -14.13 -13.025
3 16 0 -9.5 -8.98 0 -11.624 -11.143 -1.209 -9.125 -8.625
2 24 -1.209 -9.125 -8.625 0 -9.5 -8.98
3 16 -2.31 -7.86 -7.69 -1.209 -9.125 -8.625 -4.942 -8.809 -7.955
2 24 -2.31 -7.86 -7.69 -1.209 -9.125 -8.625
5 24 -1.209 -9.125 -8.625 -4.942 -8.809 -7.955 -2.31 -7.86 -7.69 -5.009 -11.724 -10.698
5 24 -4.942 -8.809 -7.955 -2.31 -7.86 -7.69 -1.209 -9.125 -8.625 -2.648 -6.221 -7.032
3 16 -4.942 -8.809 -7.955 -1.209 -9.125 -8.625 -5.009 -11.724 -10.698
2 24 -5.009 -11.724 -10.698 -4.942 -8.809 -7.955
3 16 -5.009 -11.724 -10.698 -9.07 -12.72 -8.2 -4.942 -8.809 -7.955
5 24 -9.07 -12.72 -8.2 -4.942 -8.809 -7.955 -5.009 -11.724 -10.698 -8.1 -9.58 -6.35
3 16 -4.942 -8.809 -7.955 -9.07 -12.72 -8.2 -8.1 -9.58 -6.35
5 24 -8.1 -9.58 -6.35 -4.942 -8.809 -7.955 -9.07 -12.72 -8.2 -5.45 -6.26 -7.01
3 16 -7.97 -6.45 -5.29 -8.1 -9.58 -6.35 -8.11 -7.32 .73
2 24 -7.97 -6.45 -5.29 -8.1 -9.58 -6.35
5 24 -8.1 -9.58 -6.35 -8.11 -7.32 .73 -7.97 -6.45 -5.29 -9.17 -10.04 1.5
5 24 -8.11 -7.32 .73 -7.97 -6.45 -5.29 -8.1 -9.58 -6.35 -7.97 -5.4 1.49
3 16 -8.11 -7.32 .73 -8.1 -9.58 -6.35 -9.17 -10.04 1.5
2 24 -9.17 -10.04 1.5 -8.11 -7.32 .73
3 16 -9.693 -8.975 5.865 -9.672 -13.304 2.005 -9.623 -14.33 9.863
2 24 -9.693 -8.975 5.865 -9.672 -13.304 2.005
5 24 -9.672 -13.304 2.005 -9.623 -14.33 9.863 -9.693 -8.975 5.865 -9.575 -17.327 1.215
5 24 -9.623 -14.33 9.863 -9.693 -8.975 5.865 -9.672 -13.304 2.005 -9.537 -6.937 9.383
4 16 -9.485 -21.641 5.129 -9.623 -14.33 9.863 -9.672 -13.304 2.005 -9.575 -17.327 1.215
4 16 -9.693 -8.975 5.865 -9.623 -14.33 9.863 -9.319 -7.032 14.626 -9.537 -6.937 9.383
2 24 -9.319 -7.032 14.626 -9.537 -6.937 9.383
3 16 -9.319 -7.032 14.626 -9.623 -14.33 9.863 -9.185 -14.095 19.149
5 24 -9.623 -14.33 9.863 -9.185 -14.095 19.149 -9.319 -7.032 14.626 -9.442 -21.245 11.281
5 24 -9.185 -14.095 19.149 -9.319 -7.032 14.626 -9.623 -14.33 9.863 -8.386 -11.676 31.403
3 16 -9.485 -21.641 5.129 -4.705 -24.27 5.95 -5.717 -24 11.558
2 24 -9.442 -21.245 11.281 -9.485 -21.641 5.129
5 24 -5.717 -24 11.558 -9.485 -21.641 5.129 -9.442 -21.245 11.281 -4.705 -24.27 5.95
5 24 -5.717 -24 11.558 -9.442 -21.245 11.281 -7.03 -24 20.237 -9.485 -21.641 5.129
3 16 -5.717 -24 11.558 -9.442 -21.245 11.281 -9.485 -21.641 5.129
3 16 -9.623 -14.33 9.863 -9.485 -21.641 5.129 -9.442 -21.245 11.281
5 24 -9.442 -21.245 11.281 -9.623 -14.33 9.863 -9.485 -21.641 5.129 -9.185 -14.095 19.149
3 16 -9.623 -14.33 9.863 -9.442 -21.245 11.281 -9.185 -14.095 19.149
5 24 -9.442 -21.245 11.281 -9.185 -14.095 19.149 -9.623 -14.33 9.863 -9.44 -21.14 20.05
3 16 -9.185 -14.095 19.149 -9.442 -21.245 11.281 -9.44 -21.14 20.05
2 24 -9.442 -21.245 11.281 -9.44 -21.14 20.05
5 24 -9.44 -21.14 20.05 -9.185 -14.095 19.149 -9.442 -21.245 11.281 -8.759 -15.608 29.82
3 16 -9.44 -21.14 20.05 -9.442 -21.245 11.281 -7.03 -24 20.237
5 24 -9.442 -21.245 11.281 -7.03 -24 20.237 -9.44 -21.14 20.05 -5.717 -24 11.558
5 24 -7.03 -24 20.237 -9.44 -21.14 20.05 -9.442 -21.245 11.281 -8.89 -21.33 29.89
3 16 -7.03 -24 20.237 -9.442 -21.245 11.281 -5.717 -24 11.558
3 16 -8.86 -28.52 -13.41 -6.16 -27.12 -11.66 -6.02 -28.44 -13.61
5 24 -8.86 -28.52 -13.41 -6.16 -27.12 -11.66 -6.02 -28.44 -13.61 -12.78 -27.68 -11.21
2 24 -6.16 -27.12 -11.66 -6.02 -28.44 -13.61
3 16 -12 -27.87 -9.15 -10.755 -29.092 -7.212 -6.57 -27.37 -9.02
5 24 -10.755 -29.092 -7.212 -6.57 -27.37 -9.02 -12 -27.87 -9.15 -6.684 -28.892 -6.763
5 24 -6.57 -27.37 -9.02 -12 -27.87 -9.15 -6.16 -27.12 -11.66 -10.755 -29.092 -7.212
3 16 -6.57 -27.37 -9.02 -10.755 -29.092 -7.212 -6.684 -28.892 -6.763
3 16 -6.57 -27.37 -9.02 -6.16 -27.12 -11.66 -12 -27.87 -9.15
2 24 -6.57 -27.37 -9.02 -6.16 -27.12 -11.66
5 24 -6.16 -27.12 -11.66 -12 -27.87 -9.15 -6.57 -27.37 -9.02 -12.78 -27.68 -11.21
3 16 -12 -27.87 -9.15 -6.16 -27.12 -11.66 -12.78 -27.68 -11.21
5 24 -6.16 -27.12 -11.66 -12.78 -27.68 -11.21 -8.86 -28.52 -13.41 -12 -27.87 -9.15
3 16 -2.63 -27.1 -14.99 -2.61 -25.875 -14.359 0 -26.94 -15.1
5 24 -2.61 -25.875 -14.359 0 -26.94 -15.1 -2.63 -27.1 -14.99 0 -25.852 -14.469
3 16 0 -26.94 -15.1 -2.61 -25.875 -14.359 0 -25.852 -14.469
3 16 -6.16 -27.12 -11.66 -2.61 -25.875 -14.359 -2.63 -27.1 -14.99
5 24 -6.16 -27.12 -11.66 -2.63 -27.1 -14.99 -2.61 -25.875 -14.359 -6.02 -28.44 -13.61
3 16 -2.63 -27.1 -14.99 -6.02 -28.44 -13.61 -6.16 -27.12 -11.66
5 24 -2.63 -27.1 -14.99 -6.02 -28.44 -13.61 -4.6 -28.05 -15.14 -6.16 -27.12 -11.66
3 16 -2.63 -27.1 -14.99 -4.6 -28.05 -15.14 -6.02 -28.44 -13.61
3 16 -6.57 -27.37 -9.02 -7.158 -23.709 -7.446 -6.16 -27.12 -11.66
5 24 -7.158 -23.709 -7.446 -6.16 -27.12 -11.66 -6.57 -27.37 -9.02 -6.19 -21.37 -10.61
3 16 -6.16 -27.12 -11.66 -7.158 -23.709 -7.446 -6.19 -21.37 -10.61
3 16 -9.17 -10.04 1.5 -9.672 -13.304 2.005 -8.4 -10.26 2.46
2 24 -9.672 -13.304 2.005 -8.4 -10.26 2.46
5 24 -8.4 -10.26 2.46 -9.17 -10.04 1.5 -9.672 -13.304 2.005 -6.93 -7.85 2.22
3 16 -9.672 -13.304 2.005 -9.693 -8.975 5.865 -8.4 -10.26 2.46
5 24 -9.693 -8.975 5.865 -8.4 -10.26 2.46 -9.672 -13.304 2.005 -6.93 -7.85 2.22
3 16 -2.31 -7.86 -7.69 -4.942 -8.809 -7.955 -2.648 -6.221 -7.032
5 24 -4.942 -8.809 -7.955 -2.648 -6.221 -7.032 -2.31 -7.86 -7.69 -5.45 -6.26 -7.01
2 24 -2.648 -6.221 -7.032 -2.31 -7.86 -7.69
3 16 -2.648 -6.221 -7.032 -4.942 -8.809 -7.955 -5.45 -6.26 -7.01
2 24 -4.942 -8.809 -7.955 -5.45 -6.26 -7.01
5 24 -5.45 -6.26 -7.01 -2.648 -6.221 -7.032 -2.776 -4.983 -8.096 -4.942 -8.809 -7.955
3 16 -7.97 -6.45 -5.29 -5.45 -6.26 -7.01 -8.1 -9.58 -6.35
5 24 -7.97 -6.45 -5.29 -5.45 -6.26 -7.01 -8.1 -9.58 -6.35 -6.31 -5.03 -7.85
5 24 -5.45 -6.26 -7.01 -8.1 -9.58 -6.35 -7.97 -6.45 -5.29 -4.942 -8.809 -7.955
3 16 -8.1 -9.58 -6.35 -5.45 -6.26 -7.01 -4.942 -8.809 -7.955
3 16 -8.11 -7.32 .73 -9.17 -10.04 1.5 -6.93 -7.85 2.22
5 24 -9.17 -10.04 1.5 -6.93 -7.85 2.22 -8.11 -7.32 .73 -8.4 -10.26 2.46
5 24 -6.93 -7.85 2.22 -8.11 -7.32 .73 -9.17 -10.04 1.5 -7.97 -5.4 1.49
3 16 -6.93 -7.85 2.22 -9.17 -10.04 1.5 -8.4 -10.26 2.46
2 24 -8.4 -10.26 2.46 -6.93 -7.85 2.22
3 16 -9.185 -14.095 19.149 -9.44 -21.14 20.05 -8.759 -15.608 29.82
5 24 -9.44 -21.14 20.05 -8.759 -15.608 29.82 -9.185 -14.095 19.149 -8.89 -21.33 29.89
5 24 -8.759 -15.608 29.82 -9.185 -14.095 19.149 -9.44 -21.14 20.05 -8.386 -11.676 31.403
3 16 -8.759 -15.608 29.82 -9.44 -21.14 20.05 -8.89 -21.33 29.89
2 24 -9.44 -21.14 20.05 -8.89 -21.33 29.89
5 24 -8.89 -21.33 29.89 -8.759 -15.608 29.82 -9.44 -21.14 20.05 -8.897 -15.536 34.301
3 16 -9.44 -21.14 20.05 -7.03 -24 20.237 -8.89 -21.33 29.89
5 24 -7.03 -24 20.237 -8.89 -21.33 29.89 -9.44 -21.14 20.05 -6.059 -24 30.154
3 16 -8.89 -21.33 29.89 -7.03 -24 20.237 -6.059 -24 30.154
5 24 -6.059 -24 30.154 -8.89 -21.33 29.89 -7.03 -24 20.237 -9.232 -21.586 37.214
3 16 -9.693 -8.975 5.865 -9.537 -6.937 9.383 -6.07 -4.67 5.41
2 24 -9.693 -8.975 5.865 -9.537 -6.937 9.383
5 24 -9.537 -6.937 9.383 -6.07 -4.67 5.41 -9.693 -8.975 5.865 -6.207 -3.7 8.804
5 24 -6.07 -4.67 5.41 -9.693 -8.975 5.865 -9.537 -6.937 9.383 -6.93 -7.85 2.22
3 16 -6.07 -4.67 5.41 -9.537 -6.937 9.383 -6.207 -3.7 8.804
5 24 -9.537 -6.937 9.383 -6.207 -3.7 8.804 -6.07 -4.67 5.41 -6.056 -3.85 13.602
2 24 -6.207 -3.7 8.804 -6.07 -4.67 5.41
3 16 -8.4 -10.26 2.46 -9.693 -8.975 5.865 -6.93 -7.85 2.22
5 24 -9.693 -8.975 5.865 -6.93 -7.85 2.22 -8.4 -10.26 2.46 -6.07 -4.67 5.41
3 16 -6.93 -7.85 2.22 -9.693 -8.975 5.865 -6.07 -4.67 5.41
5 24 -6.07 -4.67 5.41 -6.93 -7.85 2.22 -9.693 -8.975 5.865 -5.72 -6.1 2.61
2 24 -7.607 -3.75 -9.443 -9.51 0 -9.372
4 16 -9.51 0 -9.372 -3.148 0 -9.512 -2.872 -3.774 -9.537 -7.607 -3.75 -9.443
2 24 -3.148 0 -9.512 -2.872 -3.774 -9.537
2 24 -2.872 -3.774 -9.537 -7.607 -3.75 -9.443
3 16 -9.51 0 -9.372 -9.04 -3.84 -8.2 -9.161 0 1.187
2 24 -9.51 0 -9.372 -9.04 -3.84 -8.2
5 24 -9.04 -3.84 -8.2 -9.161 0 1.187 -9.51 0 -9.372 -8.82 -4.06 1.42
3 16 -9.161 0 1.187 -9.04 -3.84 -8.2 -8.82 -4.06 1.42
5 24 -9.04 -3.84 -8.2 -8.82 -4.06 1.42 -9.161 0 1.187 -8.64 -5.02 -6.26
2 24 -8.82 -4.06 1.42 -9.161 0 1.187
4 16 -6.207 -3.7 8.804 -9.537 -6.937 9.383 -9.319 -7.032 14.626 -6.056 -3.85 13.602
5 24 -9.319 -7.032 14.626 -6.056 -3.85 13.602 -9.537 -6.937 9.383 -5.87 -8.45 31.39
2 24 -6.056 -3.85 13.602 -6.207 -3.7 8.804
3 16 -6.056 -3.85 13.602 -9.319 -7.032 14.626 -5.87 -8.45 31.39
5 24 -9.319 -7.032 14.626 -5.87 -8.45 31.39 -6.056 -3.85 13.602 -8.386 -11.676 31.403
2 24 -5.87 -8.45 31.39 -6.056 -3.85 13.602
3 16 -5.87 -8.45 31.39 -9.319 -7.032 14.626 -8.386 -11.676 31.403
2 24 -9.319 -7.032 14.626 -8.386 -11.676 31.403
5 24 -8.386 -11.676 31.403 -5.87 -8.45 31.39 -9.319 -7.032 14.626 -5.975 -8.074 32.825
3 16 -8.759 -15.608 29.82 -8.386 -11.676 31.403 -9.185 -14.095 19.149
5 24 -8.759 -15.608 29.82 -8.386 -11.676 31.403 -9.185 -14.095 19.149 -8.897 -15.536 34.301
5 24 -8.386 -11.676 31.403 -9.185 -14.095 19.149 -8.759 -15.608 29.82 -9.319 -7.032 14.626
3 16 -9.185 -14.095 19.149 -8.386 -11.676 31.403 -9.319 -7.032 14.626
3 16 -8.456 -11.818 33.242 -5.975 -8.074 32.825 -8.386 -11.676 31.403
5 24 -8.456 -11.818 33.242 -5.975 -8.074 32.825 -8.386 -11.676 31.403 -8.658 -10.214 35.581
5 24 -5.975 -8.074 32.825 -8.386 -11.676 31.403 -8.456 -11.818 33.242 -5.87 -8.45 31.39
2 24 -8.386 -11.676 31.403 -8.456 -11.818 33.242
3 16 -8.386 -11.676 31.403 -5.975 -8.074 32.825 -5.87 -8.45 31.39
2 24 -5.975 -8.074 32.825 -5.87 -8.45 31.39
4 16 -8.456 -11.818 33.242 -8.658 -10.214 35.581 -6.088 -7.056 34.279 -5.975 -8.074 32.825
2 24 -8.456 -11.818 33.242 -8.658 -10.214 35.581
5 24 -8.658 -10.214 35.581 -6.088 -7.056 34.279 -5.975 -8.074 32.825 -7.17 -7.46 37.88
2 24 -6.088 -7.056 34.279 -5.975 -8.074 32.825
3 16 -9.025 -9.467 38.705 -7.17 -7.46 37.88 -8.658 -10.214 35.581
5 24 -9.025 -9.467 38.705 -7.17 -7.46 37.88 -8.658 -10.214 35.581 -7.38 -7.15 39.98
5 24 -7.17 -7.46 37.88 -8.658 -10.214 35.581 -9.025 -9.467 38.705 -6.088 -7.056 34.279
2 24 -8.658 -10.214 35.581 -9.025 -9.467 38.705
3 16 -8.658 -10.214 35.581 -7.17 -7.46 37.88 -6.088 -7.056 34.279
2 24 -7.17 -7.46 37.88 -6.088 -7.056 34.279
3 16 -8.97 -8.89 40.48 -7.38 -7.15 39.98 -9.025 -9.467 38.705
5 24 -8.97 -8.89 40.48 -7.38 -7.15 39.98 -8.55 -7.01 40.88 -9.025 -9.467 38.705
5 24 -7.38 -7.15 39.98 -9.025 -9.467 38.705 -8.97 -8.89 40.48 -7.17 -7.46 37.88
2 24 -9.025 -9.467 38.705 -8.97 -8.89 40.48
3 16 -9.025 -9.467 38.705 -7.38 -7.15 39.98 -7.17 -7.46 37.88
2 24 -7.38 -7.15 39.98 -7.17 -7.46 37.88
3 16 -8.97 -8.89 40.48 -8.55 -7.01 40.88 -7.38 -7.15 39.98
2 24 -8.97 -8.89 40.48 -8.55 -7.01 40.88
5 24 -8.55 -7.01 40.88 -7.38 -7.15 39.98 -8.97 -8.89 40.48 -7.58 -5.86 40.15
3 16 -7.38 -7.15 39.98 -8.55 -7.01 40.88 -7.58 -5.86 40.15
5 24 -8.55 -7.01 40.88 -7.58 -5.86 40.15 -7.38 -7.15 39.98 -8.66 -5.01 39.83
2 24 -7.58 -5.86 40.15 -7.38 -7.15 39.98
3 16 -8.55 -7.01 40.88 -8.66 -5.01 39.83 -7.58 -5.86 40.15
2 24 -8.55 -7.01 40.88 -8.66 -5.01 39.83
3 16 -8.11 -7.32 .73 -6.93 -7.85 2.22 -7.97 -5.4 1.49
5 24 -6.93 -7.85 2.22 -7.97 -5.4 1.49 -5.72 -6.1 2.61 -8.11 -7.32 .73
2 24 -7.97 -5.4 1.49 -8.11 -7.32 .73
3 16 -7.97 -5.4 1.49 -6.93 -7.85 2.22 -5.72 -6.1 2.61
2 24 -6.93 -7.85 2.22 -5.72 -6.1 2.61
5 24 -5.72 -6.1 2.61 -7.97 -5.4 1.49 -6.93 -7.85 2.22 -6.068 -5.245 1.706
3 16 -9.04 -3.84 -8.2 -8.64 -5.02 -6.26 -8.82 -4.06 1.42
2 24 -9.04 -3.84 -8.2 -8.64 -5.02 -6.26
5 24 -8.64 -5.02 -6.26 -8.82 -4.06 1.42 -9.04 -3.84 -8.2 -7.97 -5.4 1.49
3 16 -8.82 -4.06 1.42 -8.64 -5.02 -6.26 -7.97 -5.4 1.49
5 24 -8.64 -5.02 -6.26 -7.97 -5.4 1.49 -8.82 -4.06 1.42 -7.97 -6.45 -5.29
2 24 -7.97 -5.4 1.49 -8.82 -4.06 1.42
3 16 -7.607 -3.75 -9.443 -6.31 -5.03 -7.85 -9.04 -3.84 -8.2
2 24 -7.607 -3.75 -9.443 -6.31 -5.03 -7.85
5 24 -6.31 -5.03 -7.85 -9.04 -3.84 -8.2 -7.607 -3.75 -9.443 -8.64 -5.02 -6.26
2 24 -9.04 -3.84 -8.2 -7.607 -3.75 -9.443
3 16 -9.04 -3.84 -8.2 -6.31 -5.03 -7.85 -8.64 -5.02 -6.26
5 24 -6.31 -5.03 -7.85 -8.64 -5.02 -6.26 -9.04 -3.84 -8.2 -7.97 -6.45 -5.29
3 16 -7.607 -3.75 -9.443 -2.872 -3.774 -9.537 -6.31 -5.03 -7.85
5 24 -2.872 -3.774 -9.537 -6.31 -5.03 -7.85 -7.607 -3.75 -9.443 -2.776 -4.983 -8.096
3 16 -6.31 -5.03 -7.85 -2.872 -3.774 -9.537 -2.776 -4.983 -8.096
2 24 -2.872 -3.774 -9.537 -2.776 -4.983 -8.096
5 24 -2.776 -4.983 -8.096 -6.31 -5.03 -7.85 -2.872 -3.774 -9.537 -5.45 -6.26 -7.01
3 16 -2.648 -6.221 -7.032 -5.45 -6.26 -7.01 -2.776 -4.983 -8.096
5 24 -5.45 -6.26 -7.01 -2.776 -4.983 -8.096 -2.648 -6.221 -7.032 -6.31 -5.03 -7.85
2 24 -2.776 -4.983 -8.096 -2.648 -6.221 -7.032
3 16 -2.776 -4.983 -8.096 -5.45 -6.26 -7.01 -6.31 -5.03 -7.85
2 24 -5.45 -6.26 -7.01 -6.31 -5.03 -7.85
3 16 -5.45 -6.26 -7.01 -7.97 -6.45 -5.29 -6.31 -5.03 -7.85
5 24 -7.97 -6.45 -5.29 -6.31 -5.03 -7.85 -5.45 -6.26 -7.01 -8.64 -5.02 -6.26
3 16 -6.31 -5.03 -7.85 -7.97 -6.45 -5.29 -8.64 -5.02 -6.26
2 24 -7.97 -6.45 -5.29 -8.64 -5.02 -6.26
3 16 -8.64 -5.02 -6.26 -7.97 -6.45 -5.29 -7.97 -5.4 1.49
5 24 -7.97 -6.45 -5.29 -7.97 -5.4 1.49 -8.11 -7.32 .73 -8.64 -5.02 -6.26
3 16 -7.97 -5.4 1.49 -7.97 -6.45 -5.29 -8.11 -7.32 .73
3 16 -8.759 -15.608 29.82 -8.89 -21.33 29.89 -8.897 -15.536 34.301
5 24 -8.89 -21.33 29.89 -8.897 -15.536 34.301 -8.759 -15.608 29.82 -9.232 -21.586 37.214
5 24 -8.897 -15.536 34.301 -8.759 -15.608 29.82 -8.89 -21.33 29.89 -8.456 -11.818 33.242
3 16 -8.897 -15.536 34.301 -8.89 -21.33 29.89 -9.232 -21.586 37.214
2 24 -8.89 -21.33 29.89 -9.232 -21.586 37.214
5 24 -9.232 -21.586 37.214 -8.897 -15.536 34.301 -8.89 -21.33 29.89 -9.311 -14.602 37.554
3 16 -8.897 -15.536 34.301 -9.232 -21.586 37.214 -9.311 -14.602 37.554
5 24 -9.232 -21.586 37.214 -9.311 -14.602 37.554 -8.897 -15.536 34.301 -9.514 -21.275 40.14
5 24 -9.311 -14.602 37.554 -8.897 -15.536 34.301 -9.232 -21.586 37.214 -8.456 -11.818 33.242
3 16 -9.311 -14.602 37.554 -9.232 -21.586 37.214 -9.514 -21.275 40.14
2 24 -9.232 -21.586 37.214 -9.514 -21.275 40.14
5 24 -9.514 -21.275 40.14 -9.311 -14.602 37.554 -9.232 -21.586 37.214 -9.669 -20.105 42.508
3 16 -9.311 -14.602 37.554 -9.514 -21.275 40.14 -9.669 -20.105 42.508
2 24 -9.514 -21.275 40.14 -9.669 -20.105 42.508
5 24 -9.669 -20.105 42.508 -9.311 -14.602 37.554 -9.514 -21.275 40.14 -9.699 -17.973 44.03
3 16 -9.699 -17.973 44.03 -9.311 -14.602 37.554 -9.669 -20.105 42.508
2 24 -9.669 -20.105 42.508 -9.699 -17.973 44.03
4 16 -8.759 -15.608 29.82 -8.897 -15.536 34.301 -8.456 -11.818 33.242 -8.386 -11.676 31.403
5 24 -8.897 -15.536 34.301 -8.456 -11.818 33.242 -8.386 -11.676 31.403 -9.311 -14.602 37.554
4 16 -8.658 -10.214 35.581 -8.456 -11.818 33.242 -8.897 -15.536 34.301 -9.311 -14.602 37.554
3 16 -9.651 -14.891 44.847 -9.025 -9.467 38.705 -9.311 -14.602 37.554
5 24 -9.651 -14.891 44.847 -9.025 -9.467 38.705 -9.311 -14.602 37.554 -8.95 -10.78 45.98
5 24 -9.025 -9.467 38.705 -9.311 -14.602 37.554 -9.651 -14.891 44.847 -8.658 -10.214 35.581
5 24 -9.311 -14.602 37.554 -9.651 -14.891 44.847 -9.025 -9.467 38.705 -9.699 -17.973 44.03
3 16 -9.311 -14.602 37.554 -9.025 -9.467 38.705 -8.658 -10.214 35.581
3 16 -8.97 -8.89 40.48 -9.025 -9.467 38.705 -8.95 -10.78 45.98
5 24 -9.025 -9.467 38.705 -8.95 -10.78 45.98 -8.97 -8.89 40.48 -9.651 -14.891 44.847
5 24 -8.95 -10.78 45.98 -8.97 -8.89 40.48 -9.025 -9.467 38.705 -8.55 -7.01 40.88
3 16 -8.95 -10.78 45.98 -9.025 -9.467 38.705 -9.651 -14.891 44.847
2 24 -9.651 -14.891 44.847 -8.95 -10.78 45.98
3 16 -8.44 -7.61 47.1 -8.55 -7.01 40.88 -8.95 -10.78 45.98
5 24 -8.44 -7.61 47.1 -8.55 -7.01 40.88 -8.95 -10.78 45.98 -8.71 -5.63 47.33
5 24 -8.55 -7.01 40.88 -8.95 -10.78 45.98 -8.44 -7.61 47.1 -8.97 -8.89 40.48
2 24 -8.95 -10.78 45.98 -8.44 -7.61 47.1
3 16 -8.95 -10.78 45.98 -8.55 -7.01 40.88 -8.97 -8.89 40.48
3 16 -8.66 -5.01 39.83 -8.55 -7.01 40.88 -8.71 -5.63 47.33
5 24 -8.55 -7.01 40.88 -8.71 -5.63 47.33 -8.66 -5.01 39.83 -8.44 -7.61 47.1
5 24 -8.71 -5.63 47.33 -8.66 -5.01 39.83 -9.32 -4.4 47.38 -8.55 -7.01 40.88
3 16 -8.71 -5.63 47.33 -8.55 -7.01 40.88 -8.44 -7.61 47.1
2 24 -8.44 -7.61 47.1 -8.71 -5.63 47.33
3 16 -9.449 -3.923 37.661 -8.66 -5.01 39.83 -9.32 -4.4 47.38
2 24 -9.449 -3.923 37.661 -8.66 -5.01 39.83
5 24 -8.66 -5.01 39.83 -9.32 -4.4 47.38 -9.449 -3.923 37.661 -8.71 -5.63 47.33
2 24 -9.32 -4.4 47.38 -9.449 -3.923 37.661
3 16 -9.32 -4.4 47.38 -8.66 -5.01 39.83 -8.71 -5.63 47.33
2 24 -8.71 -5.63 47.33 -9.32 -4.4 47.38
3 16 -9.32 -4.4 47.38 -8.71 -5.63 47.33 -7.522 -4.07 48.885
5 24 -8.71 -5.63 47.33 -7.522 -4.07 48.885 -9.32 -4.4 47.38 -6.82 -5.53 48.62
5 24 -7.522 -4.07 48.885 -9.32 -4.4 47.38 -8.71 -5.63 47.33 -9.604 -2.492 48.83
3 16 -7.522 -4.07 48.885 -8.71 -5.63 47.33 -6.82 -5.53 48.62
5 24 -8.71 -5.63 47.33 -6.82 -5.53 48.62 -7.522 -4.07 48.885 -8.44 -7.61 47.1
2 24 -6.82 -5.53 48.62 -7.522 -4.07 48.885
2 24 -3.921 -26.527 .943 -3.611 -28.888 -.648
3 16 -3.921 -26.527 .943 -4.213 -24.923 3.196 -7.129 -25.208 -4.321
5 24 -3.921 -26.527 .943 -7.129 -25.208 -4.321 -4.213 -24.923 3.196 -3.611 -28.888 -.648
3 16 -8.89 -21.33 29.89 -6.059 -24 30.154 -9.232 -21.586 37.214
5 24 -6.059 -24 30.154 -9.232 -21.586 37.214 -8.89 -21.33 29.89 -5.523 -23.97 37.652
3 16 -9.232 -21.586 37.214 -6.059 -24 30.154 -5.523 -23.97 37.652
3 16 -9.232 -21.586 37.214 -5.523 -23.97 37.652 -9.514 -21.275 40.14
5 24 -5.523 -23.97 37.652 -9.514 -21.275 40.14 -9.232 -21.586 37.214 -5.25 -23.09 41.66
3 16 -9.514 -21.275 40.14 -5.523 -23.97 37.652 -5.25 -23.09 41.66
2 24 -5.523 -23.97 37.652 -5.25 -23.09 41.66
5 24 -5.25 -23.09 41.66 -9.514 -21.275 40.14 -5.523 -23.97 37.652 -9.669 -20.105 42.508
3 16 -9.514 -21.275 40.14 -5.25 -23.09 41.66 -9.669 -20.105 42.508
5 24 -5.25 -23.09 41.66 -9.669 -20.105 42.508 -9.514 -21.275 40.14 -5.44 -20.79 44.79
3 16 -9.669 -20.105 42.508 -5.25 -23.09 41.66 -5.44 -20.79 44.79
5 24 -5.44 -20.79 44.79 -9.669 -20.105 42.508 -5.25 -23.09 41.66 -9.699 -17.973 44.03
3 16 -9.669 -20.105 42.508 -5.44 -20.79 44.79 -9.699 -17.973 44.03
5 24 -5.44 -20.79 44.79 -9.699 -17.973 44.03 -9.669 -20.105 42.508 -5.55 -18.73 46.29
3 16 -9.699 -17.973 44.03 -5.44 -20.79 44.79 -5.55 -18.73 46.29
5 24 -5.55 -18.73 46.29 -9.699 -17.973 44.03 -5.44 -20.79 44.79 -6.2 -16.05 46.96
3 16 -8.95 -10.78 45.98 -9.651 -14.891 44.847 -6.63 -11.26 47.5
5 24 -9.651 -14.891 44.847 -6.63 -11.26 47.5 -8.95 -10.78 45.98 -6.2 -16.05 46.96
5 24 -6.63 -11.26 47.5 -8.95 -10.78 45.98 -9.651 -14.891 44.847 -8.44 -7.61 47.1
3 16 -6.63 -11.26 47.5 -9.651 -14.891 44.847 -6.2 -16.05 46.96
5 24 -9.651 -14.891 44.847 -6.2 -16.05 46.96 -6.63 -11.26 47.5 -9.699 -17.973 44.03
2 24 -6.2 -16.05 46.96 -6.63 -11.26 47.5
3 16 -8.71 -5.63 47.33 -8.44 -7.61 47.1 -6.82 -5.53 48.62
5 24 -8.44 -7.61 47.1 -6.82 -5.53 48.62 -8.71 -5.63 47.33 -6.59 -7.3 48.77
3 16 -6.82 -5.53 48.62 -8.44 -7.61 47.1 -6.59 -7.3 48.77
5 24 -8.44 -7.61 47.1 -6.59 -7.3 48.77 -6.82 -5.53 48.62 -6.63 -11.26 47.5
2 24 -6.59 -7.3 48.77 -6.82 -5.53 48.62
3 16 -6.59 -7.3 48.77 -8.44 -7.61 47.1 -6.63 -11.26 47.5
5 24 -8.44 -7.61 47.1 -6.63 -11.26 47.5 -6.59 -7.3 48.77 -8.95 -10.78 45.98
2 24 -6.63 -11.26 47.5 -6.59 -7.3 48.77
3 16 -6.63 -11.26 47.5 -8.44 -7.61 47.1 -8.95 -10.78 45.98
3 16 -9.651 -14.891 44.847 -9.699 -17.973 44.03 -6.2 -16.05 46.96
2 24 -9.651 -14.891 44.847 -9.699 -17.973 44.03
5 24 -9.699 -17.973 44.03 -6.2 -16.05 46.96 -9.651 -14.891 44.847 -5.55 -18.73 46.29
3 16 -6.2 -16.05 46.96 -9.699 -17.973 44.03 -5.55 -18.73 46.29
2 24 -5.55 -18.73 46.29 -6.2 -16.05 46.96
2 24 -9.604 0 48.83 -9.604 -2.492 48.83
3 16 -9.604 -2.492 48.83 -9.543 0 37.661 -9.32 -4.4 47.38
5 24 -9.604 -2.492 48.83 -9.543 0 37.661 -9.32 -4.4 47.38 -9.604 0 48.83
5 24 -9.543 0 37.661 -9.32 -4.4 47.38 -9.604 -2.492 48.83 -9.449 -3.923 37.661
2 24 -9.32 -4.4 47.38 -9.604 -2.492 48.83
3 16 -9.32 -4.4 47.38 -9.543 0 37.661 -9.449 -3.923 37.661
2 24 -9.543 0 37.661 -9.449 -3.923 37.661
3 16 -7.607 -3.75 -9.443 -9.04 -3.84 -8.2 -9.51 0 -9.372
3 16 -6.068 -5.245 1.706 -5.72 -6.1 2.61 -4.436 -5.25 1.757
5 24 -6.068 -5.245 1.706 -5.72 -6.1 2.61 -4.436 -5.25 1.757 -7.97 -5.4 1.49
5 24 -5.72 -6.1 2.61 -4.436 -5.25 1.757 -6.068 -5.245 1.706 -4.161 -6.173 2.544
3 16 -4.436 -5.25 1.757 -5.72 -6.1 2.61 -4.161 -6.173 2.544
2 24 -5.72 -6.1 2.61 -4.161 -6.173 2.544
2 24 -4.161 -6.173 2.544 -4.436 -5.25 1.757
3 16 -7.97 -5.4 1.49 -6.068 -5.245 1.706 -8.82 -4.06 1.42
2 24 -7.97 -5.4 1.49 -6.068 -5.245 1.706
5 24 -6.068 -5.245 1.706 -8.82 -4.06 1.42 -7.97 -5.4 1.49 -6.05 0 1.404
4 16 -9.161 0 1.187 -8.82 -4.06 1.42 -6.068 -5.245 1.706 -6.05 0 1.404
2 24 -6.068 -5.245 1.706 -6.05 0 1.404
3 16 -7.522 -4.07 48.885 -9.604 -2.492 48.83 -9.32 -4.4 47.38
2 24 -7.522 -4.07 48.885 -9.604 -2.492 48.83
3 16 -9.449 -3.923 37.661 -6.285 -3.968 37.661 -8.66 -5.01 39.83
2 24 -9.449 -3.923 37.661 -6.285 -3.968 37.661
5 24 -6.285 -3.968 37.661 -8.66 -5.01 39.83 -9.449 -3.923 37.661 -6.057 -5.049 39.519
3 16 -8.66 -5.01 39.83 -6.285 -3.968 37.661 -6.057 -5.049 39.519
2 24 -6.285 -3.968 37.661 -6.057 -5.049 39.519
5 24 -6.057 -5.049 39.519 -8.66 -5.01 39.83 -7.58 -5.86 40.15 -6.285 -3.968 37.661
4 16 -6.285 -3.968 37.661 -9.449 -3.923 37.661 -9.543 0 37.661 -6.253 0 37.661
2 24 -6.253 0 37.661 -6.285 -3.968 37.661
3 16 -6.05 -5.729 40.05 -7.58 -5.86 40.15 -6.057 -5.049 39.519
5 24 -6.05 -5.729 40.05 -7.58 -5.86 40.15 -6.03 -7.05 39.93 -6.057 -5.049 39.519
5 24 -7.58 -5.86 40.15 -6.057 -5.049 39.519 -6.05 -5.729 40.05 -8.66 -5.01 39.83
2 24 -6.057 -5.049 39.519 -6.05 -5.729 40.05
3 16 -6.057 -5.049 39.519 -7.58 -5.86 40.15 -8.66 -5.01 39.83
3 16 -7.58 -5.86 40.15 -6.05 -5.729 40.05 -6.03 -7.05 39.93
2 24 -6.05 -5.729 40.05 -6.03 -7.05 39.93
5 24 -6.03 -7.05 39.93 -7.58 -5.86 40.15 -6.05 -5.729 40.05 -7.38 -7.15 39.98
3 16 -6.088 -7.056 34.279 -4.161 -6.946 34.359 -5.975 -8.074 32.825
2 24 -6.088 -7.056 34.279 -4.161 -6.946 34.359
5 24 -4.161 -6.946 34.359 -5.975 -8.074 32.825 -6.088 -7.056 34.279 -4.161 -7.974 32.696
3 16 -5.975 -8.074 32.825 -4.161 -6.946 34.359 -4.161 -7.974 32.696
2 24 -4.161 -6.946 34.359 -4.161 -7.974 32.696
5 24 -4.161 -7.974 32.696 -5.975 -8.074 32.825 -4.161 -6.946 34.359 -5.87 -8.45 31.39
3 16 -4.161 -8.299 31.377 -5.87 -8.45 31.39 -4.161 -7.974 32.696
5 24 -4.161 -8.299 31.377 -5.87 -8.45 31.39 -6.056 -3.85 13.602 -4.161 -7.974 32.696
5 24 -5.87 -8.45 31.39 -4.161 -7.974 32.696 -4.161 -8.299 31.377 -5.975 -8.074 32.825
2 24 -4.161 -7.974 32.696 -4.161 -8.299 31.377
3 16 -4.161 -7.974 32.696 -5.87 -8.45 31.39 -5.975 -8.074 32.825
3 16 -6.064 0 40 -5.543 0 42.296 -5.827 -5.25 40.871
3 16 -6.064 0 40 -5.827 -5.25 40.871 -6.057 -5.049 39.519
5 24 -5.543 0 42.296 -5.827 -5.25 40.871 -5.543 -5.25 42.296 -6.253 0 37.661
5 24 -6.064 0 40 -6.057 -5.049 39.519 -5.827 -5.25 40.871 -6.253 0 37.661
3 16 -5.827 -5.25 40.871 -5.543 0 42.296 -5.543 -5.25 42.296
5 24 -5.543 0 42.296 -5.543 -5.25 42.296 -5.827 -5.25 40.871 -2.71 0 45.456
2 24 -5.543 -5.25 42.296 -5.827 -5.25 40.871
2 24 -3.18 0 48.976 -2.88 -3.995 49.027
3 16 -3.18 0 48.976 -2.88 -3.995 49.027 -2.71 -5.25 45.456
3 16 -2.71 -5.25 45.456 -2.71 0 45.456 -3.18 0 48.976
5 24 -2.71 -5.25 45.456 -3.18 0 48.976 -2.88 -3.995 49.027 -2.71 0 45.456
5 24 -2.88 -3.995 49.027 -2.71 -5.25 45.456 -2.71 0 45.456 -2.75 -5.3 48.83
2 24 -2.71 -5.25 45.456 -2.71 0 45.456
4 16 -4.243 0 44.243 -2.71 0 45.456 -2.71 -5.25 45.456 -4.243 -5.25 44.243
2 24 -4.243 -5.25 44.243 -5.543 -5.25 42.296
2 24 -2.71 -5.25 45.456 -4.243 -5.25 44.243
3 16 -6.03 -7.05 39.93 -6.05 -5.729 40.05 -5.827 -5.25 40.871
5 24 -6.05 -5.729 40.05 -5.827 -5.25 40.871 -6.03 -7.05 39.93 -6.057 -5.049 39.519
2 24 -5.827 -5.25 40.871 -6.03 -7.05 39.93
3 16 -6.285 -3.968 37.661 -6.253 0 37.661 -6.057 -5.049 39.519
5 24 -6.253 0 37.661 -6.057 -5.049 39.519 -6.285 -3.968 37.661 -6.064 0 40
3 16 -2.75 -5.3 48.83 -2.55 -6.77 48.5 -2.71 -5.25 45.456
5 24 -2.55 -6.77 48.5 -2.71 -5.25 45.456 -2.75 -5.3 48.83 -2.35 -7.38 43.17
5 24 -2.71 -5.25 45.456 -2.75 -5.3 48.83 -2.55 -6.77 48.5 -2.88 -3.995 49.027
3 16 -2.88 -3.995 49.027 -2.75 -5.3 48.83 -2.71 -5.25 45.456
3 16 -2.55 -6.77 48.5 -2.194 -7.991 49.159 -2.35 -7.38 43.17
5 24 -2.194 -7.991 49.159 -2.35 -7.38 43.17 -2.55 -6.77 48.5 -1.444 -8.934 43.751
5 24 -2.35 -7.38 43.17 -2.55 -6.77 48.5 -2.194 -7.991 49.159 -2.71 -5.25 45.456
3 16 -11.86 -27.93 -12.59 -12.78 -27.68 -11.21 -8.86 -28.52 -13.41
5 24 -12.78 -27.68 -11.21 -8.86 -28.52 -13.41 -11.86 -27.93 -12.59 -6.16 -27.12 -11.66
3 16 -8.86 -28.52 -13.41 -12.78 -27.68 -11.21 -6.16 -27.12 -11.66
3 16 -8.86 -28.52 -13.41 -6.63 -29.77 -14.05 -7.28 -31.79 -14.03
3 16 -9.58 -15.77 -8.99 -9.13 -19.06 -7.75 -9.575 -17.327 1.215
2 24 -9.58 -15.77 -8.99 -9.13 -19.06 -7.75
3 16 -9.58 -15.77 -8.99 -4.193 -16.7 -13.998 -6.19 -21.37 -10.61
5 24 -9.58 -15.77 -8.99 -4.193 -16.7 -13.998 -4.684 -14.13 -13.025 -6.19 -21.37 -10.61
3 16 -4.193 -16.7 -13.998 -9.58 -15.77 -8.99 -4.684 -14.13 -13.025
3 16 -6.93 -7.85 2.22 -6.07 -4.67 5.41 -5.72 -6.1 2.61
2 24 -6.07 -4.67 5.41 -5.72 -6.1 2.61
3 16 -9.651 -14.891 44.847 -9.311 -14.602 37.554 -9.699 -17.973 44.03
3 16 -7.97 -5.4 1.49 -5.72 -6.1 2.61 -6.068 -5.245 1.706
3 16 -3.98 -28.5 -17.88 -4.92 -29.05 -19.73 -4.92 -29 -18.52
5 24 -4.42 -35.88 -18.88 -4.17 -33.99 -23.12 -2.04 -35.67 -23.8 -6.2 -34.62 -17.72
3 16 -9.543 0 37.661 -9.604 -2.492 48.83 -9.604 0 48.83
3 16 0 -9.5 -8.98 -1.209 -9.125 -8.625 0 -9.65 -4.17
5 24 -1.209 -9.125 -8.625 0 -9.65 -4.17 0 -9.5 -8.98 -1.21 -9.13 -3.93
3 16 0 -9.65 -4.17 -1.209 -9.125 -8.625 -1.21 -9.13 -3.93
5 24 -1.209 -9.125 -8.625 -1.21 -9.13 -3.93 0 -9.65 -4.17 -2.31 -7.86 -7.69
2 24 -1.21 -9.13 -3.93 0 -9.65 -4.17
3 16 -1.209 -9.125 -8.625 -2.31 -7.86 -7.69 -1.21 -9.13 -3.93
5 24 -2.31 -7.86 -7.69 -1.21 -9.13 -3.93 -1.209 -9.125 -8.625 -2.279 -7.859 -3.388
3 16 -1.21 -9.13 -3.93 -2.31 -7.86 -7.69 -2.279 -7.859 -3.388
5 24 -2.31 -7.86 -7.69 -2.279 -7.859 -3.388 -2.648 -6.221 -7.032 -1.21 -9.13 -3.93
2 24 -2.279 -7.859 -3.388 -1.21 -9.13 -3.93
3 16 -2.31 -7.86 -7.69 -2.648 -6.221 -7.032 -2.279 -7.859 -3.388
5 24 -2.648 -6.221 -7.032 -2.279 -7.859 -3.388 -2.31 -7.86 -7.69 -2.858 -5.25 -5.489
4 16 -2.279 -7.859 -3.388 -2.648 -6.221 -7.032 -2.858 -5.25 -5.489 -2.648 -6.221 -3.05
5 24 -2.858 -5.25 -5.489 -2.648 -6.221 -7.032 -2.776 -4.983 -8.096 -2.648 -6.221 -3.05
5 24 -2.858 -5.25 -5.489 -2.648 -6.221 -3.05 -2.279 -7.859 -3.388 -2.933 -5.25 -3.25
2 24 -2.648 -6.221 -3.05 -2.279 -7.859 -3.388
3 16 -2.648 -6.221 -7.032 -2.776 -4.983 -8.096 -2.858 -5.25 -5.489
5 24 -2.776 -4.983 -8.096 -2.858 -5.25 -5.489 -2.648 -6.221 -7.032 -3.106 0 -5.548
3 16 -2.648 -6.221 -3.05 -2.858 -5.25 -5.489 -2.933 -5.25 -3.25
2 24 -2.858 -5.25 -5.489 -2.933 -5.25 -3.25
2 24 -2.933 -5.25 -3.25 -2.648 -6.221 -3.05
5 24 -3.106 0 -5.548 -2.776 -4.983 -8.096 -3.148 0 -9.512 -2.858 -5.25 -5.489
3 16 -2.776 -4.983 -8.096 -3.106 0 -5.548 -2.858 -5.25 -5.489
2 24 -3.106 0 -5.548 -2.858 -5.25 -5.489
4 16 -3.106 0 -5.548 -2.776 -4.983 -8.096 -2.872 -3.774 -9.537 -3.148 0 -9.512
4 16 -6.068 -5.245 1.706 -5.992 -5.245 -1.037 -5.992 0 -1.037 -6.05 0 1.404
5 24 -5.992 -5.245 -1.037 -5.992 0 -1.037 -6.05 0 1.404 -5.139 -5.245 -3.447
3 16 -5.139 0 -3.447 -5.139 -5.245 -3.447 -3.106 0 -5.548
5 24 -5.139 0 -3.447 -5.139 -5.245 -3.447 -5.992 -5.245 -1.037 -3.106 0 -5.548
5 24 -5.139 -5.245 -3.447 -3.106 0 -5.548 -5.139 0 -3.447 -2.858 -5.25 -5.489
3 16 -3.106 0 -5.548 -5.139 -5.245 -3.447 -2.858 -5.25 -5.489
2 24 -5.139 -5.245 -3.447 -2.858 -5.25 -5.489
4 16 -5.139 0 -3.447 -5.992 0 -1.037 -5.992 -5.245 -1.037 -5.139 -5.245 -3.447
3 16 -1.21 -9.13 -3.93 -1.709 -20.97 -3.336 0 -9.65 -4.17
5 24 -1.21 -9.13 -3.93 -1.709 -20.97 -3.336 -2.834 -20.97 -2.319 0 -9.65 -4.17
5 24 -1.709 -20.97 -3.336 0 -9.65 -4.17 -1.21 -9.13 -3.93 0 -20.97 -3.65
3 16 0 -9.65 -4.17 -1.709 -20.97 -3.336 0 -20.97 -3.65
3 16 -2.279 -7.859 -3.388 -2.834 -20.97 -2.319 -1.21 -9.13 -3.93
5 24 -2.279 -7.859 -3.388 -2.834 -20.97 -2.319 -1.21 -9.13 -3.93 -2.648 -6.221 -3.05
5 24 -2.834 -20.97 -2.319 -1.21 -9.13 -3.93 -2.279 -7.859 -3.388 -1.709 -20.97 -3.336
3 16 -1.21 -9.13 -3.93 -2.834 -20.97 -2.319 -1.709 -20.97 -3.336
3 16 -3.28 -6.41 -2.41 -2.834 -20.97 -2.319 -2.648 -6.221 -3.05
5 24 -3.28 -6.41 -2.41 -2.834 -20.97 -2.319 -2.648 -6.221 -3.05 -3.629 -20.97 -.686
5 24 -2.834 -20.97 -2.319 -2.648 -6.221 -3.05 -3.28 -6.41 -2.41 -2.279 -7.859 -3.388
5 24 -2.648 -6.221 -3.05 -3.28 -6.41 -2.41 -2.834 -20.97 -2.319 -2.933 -5.25 -3.25
3 16 -2.279 -7.859 -3.388 -2.648 -6.221 -3.05 -2.834 -20.97 -2.319
4 16 -2.858 -5.25 -5.489 -5.139 -5.245 -3.447 -3.718 -5.25 -2.212 -2.933 -5.25 -3.25
2 24 -3.718 -5.25 -2.212 -2.933 -5.25 -3.25
3 16 -2.648 -6.221 -3.05 -2.933 -5.25 -3.25 -3.28 -6.41 -2.41
5 24 -2.933 -5.25 -3.25 -3.28 -6.41 -2.41 -2.648 -6.221 -3.05 -3.718 -5.25 -2.212
3 16 -3.28 -6.41 -2.41 -2.933 -5.25 -3.25 -3.718 -5.25 -2.212
5 24 -3.718 -5.25 -2.212 -3.28 -6.41 -2.41 -2.933 -5.25 -3.25 -4.346 -5.25 -.188
3 16 -6.07 -4.67 5.41 -4.161 -4.691 5.568 -5.72 -6.1 2.61
5 24 -6.07 -4.67 5.41 -4.161 -4.691 5.568 -5.72 -6.1 2.61 -6.207 -3.7 8.804
5 24 -4.161 -4.691 5.568 -5.72 -6.1 2.61 -6.07 -4.67 5.41 -4.161 -6.173 2.544
3 16 -5.72 -6.1 2.61 -4.161 -4.691 5.568 -4.161 -6.173 2.544
2 24 -4.161 -4.691 5.568 -4.161 -6.173 2.544
4 16 -6.056 -3.85 13.602 -4.161 -4.026 13.517 -4.161 -3.882 8.798 -6.207 -3.7 8.804
5 24 -6.056 -3.85 13.602 -4.161 -4.026 13.517 -4.161 -3.882 8.798 -4.161 -8.299 31.377
2 24 -4.161 -4.026 13.517 -4.161 -3.882 8.798
5 24 -4.161 -3.882 8.798 -6.207 -3.7 8.804 -6.056 -3.85 13.602 -4.161 -4.691 5.568
3 16 -4.161 -4.026 13.517 -6.056 -3.85 13.602 -4.161 -8.299 31.377
5 24 -6.056 -3.85 13.602 -4.161 -8.299 31.377 -4.161 -4.026 13.517 -5.87 -8.45 31.39
2 24 -4.161 -8.299 31.377 -4.161 -4.026 13.517
3 16 -4.161 -8.299 31.377 -6.056 -3.85 13.602 -5.87 -8.45 31.39
3 16 -6.07 -4.67 5.41 -6.207 -3.7 8.804 -4.161 -4.691 5.568
5 24 -6.207 -3.7 8.804 -4.161 -4.691 5.568 -6.07 -4.67 5.41 -4.161 -3.882 8.798
3 16 -4.161 -4.691 5.568 -6.207 -3.7 8.804 -4.161 -3.882 8.798
2 24 -4.161 -3.882 8.798 -4.161 -4.691 5.568
3 16 -1.444 -8.934 49.141 -1.444 -8.934 43.751 -2.194 -7.991 49.159
3 16 -2.194 -7.991 49.159 -1.444 -8.934 43.751 -2.35 -7.38 43.17
2 24 -1.444 -8.934 43.751 -2.35 -7.38 43.17
4 16 0 -9.464 49.132 0 -9.464 43.955 -1.444 -8.934 43.751 -1.444 -8.934 49.141
2 24 0 -9.464 43.955 -1.444 -8.934 43.751
3 16 -2.55 -6.77 48.5 -2.35 -7.38 43.17 -2.71 -5.25 45.456
5 24 -2.35 -7.38 43.17 -2.71 -5.25 45.456 -2.55 -6.77 48.5 -2.71 -5.25 43.058
3 16 -2.71 -5.25 45.456 -2.35 -7.38 43.17 -2.71 -5.25 43.058
2 24 -2.35 -7.38 43.17 -2.71 -5.25 43.058
2 24 -2.71 -5.25 43.058 -2.71 -5.25 45.456
3 16 -6.057 -5.049 39.519 -6.253 0 37.661 -6.064 0 40
3 16 -5.827 -5.25 40.871 -6.05 -5.729 40.05 -6.057 -5.049 39.519
4 16 -3.709 -5.25 41.773 -4.243 -5.25 44.243 -2.71 -5.25 45.456 -2.71 -5.25 43.058
3 16 -5.543 -5.25 42.296 -4.243 -5.25 44.243 -3.709 -5.25 41.773
2 24 -2.71 -5.25 43.058 -3.709 -5.25 41.773
4 16 -5.827 -5.25 40.871 -5.543 -5.25 42.296 -3.709 -5.25 41.773 -4.308 -5.25 40.646
2 24 -3.709 -5.25 41.773 -4.308 -5.25 40.646
2 24 -4.308 -5.25 40.646 -5.827 -5.25 40.871
3 16 -7.17 -7.46 37.88 -4.16 -7.24 38.03 -6.088 -7.056 34.279
5 24 -7.17 -7.46 37.88 -4.16 -7.24 38.03 -6.088 -7.056 34.279 -6.03 -7.05 39.93
5 24 -4.16 -7.24 38.03 -6.088 -7.056 34.279 -7.17 -7.46 37.88 -4.161 -6.946 34.359
3 16 -6.088 -7.056 34.279 -4.16 -7.24 38.03 -4.161 -6.946 34.359
2 24 -4.16 -7.24 38.03 -4.161 -6.946 34.359
3 16 -4.16 -7.24 38.03 -7.17 -7.46 37.88 -6.03 -7.05 39.93
5 24 -7.17 -7.46 37.88 -6.03 -7.05 39.93 -4.16 -7.24 38.03 -7.38 -7.15 39.98
5 24 -6.03 -7.05 39.93 -4.16 -7.24 38.03 -7.17 -7.46 37.88 -4.36 -7.11 39.87
3 16 -6.03 -7.05 39.93 -7.17 -7.46 37.88 -7.38 -7.15 39.98
2 24 -7.38 -7.15 39.98 -6.03 -7.05 39.93
3 16 -7.38 -7.15 39.98 -7.58 -5.86 40.15 -6.03 -7.05 39.93
3 16 -5.827 -5.25 40.871 -4.308 -5.25 40.646 -6.03 -7.05 39.93
5 24 -4.308 -5.25 40.646 -6.03 -7.05 39.93 -5.827 -5.25 40.871 -4.36 -7.11 39.87
3 16 -6.03 -7.05 39.93 -4.308 -5.25 40.646 -4.36 -7.11 39.87
2 24 -4.308 -5.25 40.646 -4.36 -7.11 39.87
2 24 -4.36 -7.11 39.87 -6.03 -7.05 39.93
3 16 -4.161 -6.173 2.544 -4.161 -4.691 5.568 -3.715 -20.97 3.577
5 24 -3.715 -20.97 3.577 -4.161 -6.173 2.544 -4.161 -4.691 5.568 -3.629 -20.97 -.686
4 16 -3.715 -20.97 37.898 -3.715 -20.97 3.577 -4.161 -3.882 8.798 -4.161 -4.026 13.517
3 16 -1.506 -20.97 42.908 -1.444 -8.934 43.751 0 -9.464 43.955
5 24 -1.506 -20.97 42.908 -1.444 -8.934 43.751 0 -9.464 43.955 -3.018 -20.97 42.009
3 16 -1.506 -20.97 42.908 0 -9.464 43.955 0 -20.97 43.124
3 16 -3.709 -5.25 41.773 -2.71 -5.25 43.058 -3.71 -6.85 41.77
5 24 -2.71 -5.25 43.058 -3.71 -6.85 41.77 -3.709 -5.25 41.773 -2.35 -7.38 43.17
5 24 -3.71 -6.85 41.77 -3.709 -5.25 41.773 -2.71 -5.25 43.058 -4.308 -5.25 40.646
3 16 -3.71 -6.85 41.77 -2.71 -5.25 43.058 -2.35 -7.38 43.17
5 24 -2.35 -7.38 43.17 -3.71 -6.85 41.77 -2.71 -5.25 43.058 -3.018 -20.97 42.009
3 16 -4.07 -7.34 40.33 -4.308 -5.25 40.646 -3.71 -6.85 41.77
5 24 -4.07 -7.34 40.33 -4.308 -5.25 40.646 -3.71 -6.85 41.77 -4.36 -7.11 39.87
5 24 -4.308 -5.25 40.646 -3.71 -6.85 41.77 -4.07 -7.34 40.33 -3.709 -5.25 41.773
5 24 -3.71 -6.85 41.77 -4.07 -7.34 40.33 -4.308 -5.25 40.646 -3.018 -20.97 42.009
3 16 -3.71 -6.85 41.77 -4.308 -5.25 40.646 -3.709 -5.25 41.773
3 16 -3.577 -20.97 40.739 -3.674 -20.97 39.405 -4.07 -7.34 40.33
5 24 -3.674 -20.97 39.405 -4.07 -7.34 40.33 -4.36 -7.11 39.87 -3.577 -20.97 40.739
5 24 -4.07 -7.34 40.33 -3.577 -20.97 40.739 -3.674 -20.97 39.405 -3.018 -20.97 42.009
3 16 -4.07 -7.34 40.33 -3.674 -20.97 39.405 -4.36 -7.11 39.87
5 24 -3.674 -20.97 39.405 -4.36 -7.11 39.87 -4.16 -7.24 38.03 -4.07 -7.34 40.33
5 24 -4.36 -7.11 39.87 -4.07 -7.34 40.33 -3.674 -20.97 39.405 -4.308 -5.25 40.646
5 24 -3.018 -20.97 42.009 -2.35 -7.38 43.17 -1.444 -8.934 43.751 -3.71 -6.85 41.77
3 16 -2.35 -7.38 43.17 -1.444 -8.934 43.751 -1.506 -20.97 42.908
3 16 -1.506 -20.97 42.908 -3.018 -20.97 42.009 -2.35 -7.38 43.17
5 24 -1.506 -20.97 42.908 -2.35 -7.38 43.17 -1.444 -8.934 43.751 -3.018 -20.97 42.009
3 16 -3.018 -20.97 42.009 -3.71 -6.85 41.77 -2.35 -7.38 43.17
5 24 -3.018 -20.97 42.009 -3.71 -6.85 41.77 -2.35 -7.38 43.17 -4.07 -7.34 40.33
3 16 -3.71 -6.85 41.77 -3.018 -20.97 42.009 -4.07 -7.34 40.33
5 24 -3.018 -20.97 42.009 -4.07 -7.34 40.33 -3.71 -6.85 41.77 -3.577 -20.97 40.739
3 16 -4.07 -7.34 40.33 -3.018 -20.97 42.009 -3.577 -20.97 40.739
3 16 -4.346 -5.25 -.188 -4.436 -5.25 1.757 -3.629 -20.97 -.686
5 24 -4.436 -5.25 1.757 -3.629 -20.97 -.686 -4.346 -5.25 -.188 -4.161 -6.173 2.544
5 24 -3.629 -20.97 -.686 -4.346 -5.25 -.188 -4.436 -5.25 1.757 -3.28 -6.41 -2.41
3 16 -3.718 -5.25 -2.212 -4.346 -5.25 -.188 -3.28 -6.41 -2.41
5 24 -4.346 -5.25 -.188 -3.28 -6.41 -2.41 -3.718 -5.25 -2.212 -3.629 -20.97 -.686
3 16 -4.07 -7.34 40.33 -4.36 -7.11 39.87 -4.308 -5.25 40.646
3 16 -3.715 -20.97 37.898 -4.16 -7.24 38.03 -3.674 -20.97 39.405
5 24 -3.715 -20.97 37.898 -4.16 -7.24 38.03 -3.674 -20.97 39.405 -4.161 -6.946 34.359
5 24 -4.16 -7.24 38.03 -3.674 -20.97 39.405 -3.715 -20.97 37.898 -4.36 -7.11 39.87
3 16 -3.674 -20.97 39.405 -4.16 -7.24 38.03 -4.36 -7.11 39.87
2 24 -4.16 -7.24 38.03 -4.36 -7.11 39.87
3 16 -4.346 -5.25 -.188 -3.629 -20.97 -.686 -3.28 -6.41 -2.41
5 24 -3.629 -20.97 -.686 -3.28 -6.41 -2.41 -4.346 -5.25 -.188 -2.834 -20.97 -2.319
3 16 -3.28 -6.41 -2.41 -3.629 -20.97 -.686 -2.834 -20.97 -2.319
3 16 -4.161 -4.691 5.568 -4.161 -3.882 8.798 -3.715 -20.97 3.577
3 16 -4.161 -6.946 34.359 -4.16 -7.24 38.03 -3.715 -20.97 37.898
5 24 -3.715 -20.97 37.898 -4.161 -6.946 34.359 -4.16 -7.24 38.03 -4.161 -7.974 32.696
3 16 -3.715 -20.97 37.898 -4.161 -7.974 32.696 -4.161 -6.946 34.359
3 16 -3.715 -20.97 37.898 -4.161 -8.299 31.377 -4.161 -7.974 32.696
5 24 -3.715 -20.97 37.898 -4.161 -8.299 31.377 -4.161 -7.974 32.696 -4.161 -4.026 13.517
5 24 -4.161 -4.026 13.517 -3.715 -20.97 37.898 -3.715 -20.97 3.577 -4.161 -8.299 31.377
3 16 -3.715 -20.97 37.898 -4.161 -4.026 13.517 -4.161 -8.299 31.377
3 16 -3.715 -20.97 3.577 -3.629 -20.97 -.686 -4.161 -6.173 2.544
5 24 -3.629 -20.97 -.686 -4.161 -6.173 2.544 -3.715 -20.97 3.577 -4.436 -5.25 1.757
3 16 -4.161 -6.173 2.544 -3.629 -20.97 -.686 -4.436 -5.25 1.757
3 16 -4.36 -7.11 39.87 -4.16 -7.24 38.03 -6.03 -7.05 39.93
2 24 -1.36 -29.9 -27.17 0 -30.08 -27.55
2 24 -5.44 -20.79 44.79 -5.25 -23.09 41.66
2 24 -5.44 -20.79 44.79 -5.55 -18.73 46.29
2 24 -6.31 -29.53 -16.53 -5.36 -29.09 -17.33
2 24 -6.24 -42.15 -9.93 -6.15 -40.99 -7.23
2 24 -2.63 -27.1 -14.99 -2.61 -25.875 -14.359
2 24 -8.797 -21.591 -6.008 -8.969 -22.641 -3.04
2 24 -8.797 -21.591 -6.008 -9.13 -19.06 -7.75
5 24 -9.699 -17.973 44.03 -9.311 -14.602 37.554 -9.669 -20.105 42.508 -9.651 -14.891 44.847
5 24 -9.311 -14.602 37.554 -8.658 -10.214 35.581 -9.025 -9.467 38.705 -8.456 -11.818 33.242
5 24 -9.623 -14.33 9.863 -9.319 -7.032 14.626 -9.185 -14.095 19.149 -9.537 -6.937 9.383
5 24 -9.623 -14.33 9.863 -9.485 -21.641 5.129 -9.442 -21.245 11.281 -9.575 -17.327 1.215
2 24 -2.88 -3.995 49.027 -2.75 -5.3 48.83
5 24 -1.444 -8.934 43.751 -2.194 -7.991 49.159 -1.444 -8.934 49.141 -2.35 -7.38 43.17
5 24 -1.444 -8.934 49.141 -1.444 -8.934 43.751 -2.194 -7.991 49.159 0 -9.464 49.132
5 24 -6.376 -31.236 -5.109 -3.611 -28.888 -.648 -6.684 -28.892 -6.763 -3.758 -32.528 -1.908
5 24 -8.66 -5.01 39.83 -7.58 -5.86 40.15 -8.55 -7.01 40.88 -6.057 -5.049 39.519
5 24 -5.827 -5.25 40.871 -6.064 0 40 -5.543 0 42.296 -6.057 -5.049 39.519
5 24 -4.243 0 44.243 -4.243 -5.25 44.243 -2.71 0 45.456 -5.543 -5.25 42.296
5 24 -3.715 -20.97 37.898 -4.161 -7.974 32.696 -4.161 -8.299 31.377 -4.161 -6.946 34.359
5 24 -6.057 -5.049 39.519 -5.827 -5.25 40.871 -6.05 -5.729 40.05 -6.064 0 40
5 24 -9.232 -21.586 37.214 -5.523 -23.97 37.652 -6.059 -24 30.154 -9.514 -21.275 40.14
5 24 0 -9.464 43.955 -1.506 -20.97 42.908 -1.444 -8.934 43.751 0 -20.97 43.124
5 24 -4.161 -4.691 5.568 -3.715 -20.97 3.577 -4.161 -6.173 2.544 -4.161 -3.882 8.798
5 24 -4.161 -3.882 8.798 -3.715 -20.97 3.577 -4.161 -4.691 5.568 -4.161 -4.026 13.517
5 24 -1.209 -9.125 -8.625 -5.009 -11.724 -10.698 -4.942 -8.809 -7.955 0 -11.624 -11.143
