0 ~Animal Dog Dachshund with Black Eyes with Dark Grey Border and Black Nose with Tan Details Pattern - Half Face Half 
0 Name: s\53075p02s01.dat
0 Author: Gerald Lasser [GeraldLasser]
0 !LDRAW_ORG Unofficial_Subpart
0 !LICENSE Redistributable under CCAL version 2.0 : see CAreadme.txt

0 BFC CERTIFY CCW
3 19 -1.5346 -41.1041 -17.4345 -2.5334 -41.0503 -17.5497 -1.3973 -40.9963 -17.6216
3 72 -3.9974 -40.513 -17.3848 -3.8246 -40.0502 -17.5659 -3.4432 -40.6412 -17.5338
4 16 -3.9974 -40.513 -17.3848 -3.4432 -40.6412 -17.5338 -3.16 -41.08 -17.51 -5.81 -40.42 -16.81
3 16 -4.4996 -40.1228 -17.3232 -3.9974 -40.513 -17.3848 -5.81 -40.42 -16.81
3 16 -4.4996 -40.1228 -17.3232 -5.81 -40.42 -16.81 -4.8352 -39.5389 -17.3685
4 16 -4.8352 -39.5389 -17.3685 -5.81 -40.42 -16.81 -5.18 -37.95 -17.68 -4.953 -38.85 -17.5141
3 16 -4.953 -38.85 -17.5141 -5.18 -37.95 -17.68 -4.8789 -38.4166 -17.6547
3 16 -4.8352 -38.1611 -17.7561 -5.18 -37.95 -17.68 -4.7857 -38.0749 -17.8049
3 16 -5.18 -37.95 -17.68 -4.8352 -38.1611 -17.7561 -4.8789 -38.4166 -17.6547
3 16 -4.7857 -38.0749 -17.8049 -5.18 -37.95 -17.68 -4.4996 -37.5772 -18.1398
4 16 -5.18 -37.95 -17.68 -4.42 -35.88 -18.88 -3.9974 -37.187 -18.527 -4.4996 -37.5772 -18.1398
3 16 -3.9974 -37.187 -18.527 -4.42 -35.88 -18.88 -3.6929 -37.1166 -18.6928
3 16 -3.6929 -37.1166 -18.6928 -4.42 -35.88 -18.88 -3.405 -37.05 -18.8839
3 16 -3.405 -37.05 -18.8839 -4.42 -35.88 -18.88 -2.8126 -37.187 -19.1465
4 16 -2.5108 -37.4215 -19.2018 -2.8126 -37.187 -19.1465 -4.42 -35.88 -18.88 -2.4 -36.82 -19.55
4 16 -2.5108 -37.4215 -19.2018 -2.4 -36.82 -19.55 0 -38.93 -18.54 -2.3104 -37.5772 -19.129
3 16 -2.3104 -37.5772 -19.129 0 -38.93 -18.54 -1.9748 -38.1611 -18.8246
3 16 -1.9748 -38.1611 -18.8246 0 -38.93 -18.54 -1.8677 -38.7874 -18.4789
4 16 -1.8677 -38.7874 -18.4789 0 -38.93 -18.54 0 -40.93 -17.71 -1.9453 -39.3667 -18.2335
4 16 -1.5159 -40.2229 -17.9183 -1.9453 -39.3667 -18.2335 0 -40.93 -17.71 -1.3485 -40.3372 -17.8812
3 16 -1.3485 -40.3372 -17.8812 0 -40.93 -17.71 -1.265 -40.5219 -17.8128
3 16 -1.265 -40.5219 -17.8128 0 -40.93 -17.71 -1.2782 -40.749 -17.7235
3 16 -1.2782 -40.749 -17.7235 0 -40.93 -17.71 -1.3973 -40.9963 -17.6216
4 16 -1.7418 -40.1965 -17.9185 -1.9748 -39.5389 -18.1649 -1.9453 -39.3667 -18.2335 -1.5159 -40.2229 -17.9183
3 16 -1.9748 -39.5389 -18.1649 -1.7418 -40.1965 -17.9185 -1.9918 -40.2619 -17.8818
4 16 -2.2278 -40.4093 -17.8136 -2.3104 -40.1228 -17.9218 -1.9748 -39.5389 -18.1649 -1.9918 -40.2619 -17.8818
4 16 -2.3104 -40.1228 -17.9218 -2.2278 -40.4093 -17.8136 -2.414 -40.6162 -17.7245 -2.8126 -40.513 -17.747
4 16 -2.414 -40.6162 -17.7245 -2.5218 -40.851 -17.628 -3.0719 -40.573 -17.712 -2.8126 -40.513 -17.747
4 16 -3.0719 -40.573 -17.712 -2.5218 -40.851 -17.628 -2.5334 -41.0503 -17.5497 -3.16 -41.08 -17.51
3 16 -3.16 -41.08 -17.51 -3.4432 -40.6412 -17.5338 -3.0719 -40.573 -17.712
3 16 -2.5334 -41.0503 -17.5497 -2.484 -41.1174 -17.4303 -3.16 -41.08 -17.51
4 16 -2.484 -41.1174 -17.4303 -2.2526 -41.1996 -17.2808 0 -42.36 -15.19 -3.16 -41.08 -17.51
3 16 0 -42.36 -15.19 -2.2526 -41.1996 -17.2808 -2.0079 -41.2142 -17.25
3 16 0 -42.36 -15.19 -2.0079 -41.2142 -17.25 -1.7579 -41.1804 -17.3044
3 16 0 -42.36 -15.19 -1.7579 -41.1804 -17.3044 -1.5346 -41.1041 -17.4345
4 16 -1.5346 -41.1041 -17.4345 -1.3973 -40.9963 -17.6216 0 -40.93 -17.71 0 -42.36 -15.19

3 19 -1.9918 -40.2619 -17.8818 -1.3485 -40.3372 -17.8812 -1.265 -40.5219 -17.8128
3 0 -2.75 -38.72 -18.45 -2.3405 -39.0491 -18.3398 -2.3906 -39.3475 -18.221
4 19 -1.5346 -41.1041 -17.4345 -1.7579 -41.1804 -17.3044 -2.484 -41.1174 -17.4303 -2.5334 -41.0503 -17.5497
4 19 -1.2782 -40.749 -17.7235 -2.2278 -40.4093 -17.8136 -1.9918 -40.2619 -17.8818 -1.265 -40.5219 -17.8128
4 0 -3.6117 -38.6457 -18.1123 -3.7868 -38.7757 -17.9965 -4.4194 -38.3525 -17.8685 -4.3421 -38.2155 -17.9455
4 72 -3.8246 -40.0502 -17.5659 -3.9974 -40.513 -17.3848 -4.4996 -40.1228 -17.3232 -4.1814 -39.7692 -17.5231
3 0 -2.9061 -38.9704 -18.303 -2.75 -38.72 -18.45 -2.865 -39.2 -18.2455
4 72 -3.8252 -37.6489 -18.4125 -3.9974 -37.187 -18.527 -3.6929 -37.1166 -18.6928 -3.434 -37.5568 -18.6261
3 0 -2.75 -38.72 -18.45 -2.9061 -38.9704 -18.303 -3.0232 -38.7757 -18.3171
4 15 -3.0232 -39.6243 -18.0411 -2.9061 -38.9704 -18.303 -2.865 -39.2 -18.2455 -2.9061 -39.4296 -18.1536
4 72 -2.6105 -37.9628 -18.8884 -1.9748 -38.1611 -18.8246 -1.8677 -38.7874 -18.4789 -2.3906 -38.3525 -18.6849
4 72 -2.3104 -40.1228 -17.9218 -2.8126 -40.513 -17.747 -2.9807 -40.0478 -17.9211 -2.6286 -39.7692 -18.0457
4 72 -1.9748 -39.5389 -18.1649 -2.3104 -40.1228 -17.9218 -2.6286 -39.7692 -18.0457 -2.3906 -39.3475 -18.221
4 0 -2.6105 -37.9628 -18.8884 -2.3906 -38.3525 -18.6849 -2.3234 -38.7526 -18.464 -2.75 -38.72 -18.45
4 0 -4.4194 -39.3475 -17.5573 -4.4691 -39.0515 -17.6202 -3.8246 -40.0502 -17.5659 -4.1814 -39.7692 -17.5231
3 0 -3.8246 -40.0502 -17.5659 -3.7868 -39.6243 -17.7204 -3.6117 -39.7543 -17.7516
3 0 -2.75 -38.72 -18.45 -4.3421 -38.2155 -17.9455 -3.434 -37.5568 -18.6261
3 0 -4.4691 -39.0515 -17.6202 -3.945 -39.2 -17.792 -3.9039 -39.4296 -17.7345
4 19 -2.2278 -40.4093 -17.8136 -1.2782 -40.749 -17.7235 -1.3973 -40.9963 -17.6216 -2.414 -40.6162 -17.7245
4 72 -2.3906 -39.3475 -18.221 -2.3405 -39.0491 -18.3398 -1.9453 -39.3667 -18.2335 -1.9748 -39.5389 -18.1649
4 15 -3.7868 -39.6243 -17.7204 -3.6117 -38.6457 -18.1123 -3.405 -38.6 -18.214 -3.6117 -39.7543 -17.7516
4 0 -3.405 -39.8 -17.8236 -3.405 -40.15 -17.7097 -3.8246 -40.0502 -17.5659 -3.6117 -39.7543 -17.7516
3 72 -2.3234 -38.7526 -18.464 -2.3906 -38.3525 -18.6849 -1.8677 -38.7874 -18.4789
4 72 -4.7857 -38.0749 -17.8049 -4.3421 -38.2155 -17.9455 -4.4194 -38.3525 -17.8685 -4.8352 -38.1611 -17.7561
4 15 -3.6117 -38.6457 -18.1123 -3.7868 -39.6243 -17.7204 -3.9039 -39.4296 -17.7345 -3.7868 -38.7757 -17.9965
4 0 -3.1983 -38.6457 -18.2859 -3.405 -38.6 -18.214 -4.3421 -38.2155 -17.9455 -2.75 -38.72 -18.45
4 0 -2.3906 -39.3475 -18.221 -2.6286 -39.7692 -18.0457 -2.9807 -40.0478 -17.9211 -2.75 -38.72 -18.45
4 0 -3.7868 -39.6243 -17.7204 -3.8246 -40.0502 -17.5659 -4.4691 -39.0515 -17.6202 -3.9039 -39.4296 -17.7345
3 0 -3.405 -38.6 -18.214 -3.6117 -38.6457 -18.1123 -4.3421 -38.2155 -17.9455
4 72 -4.8789 -38.4166 -17.6547 -4.4691 -39.0515 -17.6202 -4.4194 -39.3475 -17.5573 -4.8352 -39.5389 -17.3685
3 72 -3.405 -40.15 -17.7097 -3.4432 -40.6412 -17.5338 -3.8246 -40.0502 -17.5659
3 72 -2.9807 -40.0478 -17.9211 -2.8126 -40.513 -17.747 -3.0719 -40.573 -17.712
4 72 -2.8126 -37.187 -19.1465 -2.5108 -37.4215 -19.2018 -2.6105 -37.9628 -18.8884 -2.9848 -37.6489 -18.8309
3 72 -4.8789 -38.4166 -17.6547 -4.503 -38.85 -17.6715 -4.4691 -39.0515 -17.6202
4 72 -1.8677 -38.7874 -18.4789 -1.9453 -39.3667 -18.2335 -2.3405 -39.0491 -18.3398 -2.3234 -38.7526 -18.464
3 72 -3.434 -37.5568 -18.6261 -3.6929 -37.1166 -18.6928 -3.405 -37.05 -18.8839
3 0 -2.3234 -38.7526 -18.464 -2.3405 -39.0491 -18.3398 -2.75 -38.72 -18.45
3 72 -4.8352 -39.5389 -17.3685 -4.953 -38.85 -17.5141 -4.8789 -38.4166 -17.6547
3 0 -2.9807 -40.0478 -17.9211 -3.0232 -39.6243 -18.0411 -2.9061 -39.4296 -18.1536
4 0 -2.6105 -37.9628 -18.8884 -2.75 -38.72 -18.45 -3.434 -37.5568 -18.6261 -2.9848 -37.6489 -18.8309
4 19 -2.414 -40.6162 -17.7245 -1.3973 -40.9963 -17.6216 -2.5334 -41.0503 -17.5497 -2.5218 -40.851 -17.628
4 72 -2.5108 -37.4215 -19.2018 -2.3104 -37.5772 -19.129 -1.9748 -38.1611 -18.8246 -2.6105 -37.9628 -18.8884
4 19 -1.7418 -40.1965 -17.9185 -1.5159 -40.2229 -17.9183 -1.3485 -40.3372 -17.8812 -1.9918 -40.2619 -17.8818
4 72 -2.9848 -37.6489 -18.8309 -3.434 -37.5568 -18.6261 -3.405 -37.05 -18.8839 -2.8126 -37.187 -19.1465
4 15 -3.1983 -38.6457 -18.2859 -3.0232 -38.7757 -18.3171 -3.1983 -39.7543 -17.9252 -3.405 -39.8 -17.8236
4 15 -3.1983 -39.7543 -17.9252 -3.0232 -38.7757 -18.3171 -2.9061 -38.9704 -18.303 -3.0232 -39.6243 -18.0411
4 72 -4.1814 -39.7692 -17.5231 -4.4996 -40.1228 -17.3232 -4.8352 -39.5389 -17.3685 -4.4194 -39.3475 -17.5573
4 15 -3.6117 -39.7543 -17.7516 -3.405 -38.6 -18.214 -3.1983 -38.6457 -18.2859 -3.405 -39.8 -17.8236
4 15 -3.7868 -38.7757 -17.9965 -3.9039 -39.4296 -17.7345 -3.945 -39.2 -17.792 -3.9039 -38.9704 -17.8839
4 0 -4.4691 -39.0515 -17.6202 -4.503 -38.85 -17.6715 -3.9039 -38.9704 -17.8839 -3.945 -39.2 -17.792
4 0 -3.7868 -38.7757 -17.9965 -3.9039 -38.9704 -17.8839 -4.503 -38.85 -17.6715 -4.4194 -38.3525 -17.8685
4 0 -3.405 -39.8 -17.8236 -3.1983 -39.7543 -17.9252 -2.9807 -40.0478 -17.9211 -3.405 -40.15 -17.7097
4 0 -3.434 -37.5568 -18.6261 -4.3421 -38.2155 -17.9455 -4.1814 -37.9308 -18.1357 -3.8252 -37.6489 -18.4125
4 72 -4.4996 -37.5772 -18.1398 -4.1814 -37.9308 -18.1357 -4.3421 -38.2155 -17.9455 -4.7857 -38.0749 -17.8049
4 0 -2.865 -39.2 -18.2455 -2.75 -38.72 -18.45 -2.9807 -40.0478 -17.9211 -2.9061 -39.4296 -18.1536
4 72 -4.8352 -38.1611 -17.7561 -4.4194 -38.3525 -17.8685 -4.503 -38.85 -17.6715 -4.8789 -38.4166 -17.6547
3 0 -2.75 -38.72 -18.45 -3.0232 -38.7757 -18.3171 -3.1983 -38.6457 -18.2859
4 72 -3.0719 -40.573 -17.712 -3.4432 -40.6412 -17.5338 -3.405 -40.15 -17.7097 -2.9807 -40.0478 -17.9211
4 72 -4.1814 -37.9308 -18.1357 -4.4996 -37.5772 -18.1398 -3.9974 -37.187 -18.527 -3.8252 -37.6489 -18.4125
4 19 -2.2526 -41.1996 -17.2808 -2.484 -41.1174 -17.4303 -1.7579 -41.1804 -17.3044 -2.0079 -41.2142 -17.25
3 0 -3.1983 -39.7543 -17.9252 -3.0232 -39.6243 -18.0411 -2.9807 -40.0478 -17.9211
3 16 -3.05 -42.49 -15.2 -3.16 -41.08 -17.51 0 -42.36 -15.19
3 16 -5.81 -40.42 -16.81 -3.16 -41.08 -17.51 -5.77 -41.78 -14.9
3 16 -5.77 -41.78 -14.9 -3.16 -41.08 -17.51 -3.05 -42.49 -15.2
3 16 0 -37.13 -19.69 0 -38.93 -18.54 -2.4 -36.82 -19.55
4 16 -5.18 -37.95 -17.68 -6.62 -39.3 -16.28 -6.88 -37.83 -16.35 -6.82 -35.94 -16.75
3 16 -5.81 -40.42 -16.81 -6.62 -39.3 -16.28 -5.18 -37.95 -17.68
3 16 -6.2 -34.62 -17.72 -4.42 -35.88 -18.88 -6.82 -35.94 -16.75
3 16 -6.82 -35.94 -16.75 -4.42 -35.88 -18.88 -5.18 -37.95 -17.68

0 // Snout
3 19 -2.1779 -33.2036 -28.86 -2.5 -32.5 -28.86 -1.6896 -32.5162 -29.0707
4 0 0 -31.45 -28.9165 0 -32.55 -29.51 -1.6896 -32.5162 -29.0707 -.6506 -31.5337 -28.7995
4 19 -.9557 -33.4343 -29.153 0 -32.55 -29.51 0 -33.65 -29.3891 -.6506 -33.5663 -29.2214
4 0 -1.5706 -32.129 -28.8914 -1.2764 -31.8442 -28.8111 -.8918 -31.638 -28.7957 -.6506 -31.5337 -28.7995
3 0 -1.6896 -32.5162 -29.0707 -1.5706 -32.129 -28.8914 -.6506 -31.5337 -28.7995
4 19 -1.2021 -33.3278 -29.1011 -1.6896 -32.5162 -29.0707 0 -32.55 -29.51 -.9557 -33.4343 -29.153
3 19 -1.2021 -33.3278 -29.1011 -1.5706 -32.971 -29.0473 -1.6896 -32.5162 -29.0707
3 16 0 -33.65 -29.3891 0 -34.37 -29.31 -.6506 -33.5663 -29.2214
4 16 -.9557 -33.4343 -29.153 -.6506 -33.5663 -29.2214 0 -34.37 -29.31 -1.74 -34.16 -28.86
3 16 -.9557 -33.4343 -29.153 -1.74 -34.16 -28.86 -1.2021 -33.3278 -29.1011
4 16 -2.1779 -33.2036 -28.86 -1.5706 -32.971 -29.0473 -1.2021 -33.3278 -29.1011 -1.74 -34.16 -28.86
3 16 -1.5706 -32.971 -29.0473 -2.1779 -33.2036 -28.86 -1.6896 -32.5162 -29.0707
3 19 -1.6896 -32.5162 -29.0707 -2.5 -32.5 -28.86 -1.5706 -32.129 -28.8914
3 19 -2.5 -32.5 -28.86 -3.13 -30.97 -28.18 -1.2764 -31.8442 -28.8111
3 19 -1.2764 -31.8442 -28.8111 -1.5706 -32.129 -28.8914 -2.5 -32.5 -28.86
3 19 -1.2764 -31.8442 -28.8111 -3.13 -30.97 -28.18 -.8918 -31.638 -28.7957
3 19 -.8918 -31.638 -28.7957 -3.13 -30.97 -28.18 0 -31.16 -28.76
3 19 0 -31.16 -28.76 -.6506 -31.5337 -28.7995 -.8918 -31.638 -28.7957
3 19 -.6506 -31.5337 -28.7995 0 -31.16 -28.76 0 -31.45 -28.9165
3 16 -2.04 -35.67 -23.8 -1.74 -34.16 -28.86 0 -35.99 -23.95
3 16 -4.17 -33.99 -23.12 -1.74 -34.16 -28.86 -2.04 -35.67 -23.8
4 16 -6.2 -34.62 -17.72 -5.31 -31.54 -22.48 -3.6832046875 -32.5764296875 -25.48844921875 -4.17 -33.99 -23.12
3 19 -3.13 -30.97 -28.18 -3.6832046875 -32.5764296875 -25.48844921875 -5.31 -31.54 -22.48
3 16 0 -35.99 -23.95 0 -37.13 -19.69 -2.04 -35.67 -23.8
3 16 -2.04 -35.67 -23.8 0 -37.13 -19.69 -2.4 -36.82 -19.55
3 16 -4.42 -35.88 -18.88 -2.04 -35.67 -23.8 -2.4 -36.82 -19.55
3 16 -6.49 -32.25 -17.81 -5.92 -30.25 -19.97 -5.31 -31.54 -22.48
3 16 -5.31 -31.54 -22.48 -5.2 -29.27 -20.94 -5.0206 -30.2456 -22.7338
3 16 -5.0206 -30.2456 -22.7338 -5.2 -29.27 -20.94 -4.7775 -29.2375 -23.02
4 19 -5.31 -31.54 -22.48 -5.0206 -30.2456 -22.7338 -4.7775 -29.2375 -23.02 -4.68 -29.23 -23.5
3 16 -5.2 -29.27 -20.94 -5.31 -31.54 -22.48 -5.92 -30.25 -19.97
3 16 -6.49 -32.25 -17.81 -5.31 -31.54 -22.48 -6.2 -34.62 -17.72
3 19 -5.31 -31.54 -22.48 -4.68 -29.23 -23.5 -4.03 -29.83 -26.39
3 19 -3.13 -30.97 -28.18 -5.31 -31.54 -22.48 -4.03 -29.83 -26.39
3 16 -2.04 -35.67 -23.8 -4.42 -35.88 -18.88 -4.17 -33.99 -23.12
3 16 0 -35.99 -23.95 -1.74 -34.16 -28.86 0 -34.37 -29.31
3 19 -2.97725 -32.9258 -27.2197 -2.5 -32.5 -28.86 -2.1779 -33.2036 -28.86
4 16 -4.17 -33.99 -23.12 -2.97725 -32.9258 -27.2197 -2.1779 -33.2036 -28.86 -1.74 -34.16 -28.86
3 16 -4.17 -33.99 -23.12 -3.6832046875 -32.5764296875 -25.48844921875 -2.97725 -32.9258 -27.2197
4 19 -3.6832046875 -32.5764296875 -25.48844921875 -3.13 -30.97 -28.18 -2.5 -32.5 -28.86 -2.97725 -32.9258 -27.2197
3 19 -4.3975 -29.0975 -23.2025 -4.68 -29.23 -23.5 -4.7775 -29.2375 -23.02
4 16 -5.2 -29.27 -20.94 -3.55 -28.7 -22.31 -4.3975 -29.0975 -23.2025 -4.7775 -29.2375 -23.02
4 19 -4.68 -29.23 -23.5 -3.1963 -28.9733 -23.6724 -2.67 -29.38 -25.7 -4.03 -29.83 -26.39
3 16 -4.3975 -29.0975 -23.2025 -3.55 -28.7 -22.31 -3.1963 -28.9733 -23.6724
3 19 -4.68 -29.23 -23.5 -4.3975 -29.0975 -23.2025 -3.1963 -28.9733 -23.6724
3 19 -3.13 -30.97 -28.18 -4.03 -29.83 -26.39 -1.36 -29.9 -27.17
3 19 -1.36 -29.9 -27.17 -4.03 -29.83 -26.39 -2.67 -29.38 -25.7
4 19 0 -30.08 -27.55 0 -31.16 -28.76 -3.13 -30.97 -28.18 -1.36 -29.9 -27.17
3 19 0 -30.08 -27.55 -1.36 -29.9 -27.17 0 -28.63 -26.33
3 19 0 -28.63 -26.33 -1.36 -29.9 -27.17 -.85 -28.62 -26.15
3 19 -1.81 -28.48 -25.07 -.85 -28.62 -26.15 -2.67 -29.38 -25.7
3 19 -2.67 -29.38 -25.7 -.85 -28.62 -26.15 -1.36 -29.9 -27.17
3 16 -3.1963 -28.9733 -23.6724 -3.55 -28.7 -22.31 -1.81 -28.48 -25.07
3 19 -2.67 -29.38 -25.7 -3.1963 -28.9733 -23.6724 -1.81 -28.48 -25.07
3 16 -4.17 -33.99 -23.12 -4.42 -35.88 -18.88 -6.2 -34.62 -17.72
3 16 -2.35 -28.04 -22.33 -1.81 -28.48 -25.07 -3.55 -28.7 -22.31
3 19 -1.81 -28.48 -25.07 0 -28.27 -25.33 -.85 -28.62 -26.15
3 19 -.85 -28.62 -26.15 0 -28.27 -25.33 0 -28.63 -26.33
3 16 0 -28.27 -25.33 -1.81 -28.48 -25.07 0 -27.87 -22.3
3 16 0 -27.87 -22.3 -1.81 -28.48 -25.07 -2.35 -28.04 -22.33
