0 ~Windscreen  6 x  4 x  1.333 Airplane without Front Faces
0 Name: s\6152s01.dat
0 Author: Evert-Jan Boer [ejboer]
0 !LDRAW_ORG Unofficial_Subpart
0 !LICENSE Redistributable under CCAL version 2.0 : see CAreadme.txt

0 BFC CERTIFY CCW

0 !HISTORY 2020-09-27 [ejboer] Subparted from 6152 for patterns

2 24 40 32 -20 40 32 40
2 24 40 0 40 40 28 -20
2 24 20 0 -20 20 28 -80
2 24 -20 0 -20 -20 28 -80
2 24 40 28 -20 40 32 -20
2 24 -20 0 -20 20 0 -20
2 24 -20 32 -80 20 32 -80
2 24 -20 28 -80 20 28 -80
2 24 40 0 40 20 0 -20
2 24 40 32 -20 20 32 -80
2 24 40 28 -20 20 28 -80
2 24 -40 0 40 -20 0 -20
2 24 -40 32 -20 -20 32 -80
2 24 -40 28 -20 -20 28 -80
2 24 20 28 -80 20 32 -80
2 24 -20 28 -80 -20 32 -80
2 24 -40 32 -20 -40 32 40
2 24 -40 0 40 -40 28 -20
2 24 -40 28 -20 -40 32 -20
0 // bottom
1 16 -38 16 40 -2 0 0 0 0 16 0 -1 0 rect.dat
1 16 30 28 -10 -10 0 0 0 1 0 0 0 10 1-4edge.dat
1 16 -30 28 -10 0 0 10 0 1 0 10 0 0 1-4edge.dat
1 16 30 32 -10 -10 0 0 0 1 0 0 0 10 1-4edge.dat
1 16 -30 32 -10 0 0 10 0 1 0 10 0 0 1-4edge.dat
1 16 38 16 40 0 0 2 16 0 0 0 -1 0 rect.dat
0 // insides
4 16 -36 32 0 -36 32 40 -36 4 40 -36 28 0
4 16 -36 28 -20 -36 28 0 -36 4 40 -36 4 31.25
2 24 -36 28 -20 -36 28 0
2 24 -36 32 0 -36 32 40
4 16 -40 32 40 -36 32 40 -36 32 -16 -40 32 -20
4 16 36 32 40 40 32 40 40 32 -20 36 32 -16
0 // other inside
4 16 36 4 40 36 32 40 36 32 0 36 28 0
4 16 36 4 40 36 28 0 36 28 -20 36 4 31.25
2 24 36 28 -20 36 28 0
2 24 36 32 0 36 32 40
1 16 -27.5 16 -19.375 0 0 -8.5 -12 -1 0 25.625 0 25 rect3.dat
1 16 27.5 16 -19.375 0 0 8.5 12 -1 0 -25.625 0 25 rect3.dat
1 16 0 16 -44.375 0 0 -19 -12 -1 0 25.625 0 0 rect.dat
0 // pegholes
1 16 30 28 -10 6 0 0 0 1 0 0 0 6 4-4edge.dat
1 16 30 32 -10 6 0 0 0 1 0 0 0 6 4-4edge.dat
0 BFC INVERTNEXT
1 16 30 32 -10 6 0 0 0 -4 0 0 0 6 4-4cyli.dat
1 16 -30 28 -10 6 0 0 0 1 0 0 0 6 4-4edge.dat
1 16 -30 32 -10 6 0 0 0 1 0 0 0 6 4-4edge.dat
0 BFC INVERTNEXT
1 16 -30 32 -10 6 0 0 0 -4 0 0 0 6 4-4cyli.dat
1 16 10 28 -70 6 0 0 0 -1 0 0 0 6 4-4edge.dat
1 16 10 32 -70 6 0 0 0 1 0 0 0 6 4-4edge.dat
0 BFC INVERTNEXT
1 16 10 32 -70 6 0 0 0 -4 0 0 0 6 4-4cyli.dat
1 16 -10 28 -70 6 0 0 0 1 0 0 0 6 4-4edge.dat
1 16 -10 32 -70 6 0 0 0 1 0 0 0 6 4-4edge.dat
0 BFC INVERTNEXT
1 16 -10 32 -70 6 0 0 0 -4 0 0 0 6 4-4cyli.dat
0 // peghole edges
4 16 24 32 -16 20 32 -80 20 32 -10 24 32 -10
4 16 24 32 -16 36 32 -16 40 32 -20 20 32 -80
1 16 30 32 -10 -6 0 0 0 -1 0 0 0 -6 3-4ndis.dat
1 16 30 32 -10 0 0 -2 0 -1 0 2 0 0 1-4ring3.dat
1 16 30 32 -10 0 0 -2 0 -1 0 2 0 0 1-4ring4.dat
1 16 33 32 -2 0 0 -3 0 -1 0 2 0 0 rect1.dat
0 // edge top
1 16 30 28 -10 -6 0 0 0 1 0 0 0 -6 3-4ndis.dat
4 16 20 28 -10 20 28 -60 24 28 -16 24 28 -10
4 16 36 28 -16 24 28 -16 20 28 -60 36 28 -20
1 16 30 28 -10 0 0 -2 0 1 0 2 0 0 1-4ring3.dat
1 16 30 28 -10 0 0 -2 0 1 0 2 0 0 1-4ring4.dat
1 16 33 28 -2 0 0 3 0 1 0 2 0 0 rect1.dat
0 // other peghole edge
4 16 -20 32 -10 -20 32 -80 -24 32 -16 -24 32 -10
4 16 -36 32 -16 -24 32 -16 -20 32 -80 -40 32 -20
1 16 -30 32 -10 6 0 0 0 -1 0 0 0 -6 3-4ndis.dat
1 16 -30 32 -10 0 0 2 0 -1 0 2 0 0 1-4ring3.dat
1 16 -30 32 -10 0 0 2 0 -1 0 2 0 0 1-4ring4.dat
1 16 -33 32 -2 0 0 -3 0 -1 0 2 0 0 rect1.dat
0 // edge top
1 16 -30 28 -10 6 0 0 0 1 0 0 0 -6 3-4ndis.dat
4 16 -24 28 -16 -20 28 -60 -20 28 -10 -24 28 -10
4 16 -20 28 -60 -24 28 -16 -36 28 -16 -36 28 -20
1 16 -30 28 -10 0 0 2 0 1 0 2 0 0 1-4ring3.dat
1 16 -30 28 -10 0 0 2 0 1 0 2 0 0 1-4ring4.dat
1 16 -33 28 -2 0 0 3 0 1 0 2 0 0 rect1.dat
0 // edge side
1 16 30 28 -10 -10 0 0 0 4 0 0 0 10 1-4cyli.dat
1 16 -30 28 -10 10 0 0 0 4 0 0 0 10 1-4cyli.dat
1 16 33 30 0 3 0 0 0 0 -2 0 -1 0 rect1.dat
1 16 -33 30 0 -3 0 0 0 0 2 0 -1 0 rect1.dat
0 // inside bottom
1 16 10 28 -70 6 0 0 0 1 0 0 0 6 2-4ndis.dat
1 16 10 28 -70 6 0 0 0 -1 0 0 0 -6 2-4disc.dat
3 16 36 28 -20 20 28 -60 19 28 -70
0 // now other side
1 16 20 30 -35 0 1 0 -2 0 0 0 0 -25 rect3.dat
3 16 -36 28 -20 -19 28 -70 -20 28 -60
1 16 -10 28 -70 6 0 0 0 1 0 0 0 6 2-4ndis.dat
1 16 -10 28 -70 6 0 0 0 -1 0 0 0 -6 2-4disc.dat
4 16 -16 28 -64 -20 28 -60 -19 28 -70 -16 28 -70
4 16 19 28 -70 20 28 -60 16 28 -64 16 28 -70
4 16 4 28 -70 4 28 -64 -4 28 -64 -4 28 -70
4 16 16 28 -64 20 28 -60 -20 28 -60 -16 28 -64
3 16 -20 32 -80 -16 32 -76 -4 32 -76
3 16 4 32 -76 16 32 -76 20 32 -80
3 16 -16 32 -64 -20 32 -60 -4 32 -64
3 16 16 32 -64 4 32 -64 20 32 -60
4 16 4 32 -64 -4 32 -64 -20 32 -60 20 32 -60
4 16 -20 32 -80 -4 32 -76 4 32 -76 20 32 -80
4 16 -4 32 -76 -4 32 -64 4 32 -64 4 32 -76
0 // inside front
1 16 -20 30 -35 0 -1 0 2 0 0 0 0 -25 rect3.dat
1 16 0 30 -60 -20 0 0 0 0 2 0 -1 0 rect2p.dat
1 16 10 32 -70 6 0 0 0 -1 0 0 0 6 4-4ndis.dat
1 16 -10 32 -70 6 0 0 0 -1 0 0 0 6 4-4ndis.dat
4 16 -16 32 -64 -16 32 -76 -20 32 -80 -20 32 -60
4 16 16 32 -76 16 32 -64 20 32 -60 20 32 -80
0 // under top
2 24 36 4 31.25 36 4 40
2 24 -36 4 31.25 -36 4 40
4 16 23.5434 4 3.7038 36 4 40 36 4 31.25 19 4 -18.75
4 16 -36 4 40 -23.5434 4 3.7038 -19 4 -18.75 -36 4 31.25
4 16 19 4 -18.75 -19 4 -18.75 -18 4 0 18 4 0
0 // top
4 16 40 0 40 36 0 40 23.5434 0 3.7038 20 0 -20
4 16 -20 0 -20 -23.5434 0 3.7038 -36 0 40 -40 0 40
4 16 18 0 0 -18 0 0 -20 0 -20 20 0 -20
1 16 -29.7717 2 21.8519 -6.2283 -1 0 0 0 2 18.1481 0 0 rect2p.dat
1 16 0 2 0 -18 0 0 0 0 2 0 -1 0 rect2p.dat
1 16 29.7717 2 21.8519 -6.2283 1 0 0 0 2 -18.1481 0 0 rect2p.dat

3 16 18 0 0 20 0 -20 20.2962 0 .4566
3 16 20.2962 0 .4566 20 0 -20 22.2426 0 1.7574
3 16 22.2426 0 1.7574 20 0 -20 23.5434 0 3.7038
1 16 18 0 6 0 0 6 0 1 0 -6 0 0 3-16edge.dat
3 16 20.2962 4 .4566 19 4 -18.75 18 4 0
3 16 22.2426 4 1.7574 19 4 -18.75 20.2962 4 .4566
3 16 23.5434 4 3.7038 19 4 -18.75 22.2426 4 1.7574
1 16 18 4 6 0 0 6 0 1 0 -6 0 0 3-16edge.dat
0 BFC INVERTNEXT
1 16 18 0 6 0 0 6 0 4 0 -6 0 0 3-16cyli.dat

3 16 -20.2962 0 .4566 -20 0 -20 -18 0 0
3 16 -22.2426 0 1.7574 -20 0 -20 -20.2962 0 .4566
3 16 -23.5434 0 3.7038 -20 0 -20 -22.2426 0 1.7574
1 16 -18 0 6 0 0 -6 0 1 0 -6 0 0 3-16edge.dat
3 16 -18 4 0 -19 4 -18.75 -20.2962 4 .4566
3 16 -20.2962 4 .4566 -19 4 -18.75 -22.2426 4 1.7574
3 16 -22.2426 4 1.7574 -19 4 -18.75 -23.5434 4 3.7038
1 16 -18 4 6 0 0 -6 0 1 0 -6 0 0 3-16edge.dat
0 BFC INVERTNEXT
1 16 -18 0 6 0 0 -6 0 4 0 -6 0 0 3-16cyli.dat

1 16 10 0 -10 0 0 -1 0 1 0 1 0 0 stud2.dat
1 16 -10 0 -10 0 0 -1 0 1 0 1 0 0 stud2.dat
