0 ~Technic Beam  7 x  5 with Open Center  5 x  3 Quarter
0 Name: s\64179s01.dat
0 Author: Santeri Piippo [arezey]
0 !LDRAW_ORG Unofficial_Subpart
0 !LICENSE Redistributable under CCAL version 2.0 : see CAreadme.txt

0 BFC CERTIFY CCW

0 !HISTORY 2012-12-28 [PTadmin] Official Update 2012-03
0 !HISTORY 2022-07-15 [SwampKryakwa] Use of npeghole primitives

1 16 40 0 60 1 0 0 0 1 0 0 0 1 connhole.dat
1 16 40 0 20 1 0 0 0 1 0 0 0 1 connhole.dat
0 //
1 16 20 0 70 -1 0 0 0 0 1 0 -1 0 peghole.dat
0 BFC INVERTNEXT
1 16 20 0 52 -6 0 0 0 0 6 0 16 0 4-4cyli.dat
1 16 20 0 52 -6 0 0 0 0 6 0 1 0 4-4edge.dat
1 16 20 0 70 -1 0 0 0 0 -1 0 -1 0 4-4ring8.dat
1 16 20 0 70 1 0 0 0 0 1 0 -1 0 1-8ring9.dat
1 16 20 0 70 1 0 0 0 0 -1 0 -1 0 1-8ring9.dat
1 16 20 0 70 10 0 0 0 0 10 0 -1 0 1-16edge.dat
1 16 20 0 70 10 0 0 0 0 -10 0 -1 0 1-16edge.dat
1 16 20 0 70 0 0 9 -9 0 0 0 -1 0 1-8ndis.dat
1 16 20 0 70 0 0 9 9 0 0 0 -1 0 1-8ndis.dat
0 //
1 16 50 0 40 0 -1 0 -1 0 0 0 0 1 peghole.dat
0 BFC INVERTNEXT
1 16 32 0 40 0 16 0 -6 0 0 0 0 6 4-4cyli.dat
1 16 32 0 40 0 1 0 -6 0 0 0 0 6 4-4edge.dat
1 16 50 0 40 0 -1 0 -1 0 0 0 0 -1 4-4ring8.dat
0 //
1 16 10 0 70 0 0 -1 1 0 0 0 -8 0 npeghol2.dat
1 16 40 10 60 0 0 10 0 -20 0 10 0 0 1-4cyli.dat
1 16 30 0 70 0 0 -1 1 0 0 0 -1 0 npeghol19.dat
1 16 50 0 40 0 -1 0 9 0 0 0 0 -9 4-4ndis.dat
4 16 50 -10 10 50 10 10 50 9 31 50 -9 31
4 16 50 -9 49 50 9 49 50 9 60 50 -9 60
3 16 50 -10 10 50 -9 31 50 -10 30
4 16 50 -10 50 50 -9 49 50 -9 60 50 -10 60
4 16 50 -10 30 50 -9 31 50 -9 49 50 -10 50
3 16 50 10 10 50 10 31 50 9 31
4 16 50 9 49 50 10 49 50 10 60 50 9 60
4 16 50 9 31 50 10 31 50 10 49 50 9 49
1 16 40 -10 60 1 0 0 0 1 0 0 0 -1 4-4ring9.dat
1 16 40 10 60 1 0 0 0 -1 0 0 0 -1 4-4ring9.dat
1 16 40 10 60 -7.071 0 7.071 0 -1 0 -7.071 0 -7.071 1-16tang.dat
1 16 40 -10 20 1 0 0 0 1 0 0 0 1 2-4ring9.dat
1 16 40 10 20 1 0 0 0 -1 0 0 0 1 2-4ring9.dat
1 16 40 -10 20 10 0 0 0 1 0 0 0 10 1-8ndis.dat
1 16 40 -10 20 -10 0 0 0 1 0 0 0 10 1-8ndis.dat
1 16 40 -10 60 10 0 0 0 1 0 0 0 -10 1-8ndis.dat
1 16 40 -10 60 -10 0 0 0 1 0 0 0 -10 1-8ndis.dat
1 16 40 10 20 10 0 0 0 -1 0 0 0 10 1-8ndis.dat
1 16 40 10 20 -10 0 0 0 -1 0 0 0 10 1-8ndis.dat
1 16 40 10 60 10 0 0 0 -1 0 0 0 -10 1-8ndis.dat
1 16 40 10 60 -10 0 0 0 -1 0 0 0 -10 1-8ndis.dat
0 //
0 //
1 16 40 0 50 -1 0 0 0 1 0 0 0 1 npeghol10.dat
1 16 40 0 30 -1 0 0 0 1 0 0 0 -1 npeghol10.dat
1 16 40 0 10 -1 0 0 0 1 0 0 0 1 npeghol9.dat
1 16 40 -9 60 -10 0 0 0 1 0 0 0 10 1-4ndis.dat
1 16 40 -10 60 -10 0 0 0 1 0 0 0 10 1-4cyli.dat
1 16 30 -9.5 55 0 1 0 0.5 0 0 0 0 -5 rect1.dat
1 16 40 9 60 -10 0 0 0 -1 0 0 0 10 1-4ndis.dat
1 16 40 9 60 -10 0 0 0 1 0 0 0 10 1-4cyli.dat
1 16 30 9.5 55 0 1 0 -0.5 0 0 0 0 5 rect1.dat
1 16 20 0 52 0 0 2 2 0 0 0 1 0 4-4ring3.dat
1 16 20 0 52 8 0 0 0 0 8 0 1 0 2-4ndis.dat
1 16 20 0 50 -8 0 0 0 0 -8 0 1 0 2-4ndis.dat
0 BFC INVERTNEXT
1 16 20 0 50 8 0 0 0 0 -8 0 2 0 2-4cyli.dat
4 16 12 -9 50 12 -8 50 28 -8 50 28 -9 50
1 16 20 8.5 52 0 0 8 0.5 0 0 0 1 0 rect1.dat
1 16 12 4.5 51 0 -1 0 4.5 0 0 0 0 1 rect2p.dat
1 16 28 4.5 51 0 1 0 4.5 0 0 0 0 1 rect2p.dat
1 16 20 0 52 -8 0 0 0 0 -8 0 1 0 2-4edge.dat
1 16 20 0 50 -8 0 0 0 0 -8 0 1 0 2-4edge.dat
0 //
1 16 32 0 40 0 1 0 2 0 0 0 0 -2 4-4ring3.dat
1 16 32 0 40 0 1 0 0 0 8 -8 0 0 2-4ndis.dat
1 16 30 0 40 0 1 0 0 0 -8 8 0 0 2-4ndis.dat
0 BFC INVERTNEXT
1 16 30 0 40 0 2 0 0 0 -8 -8 0 0 2-4cyli.dat
4 16 30 -10 48 30 -8 48 30 -8 32 30 -10 32
1 16 32 9 40 0 1 0 1 0 0 0 0 -8 rect1.dat
1 16 31 5 48 0 0 1 5 0 0 0 1 0 rect2p.dat
1 16 31 5 32 0 0 1 5 0 0 0 -1 0 rect2p.dat
1 16 32 0 40 0 1 0 0 0 -8 8 0 0 2-4edge.dat
1 16 30 0 40 0 1 0 0 0 -8 8 0 0 2-4edge.dat
0 //
4 16 30 -10 32 30 10 32 30 10 8 30 -10 8
1 16 10 0 50 0 0 2 9 0 0 0 1 0 rect1.dat
1 16 15 -9 60 0 0 15 0 1 0 -10 0 0 rect1.dat
1 16 4 9 61 0 0 -4 0 -1 0 -9 0 0 rect1.dat
4 16 8 9 70 12 9 70 12 9 52 8 9 52
4 16 12 9 70 28 9 70 28 9 52 12 9 52
4 16 28 9 70 30 9 70 30 9 52 28 9 52
1 16 29 9 51 0 0 -1 0 -1 0 -1 0 0 rect2a.dat
1 16 10 9 51 0 0 -2 0 -1 0 -1 0 0 rect2p.dat
4 16 30 -10 50 30 -9 50 30 -9 48 30 -10 48
4 16 30 9 50 30 10 50 30 10 48 30 9 48
1 16 30 0 49 0 1 0 0 0 9 1 0 0 rect1.dat
4 16 28 -9 50 28 9 50 30 9 50 30 -9 50
0 //
0 //
0 //
0 //
0 //
0 //
0 //
0 //
2 24 32 10 48 30 10 48
2 24 30 10 48 30 10 60
2 24 50 -10 0 50 -10 20
2 24 50 -10 20 50 -10 60
2 24 30 -10 60 30 -10 20
2 24 30 -10 20 30 -10 0
2 24 50 10 20 50 10 0
2 24 50 10 60 50 10 20
2 24 30 10 20 30 10 32
2 24 30 10 32 32 10 32
2 24 30 10 10 30 10 20
0 //
2 24 40 -9 70 0 -9 70
2 24 40 9 70 0 9 70
1 16 40 -10 60 10 0 0 0 -1 0 0 0 10 2-4edge.dat
1 16 40 -9 60 0 0 -10 0 -1 0 10 0 0 1-4edge.dat
1 16 40 10 60 10 0 0 0 -1 0 0 0 10 2-4edge.dat
1 16 40 9 60 0 0 -10 0 -1 0 10 0 0 1-4edge.dat
0 //
2 24 32 -1 48.801 48 -1 48.801
2 24 32 -1 54.319 32 -1 48.801
2 24 48 1 48.801 34 1 48.801
2 24 48 1 54.319 48 1 48.801
3 16 50 -10 30 47.070999922 -10 29.40623386 47.071 -10 27.071
3 16 47.071 -10 52.929 47.070999922 -10 50.59374388 50 -10 50
4 16 47.070999922 -10 29.40623386 50 -10 30 50 -10 50 47.070999922 -10 50.59374388
4 16 32.929000078 -10 50.59374388 30 -10 50 30 -10 30 32.929000078 -10 29.40623386
3 16 32.9249311096 -10 27.06458203 32.929000078 -10 29.40623386 30 -10 30
3 16 32.929000078 -10 50.59374388 32.9249311096 -10 52.93541797 30 -10 50
4 16 32.929000078 10 29.40623386 32.9249311096 10 27.06458203 30 10 30 30 10 32
3 16 30 10 32 32 10 32 32.929000078 10 29.40623386
3 16 30 10 48 32.929000078 10 50.59374388 32 10 48
4 16 32.9249311096 10 52.93541797 32.929000078 10 50.59374388 30 10 48 30 10 50
4 16 32 10 32 32 10 48 32.929000078 10 50.59374388 32.929000078 10 29.40623386
2 24 30 10 10 30 10 8
4 16 50 -10 0 50 -9 0 50 -9 9 50 -10 10
4 16 50 9 9 50 9 0 50 10 0 50 10 10
4 16 50 10 10 50 -10 10 50 -9 9 50 9 9
3 16 29.40368342 7.0728 70 29 9 70 27.071 7.071 70
3 16 29 -9 70 29.40368342 -7.0728 70 27.071 -7.071 70
4 16 40 -7.0728 70 29.40368342 -7.0728 70 29 -9 70 40 -9 70
4 16 29 9 70 29.40368342 7.0728 70 40 7.0693 70 40 9 70
2 24 32 10 8 30 10 8
3 16 36.173 10 50.761 36.1848 10 49.011675791344287632678391210109 34.3354219 10 51.5225781
3 16 32.929000078 10 50.59374388 32.9249311096 10 52.93541797 34.3354219 10 51.5225781
3 16 32.9249311096 10 27.06458203 32.929000078 10 29.40623386 36.173 10 29.239
3 16 36.1848 10 30.9883 36.173 10 29.239 32.929000078 10 29.40623386
4 16 36.1848 10 30.9883 32.929000078 10 29.40623386 32.929000078 10 50.59374388 36.1848 10 49.011675791344287632678391210109
3 16 32.929000078 10 50.59374388 34.3354219 10 51.5225781 36.1848 10 49.011675791344287632678391210109
3 16 50 10 30 47.071 10 27.071 47.0728 10 29.40368342
3 16 47.071 10 52.929 50 10 50 47.0728 10 50.5962
4 16 50 10 50 50 10 30 47.0728 10 29.40368342 47.0728 10 50.5962
2 24 32 10 8 32 10 0
