0 ~Technic Beam with Alternate Holes T-Joint -Half
0 Name: s\67491s01.dat
0 Author: Gerald Lasser [GeraldLasser]
0 !LDRAW_ORG Unofficial_Subpart
0 !LICENSE Redistributable under CCAL version 2.0 : see CAreadme.txt

0 BFC CERTIFY CCW

0 !HISTORY 2022-07-15 [SwampKryakwa] Use of npeghole primitives

1 16 0 -10 0 1 0 0 0 1 0 0 0 -1 3-8ring9.dat
1 16 10 0 -20 0 -1 0 8 0 0 0 0 8 2-4ndis.dat
4 16 10 -8 -12 10 -10 -10 10 -10 -20 10 -8 -20
4 16 10 -10 -10 10 -8 -12 10 8 -12 10 10 -10
4 16 10 10 -10 10 8 -12 10 8 -20 10 10 -20
2 24 10 -10 0 10 -10 -20
1 16 -10 0 -20 0 1 0 -8 0 0 0 0 8 1-4ndis.dat
2 24 -10 10 -12 -10 10 -10
2 24 -10 -10 -20 -10 -10 -10
4 16 -10 -10 -10 -10 10 -10 -10 10 -12 -10 -8 -12
4 16 -10 -10 -20 -10 -10 -10 -10 -8 -12 -10 -8 -20
4 16 10 -10 -10 10 10 -10 10 10 0 10 -10 0

1 16 0 -10 0 0 0 -1 0 8 0 -1 0 0 npeghol6d.dat
1 16 -20 -10 0 0 0 1 0 8 0 -1 0 0 npeghol6d.dat
1 16 0 10 0 0 0 -1 0 -8 0 -1 0 0 npeghol6d.dat
1 16 -20 10 0 0 0 1 0 -8 0 -1 0 0 npeghol6d.dat
1 16 0 0 0 -1 0 0 0 1 0 0 0 1 npeghol20.dat


1 16 -20 10 0 0 0 9 0 -1 0 -9 0 0 1-8tndis.dat
4 16 -20 10 -10 -20 10 -9 -13.6361 10 -9 -10 10 -10
4 16 -13.6361 -10 -9 -20 -10 -9 -20 -10 -10 -10 -10 -10
1 16 -20 -10 0 0 0 9 0 1 0 -9 0 0 1-8tndis.dat
1 16 -15 0 -10 0 0 5 10 0 0 0 1 0 rect3.dat

1 16 0 10 0 10 0 0 0 -1 0 0 0 -10 1-8ndis.dat
1 16 0 -10 0 10 0 0 0 1 0 0 0 -10 1-8ndis.dat
4 16 10 -10 -10 7.071 -10 -7.071 7.071 -10 -20 10 -10 -20
4 16 7.071 10 -7.071 10 10 -10 10 10 -20 7.071 10 -20
4 16 -7.071 10 -9.1923 -8 10 -12 -10 10 -12 -10 10 -10
4 16 -3.827 10 -20 -8 10 -20 -8 10 -12 -3.827 10 -11.685
3 16 -3.827 10 -11.685 -8 10 -12 -7.071 10 -9.192
4 16 -7.071 -10 -20 -7.071 -10 -9.192 -10 -10 -10 -10 -10 -20
4 16 -10 -10 -10 -11.532 -10 -6.36 -13.636 -10 -6.364 -13.636 -10 -9
4 16 -11.532 -10 -6.36 -10 -10 -10 -7.071 -10 -9.192 -8.468 -10 -6.36
3 16 -8.468 -10 -6.36 -7.071 -10 -9.192 -7.075 -10 -7.065
3 16 -7.075 -10 -7.065 -6.36397 -10 -6.36396 -8.4679 -10 -6.36
1 16 0 10 0 1 0 0 0 -1 0 0 0 -1 3-8ring9.dat
4 16 -13.636 10 -6.364 -11.532 10 -6.36 -10 10 -10 -13.636 10 -9
4 16 -7.071 10 -9.192 -10 10 -10 -11.532 10 -6.36 -8.468 10 -6.36
3 16 -7.071 10 -9.192 -8.468 10 -6.36 -7.075 10 -7.065
3 16 -6.364 10 -6.364 -7.075 10 -7.065 -8.468 10 -6.36
3 16 -6.456 10 -9.407 -6.174 10 -9.891 -7.071 10 -9.1923
3 16 -6.4557 10 -9.4073 -7.071 10 -9.1923 -7.0750688904 10 -7.06458203
2 24 10 10 -20 10 10 -10
2 24 10 10 -10 10 10 0
