0 ~Technic Gear 14 Tooth Bevel 1/4
0 Name: s\69762s01.dat
0 Author: Jens Brühl [jb70]
0 !LDRAW_ORG Unofficial_Subpart
0 !LICENSE Redistributable under CCAL version 2.0 : see CAreadme.txt

0 BFC CERTIFY CCW

1 16 0 0 -10 9 0 0 0 0 -9 0 20 0 3-16cyli.dat
1 16 0 0 -10 9 0 0 0 0 -9 0 1 0 3-16edge.dat
1 16 0 0 -10 3 0 0 0 0 -3 0 1 0 3-16rin2.dat
1 16 0 0 10 3 0 0 0 0 -3 0 -1 0 3-16rin2.dat
3 16 2 -5.6023 -10 2.29608 -5.54323 -10 3.4443 -8.3151 -10
4 16 1 -5.8016 -10 2 -5.6023 -10 3.4443 -8.3151 -10 1 -10.0004 -10
1 16 0 -10 -10 1 0 0 0 0 -1 0 1 0 8\1-4ndis.dat
1 16 0 -10 10 1 0 0 0 0 -1 0 -1 0 8\1-4ndis.dat
4 16 1 -11 -10 1 -10.0004 -10 3.4443 -8.3151 -10 3.4443 -13.55816 -10
2 24 3.4443 -8.3151 -10 3.4443 -13.55816 -10
2 24 3.4443 -8.3151 10 3.4443 -13.55816 10
4 16 3.4443 -8.3151 -10 3.4443 -8.3151 10 3.4443 -13.55816 10 3.4443 -13.55816 -10
3 16 2.29608 -5.54323 10 2 -5.6023 10 3.4443 -8.3151 10
4 16 3.4443 -8.3151 10 2 -5.6023 10 1 -5.8016 10 1 -10.0004 10
4 16 3.4443 -8.3151 10 1 -10.0004 10 1 -11 10 3.4443 -13.55816 10
4 16 0 -11 10 0 -14 10 1.827 -13.8796 10 1 -11 10
3 16 1.827 -13.8796 10 3.4443 -13.55816 10 1 -11 10
1 16 0 0 10 12.93431 0 -5.35757 -5.35757 0 -12.93431 0 -3 0 48\1-8edge.dat
1 16 0 0 7 12.93431 0 -5.35757 -5.35757 0 -12.93431 0 -3 0 48\1-8edge.dat
3 16 3.4443 -13.55816 -10 1.5 -13.55816 -10 1 -11 -10
4 16 1.5 -13.55816 -10 0 -13.55816 -10 0 -11 -10 1 -11 -10
2 24 3.4443 -13.55816 10 5.35752 -12.93419 10
2 24 3.4443 -8.3151 10 6.3639 -6.3639 10
2 24 6.3639 -6.3639 10 8.3151 -3.4443 10
2 24 13.90139 -1.5 10 13.52224 -3.62357 10
2 24 13.52224 -3.62357 10 12.93431 -5.35757 10
2 24 8.70172 -1.5 10 13.90139 -1.5 10
2 24 8.3151 -3.4443 10 8.70172 -1.5 10
2 24 8.70172 -1.5 7 13.90139 -1.5 7
4 16 8.70172 -1.5 10 8.70172 -1.5 7 13.90139 -1.5 7 13.90139 -1.5 10
4 16 9 0 10 8.70172 -1.5 10 13.90139 -1.5 10 14.00035 .0001 10
4 16 13.90139 -1.5 7 8.70172 -1.5 7 9 0 7 14.00035 .0001 7
2 24 8.70172 -1.5 10 8.70172 -1.5 7
2 24 13.90139 -1.5 10 13.90139 -1.5 7
2 24 8.70172 -1.5 7 9 0 7
2 24 3.4443 -13.55816 10 3.4443 -13.55816 7
2 24 3.4443 -13.55816 7 5.35751 -12.93419 7
2 24 13.90139 -1.5 7 13.52224 -3.62357 7
2 24 13.52224 -3.62357 7 12.93431 -5.35757 7
3 16 1.5 -13.55816 -10 3.4443 -13.55816 -10 1.56745 -13.91197 7
3 16 1.56745 -13.91197 7 3.4443 -13.55816 -10 3.4443 -13.55816 7
2 24 3.4443 -13.55816 7 1.56745 -13.91197 7
2 24 3.4443 -13.55816 7 3.4443 -13.55816 -10
2 24 1.5 -13.55816 -10 1.5 -20.93468 -6.03511
2 24 1.5 -13.55816 -10 1.56745 -13.91197 7
3 16 1.56745 -13.91197 7 1.5 -20.93468 -6.03511 1.5 -13.55816 -10
4 16 0 -20.99999 -6 0 -13.55816 -10 1.5 -13.55816 -10 1.5 -20.93468 -6.03511
2 24 1.5 -20.93468 -6.03511 0 -20.99999 -6
2 24 1.5 -20.93468 -6.03511 1.56745 -13.91197 7
2 24 3.4443 -13.55816 -10 0 -13.55816 -10
