0 ~Single Tooth for Technic Gear 14 Tooth Bevel
0 Name: s\69762s02.dat
0 Author: Jens Brühl [jb70]
0 !LDRAW_ORG Unofficial_Subpart
0 !LICENSE Redistributable under CCAL version 2.0 : see CAreadme.txt

0 BFC CERTIFY CCW

0 // Outside
2 24 -8.91753 -25.48485 -3 -8.03488 -25.73914 4
2 24 -8.03488 -25.73914 4 -6.00807 -26.32305 4
4 16 -8.03488 -25.73914 4 -8.91753 -25.48485 -3 -6.00807 -26.32305 -3 -6.00807 -26.32305 4
2 24 -3.02304 -26.83023 -3 -3.92862 -26.67636 4
2 24 -3.92862 -26.67636 4 -6.00807 -26.32305 4
4 16 -6.00807 -26.32305 -3 -3.02304 -26.83023 -3 -3.92862 -26.67636 4 -6.00807 -26.32305 4
2 24 -8.03488 -25.73914 4 -6.06293 -21.62046 10
2 24 -3.92862 -26.67636 4 -3.91826 -22.10997 10
2 24 -3.91826 -22.10997 10 -5.00672 -21.93588 10
4 16 -5.00672 -21.93588 10 -6.00807 -26.32305 4 -3.92862 -26.67636 4 -3.91826 -22.10997 10
4 16 -3.73835 -16.37879 10 -5.00672 -21.93588 10 -3.91826 -22.10997 10 -2.65227 -16.56332 10
2 24 -3.91826 -22.10997 10 -2.65227 -16.56332 10
2 24 -6.06293 -21.62046 10 -5.00672 -21.93588 10
4 16 -8.03488 -25.73914 4 -6.00807 -26.32305 4 -5.00672 -21.93588 10 -6.06293 -21.62046 10
4 16 -6.06293 -21.62046 10 -5.00672 -21.93588 10 -3.73835 -16.37879 10 -4.79694 -16.07381 10
2 24 -6.06293 -21.62046 10 -4.79694 -16.07381 10
2 24 -7.43128 -21.23737 -3 -4.79694 -16.07381 10
3 16 -7.43128 -21.23737 -3 -6.06293 -21.62046 10 -4.79694 -16.07381 10
3 16 -6.06293 -21.62046 10 -7.43128 -21.23737 -3 -8.03488 -25.73914 4
3 16 -8.03488 -25.73914 4 -7.43128 -21.23737 -3 -8.91753 -25.48485 -3
3 16 -3.02304 -26.83023 -3 -2.5192 -22.35852 -3 -3.92862 -26.67636 4
3 16 -3.92862 -26.67636 4 -2.5192 -22.35852 -3 -3.91826 -22.10997 10
3 16 -3.91826 -22.10997 10 -2.5192 -22.35852 -3 -2.65227 -16.56332 10
4 16 -2.5192 -22.35852 -3 -3.02304 -26.83023 -3 0 -27 -3 0 -22.5 -3
4 16 -2.5192 -22.35852 -3 0 -22.5 -3 0 -16.8 10 -1.881 -16.69437 10
3 16 -2.5192 -22.35852 -3 -1.881 -16.69437 10 -2.65227 -16.56332 10
4 16 -11.71486 -24.32616 -3 -8.91753 -25.48485 -3 -7.43128 -21.23737 -3 -9.76238 -20.2718 -3
4 16 -7.28925 -15.13628 10 -9.76238 -20.2718 -3 -7.43128 -21.23737 -3 -5.54869 -15.85724 10
3 16 -7.43128 -21.23737 -3 -4.79694 -16.07381 10 -5.54869 -15.85724 10
2 24 -7.43128 -21.23737 -3 -8.91753 -25.48485 -3
2 24 -7.43128 -21.23737 -3 -9.76238 -20.2718 -3
2 24 -2.5192 -22.35852 -3 -3.02304 -26.83023 -3
2 24 -2.5192 -22.35852 -3 0 -22.5 -3
2 24 -2.5192 -22.35852 -3 -2.65227 -16.56332 10
3 16 -2.65227 -16.56332 10 -4.79694 -16.07381 10 -3.73835 -16.37879 10
2 24 -8.91753 -25.48485 -3 -11.71486 -24.32616 -3
2 24 -3.02304 -26.83023 -3 0 -27 -3
2 24 -1.881 -16.69437 10 -2.65227 -16.56332 10
2 24 -1.881 -16.69437 10 0 -16.8 10
2 24 -4.79694 -16.07381 10 -5.54869 -15.85724 10
2 24 -5.54869 -15.85724 10 -7.28925 -15.13628 10

0 // Inside
3 16 -4.02015 -23.6609 -6 -2.35125 -20.86796 -6 -2.68715 -23.84909 -6
4 16 0 -21 -6 0 -24 -6 -2.68715 -23.84909 -6 -2.35125 -20.86796 -6
4 16 0 -14 7 0 -21 -6 -2.35125 -20.86796 -6 -1.5675 -13.91197 7
3 16 -2.35125 -20.86796 -6 -4.02015 -23.6609 -6 -2.84761 -16.75981 7
3 16 -2.35125 -20.86796 -6 -2.84761 -16.75981 7 -1.5675 -13.91197 7
4 16 -4.02015 -23.6609 -6 -5.3405 -23.39827 -6 -3.78286 -16.57377 7 -2.84761 -16.75981 7
4 16 -1.5675 -13.91197 7 -2.84761 -16.75981 7 -3.78286 -16.57377 7 -3.11529 -13.64899 7
3 16 -6.93586 -19.82155 -6 -6.64405 -23.06202 -6 -7.9267 -22.6532 -6
4 16 -7.9267 -22.6532 -6 -10.41321 -21.62325 -6 -9.11156 -18.92035 -6 -6.93586 -19.82155 -6
4 16 -6.93586 -19.82155 -6 -9.11156 -18.92035 -6 -6.07437 -12.61356 7 -4.62391 -13.21437 7
3 16 -6.64405 -23.06202 -6 -6.93586 -19.82155 -6 -4.7062 -16.33559 7
3 16 -4.7062 -16.33559 7 -6.93586 -19.82155 -6 -4.62391 -13.21437 7
4 16 -3.78286 -16.57377 7 -5.3405 -23.39827 -6 -6.64405 -23.06202 -6 -4.7062 -16.33559 7
4 16 -3.78286 -16.57377 7 -4.7062 -16.33559 7 -4.62391 -13.21437 7 -3.11529 -13.64899 7
2 24 -4.02015 -23.6609 -6 -2.35125 -20.86796 -6
2 24 -2.35125 -20.86796 -6 0 -21 -6
2 24 -6.64405 -23.06202 -6 -6.93586 -19.82155 -6
2 24 -6.93586 -19.82155 -6 -9.11156 -18.92035 -6
2 24 -4.02015 -23.6609 -6 -2.84761 -16.75981 7
2 24 -2.35125 -20.86796 -6 -1.5675 -13.91197 7
2 24 -6.64405 -23.06202 -6 -4.7062 -16.33559 7
2 24 -6.93586 -19.82155 -6 -4.62391 -13.21437 7
2 24 -2.84761 -16.75981 7 -3.78286 -16.57377 7
2 24 -3.78286 -16.57377 7 -4.7062 -16.33559 7
