0 ~Minifig Leg Left Spring Prosthetic Thigh
0 Name: s\80690s01.dat
0 Author: Philippe Hurbain [Philo]
0 !LDRAW_ORG Unofficial_Subpart
0 !LICENSE Redistributable under CCAL version 2.0 : see CAreadme.txt

0 BFC CERTIFY CCW

0 BFC INVERTNEXT
1 16 2 0 0 0 5.25 0 3 0 0 0 0 3 4-4cyli.dat
1 16 2 0 0 0 1 0 3 0 0 0 0 3 4-4ndis.dat
1 16 7.25 0 0 0 -1 0 3 0 0 0 0 3 4-4ndis.dat
1 16 2 0 0 0 1 0 3 0 0 0 0 3 4-4edge.dat
1 16 7.25 0 0 0 1 0 3 0 0 0 0 3 4-4edge.dat
4 16 4.457 -4.296 7.449 5.722 -6.187 6.187 5.805 -6.31 6 4.457 -4.296 6
4 16 5.757 2.243 8.75 5.757 2.243 6 7.25 3.24 6 7.704 3.543 8.75
4 16 10 4 -2 10 4 8.75 7.704 3.543 8.75 7.704 3.543 -2
4 16 4 -1.99 8.354 2 0 8.75 2 -3.349 8.084 4.269 -3.349 8.084
3 16 4.398 0 8.75 4 -1.99 8.354 4 -2 6
4 16 4 -2 6 4.457 0.296 6 4.457 0.296 8.75 4.398 0 8.75
4 16 5.757 2.243 8.75 4.457 0.296 8.75 4.457 0.296 6 5.757 2.243 6
4 16 4.457 -4.296 6 4 -2 6 4 -1.99 8.354 4.269 -3.349 8.084
3 16 4.457 -4.296 6 4.269 -3.349 8.084 4.457 -4.296 7.449
3 16 15.731 -3.349 8.084 16 -1.99 8.354 16 -2 6
4 16 15.543 -4.296 7.449 15.731 -3.349 8.084 16 -2 6 15.543 -4.296 6
4 16 4.269 -3.349 8.084 2 -3.349 8.084 2 -6.187 6.187 4.457 -4.296 7.449
3 16 2 -6.187 6.187 5.722 -6.187 6.187 4.457 -4.296 7.449
3 16 7.25 3.24 6 5.757 2.243 6 4.457 0.296 6
4 16 4 -2 6 4.457 -4.296 6 5.805 -6.31 6 7.25 -5.5 6
3 16 15.543 0.296 6 14.75 1.483 6 16 -2 6
4 16 14.75 -5.5 6 15.543 -4.296 6 16 -2 6 14.75 1.483 6
4 16 4.457 0.296 6 4 -2 6 7.25 -5.5 6 7.25 3.24 6
4 16 7.25 -5.5 6 5.805 -6.31 6 14.214 -6.312 6 14.75 -5.5 6
3 16 14.298 -6.187 6.187 14.75 -5.5 6 14.214 -6.312 6
4 16 14.298 -6.187 6.187 15.543 -4.296 7.449 15.543 -4.296 6 14.75 -5.5 6
4 16 12.296 3.543 -4 14.243 2.243 -4 14.243 2.243 8.75 12.296 3.543 8.75
4 16 14.243 2.243 8.75 14.243 2.243 -4 14.75 1.483 -4 14.75 1.483 6
4 16 7.704 3.543 8.75 7.25 3.24 6 7.25 3.24 -4 7.704 3.543 -2
4 16 7.25 -5.5 1 7.25 -5.5 6 14.75 -5.5 6 14.75 -5.5 1
4 16 14.75 -4.036 -2.536 14.75 -5.119 -0.913 14.75 -5.5 1 14.75 -5.5 6
3 16 14.75 -5.5 6 14.75 1.483 6 14.75 1.483 -4
4 16 14.75 -4.036 -2.536 14.75 -5.5 6 14.75 1.483 -4 14.75 -2.413 -3.619
4 16 14.75 -2.413 -3.619 14.75 1.483 -4 7.25 1.483 -4 7.25 -2.413 -3.619
4 16 14.75 -4.036 -2.536 14.75 -2.413 -3.619 7.25 -2.413 -3.619 7.25 -4.036 -2.536
4 16 14.75 -5.119 -0.913 14.75 -4.036 -2.536 7.25 -4.036 -2.536 7.25 -5.119 -0.913
4 16 7.25 -5.5 1 14.75 -5.5 1 14.75 -5.119 -0.913 7.25 -5.119 -0.913
4 16 2 -8.75 0 2 -8.084 -3.349 18.273 -8.084 -3.349 18.25 -8.75 0
4 16 18.337 -6.187 -6.187 18.273 -8.084 -3.349 2 -8.084 -3.349 2 -6.187 -6.187
4 16 18.25 -8.75 0 18.273 -8.084 3.349 2 -8.084 3.349 2 -8.75 0
4 16 18.433 -3.349 8.084 18.546 0 8.75 16 -1.99 8.354 15.731 -3.349 8.084
3 16 15.543 0.296 6 15.602 0 8.75 15.543 0.296 8.75
4 16 15.543 0.296 6 16 -2 6 16 -1.99 8.354 15.602 0 8.75
4 16 15.543 0.296 8.75 14.243 2.243 8.75 14.75 1.483 6 15.543 0.296 6
4 16 2 0 3 2 -3 3 2 -3.349 8.084 2 0 8.75
4 16 2 0 3 2 0 8.75 2 4.3517 8.75 2 3 3
4 16 2 -6.187 6.187 2 -3.349 8.084 2 -3 3 2 -8.084 3.349
4 16 2 -8.084 3.349 2 -3 3 2 -3 0 2 -8.75 0
4 16 2 -8.084 -3.349 2 -8.75 0 2 -3 0 2 -3 -3
4 16 2 -6.187 -6.187 2 -8.084 -3.349 2 -3 -3 2 -3.349 -8.084
4 16 2 0 -8.75 2 -3.349 -8.084 2 -3 -3 2 0 -3
4 16 2 3.349 -8.084 2 0 -8.75 2 0 -3 2 3 -3
3 16 7.25 3 -3 7.25 2.243 -4 7.25 3.24 -4
4 16 7.25 0 -3 7.25 1.483 -4 7.25 2.243 -4 7.25 3 -3
3 16 7.25 3 0 7.25 3 -3 7.25 3.24 -4
4 16 7.25 3.24 -4 7.25 3.24 6 7.25 3 3 7.25 3 0
4 16 7.25 -3 -3 7.25 -2.413 -3.619 7.25 1.483 -4 7.25 0 -3
4 16 7.25 -5.119 -0.913 7.25 -4.036 -2.536 7.25 -3 -3 7.25 -3 0
3 16 7.25 -5.5 1 7.25 -5.119 -0.913 7.25 -3 0
4 16 7.25 -5.5 6 7.25 -5.5 1 7.25 -3 0 7.25 -3 3
3 16 7.25 -2.413 -3.619 7.25 -3 -3 7.25 -4.036 -2.536
4 16 7.25 -5.5 6 7.25 -3 3 7.25 0 3 7.25 3.24 6
3 16 7.25 3.24 6 7.25 0 3 7.25 3 3
3 16 18.546 0 8.75 15.602 0 8.75 16 -1.99 8.354
3 16 18.546 0 8.75 15.543 0.296 8.75 15.602 0 8.75
3 16 2 0 8.75 4.398 0 8.75 4.457 0.296 8.75
3 16 2 0 8.75 4 -1.99 8.354 4.398 0 8.75
4 16 14.243 2.243 -4 12.296 3.543 -4 7.25 3.24 -4 7.25 2.243 -4
4 16 14.75 1.483 -4 14.243 2.243 -4 7.25 2.243 -4 7.25 1.483 -4
3 16 7.25 3.24 -4 10 4 -2 7.704 3.543 -2
3 16 12.296 3.543 -4 10 4 -2 7.25 3.24 -4
4 16 15.543 -4.296 7.449 18.337 -6.187 6.187 18.433 -3.349 8.084 15.731 -3.349 8.084
3 16 18.337 -6.187 6.187 15.543 -4.296 7.449 14.298 -6.187 6.187
4 16 2 -6.187 6.187 2 -8.084 3.349 5.805 -6.31 6 5.722 -6.187 6.187
4 16 14.214 -6.312 6 18.273 -8.084 3.349 18.337 -6.187 6.187 14.298 -6.187 6.187
4 16 18.273 -8.084 3.349 14.214 -6.312 6 5.805 -6.31 6 2 -8.084 3.349
4 16 10 4 8.75 10 4 -2 12.296 3.543 -4 12.296 3.543 8.75

2 24 14.75 1.483 6 14.75 1.483 -4
2 24 18.659 3.349 -8.084 18.755 6.187 -6.187
2 24 14.75 -5.5 6 14.75 -5.5 1
2 24 2 -6.187 -6.187 2 -3.349 -8.084
5 24 12.296 3.543 8.75 12.296 3.543 -4 10 4 -2 14.243 2.243 8.75
2 24 7.25 1.483 -4 7.25 -2.413 -3.619
2 24 15.731 -3.349 8.084 16 -1.99 8.354
2 24 7.25 2.243 -4 7.25 3.24 -4
2 24 4.457 -4.296 6 4 -2 6
5 24 15.543 0.296 6 15.543 0.296 8.75 14.75 1.483 6 16 -1.99 8.354
2 24 14.214 -6.312 6 14.298 -6.187 6.187
2 24 18.546 0 8.75 18.433 -3.349 8.084
2 24 14.75 -5.5 6 15.543 -4.296 6
5 24 18.433 -3.349 8.084 15.731 -3.349 8.084 18.546 0 8.75 15.543 -4.296 7.449
2 24 7.25 -5.5 6 7.25 3.24 6
2 24 18.337 -6.187 6.187 18.273 -8.084 3.349
2 24 2 -3.349 -8.084 2 0 -8.75
2 24 2 0 -8.75 2 3.349 -8.084
5 24 14.75 -2.413 -3.619 7.25 -2.413 -3.619 7.25 1.483 -4 14.75 -4.036 -2.536
2 24 14.214 -6.312 6 14.75 -5.5 6
2 24 14.75 -2.413 -3.619 14.75 1.483 -4
2 24 12.296 3.543 -4 14.243 2.243 -4
2 24 15.602 0 8.75 16 -1.99 8.354
2 24 15.543 0.296 8.75 15.602 0 8.75
5 24 14.75 1.483 -4 7.25 1.483 -4 7.25 2.243 -4 14.75 -2.413 -3.619
5 24 18.273 -8.084 -3.349 2 -8.084 -3.349 18.337 -6.187 -6.187 2 -8.75 0
2 24 16 -2 6 15.543 -4.296 6
2 24 14.243 2.243 8.75 12.296 3.543 8.75
5 24 4.457 -4.296 7.449 4.457 -4.296 6 5.805 -6.31 6 4.269 -3.349 8.084
2 24 2 0 8.75 2 4.3517 8.75
2 24 5.757 2.243 8.75 4.457 0.296 8.75
5 24 14.75 -4.036 -2.536 7.25 -4.036 -2.536 7.25 -2.413 -3.619 14.75 -5.119 -0.913
2 24 14.75 -5.119 -0.913 14.75 -4.036 -2.536
2 24 14.75 -5.5 6 7.25 -5.5 6
2 24 2 -8.084 -3.349 2 -6.187 -6.187
5 24 4.457 0.296 8.75 4.457 0.296 6 4 -2 6 5.757 2.243 8.75
2 24 4 -2 6 4.457 0.296 6
2 24 7.25 -5.5 1 7.25 -5.119 -0.913
2 24 5.805 -6.31 6 5.722 -6.187 6.187
2 24 5.757 2.243 6 4.457 0.296 6
5 24 15.543 -4.296 6 15.543 -4.296 7.449 16 -2 6 14.298 -6.187 6.187
2 24 2 -8.084 3.349 2 -8.75 0
5 24 4 -1.99 8.354 4 -2 6 4.457 0.296 8.75 4.457 -4.296 6
5 24 2 -3.349 8.084 4.269 -3.349 8.084 2 0 8.75 2 -6.187 6.187
5 24 10 4 -2 7.704 3.543 -2 7.25 3.24 -4 7.704 3.543 8.75
2 24 12.296 3.543 8.75 10 4 8.75
5 24 2 -8.75 0 18.25 -8.75 0 2 -8.084 3.349 18.273 -8.084 -3.349
2 24 2 0 8.75 2 -3.349 8.084
2 24 15.731 -3.349 8.084 15.543 -4.296 7.449
2 24 2 3.349 -8.084 2 6.187 -6.187
5 24 14.243 2.243 8.75 14.243 2.243 -4 14.75 1.483 -4 12.296 3.543 -4
5 24 5.757 2.243 6 5.757 2.243 8.75 4.457 0.296 6 7.25 3.24 6
2 24 4.398 0 8.75 4.457 0.296 8.75
2 24 4 -1.99 8.354 4.398 0 8.75
2 24 18.546 0 -8.75 18.659 3.349 -8.084
5 24 18.337 -6.187 -6.187 2 -6.187 -6.187 18.433 -3.349 -8.084 2 -8.084 -3.349
2 24 5.722 -6.187 6.187 4.457 -4.296 7.449
5 24 14.75 -5.119 -0.913 7.25 -5.119 -0.913 7.25 -4.036 -2.536 14.75 -5.5 1
2 24 18.337 -6.187 -6.187 18.433 -3.349 -8.084
2 24 7.25 -4.036 -2.536 7.25 -2.413 -3.619
2 24 7.25 1.483 -4 7.25 2.243 -4
2 24 14.75 -4.036 -2.536 14.75 -2.413 -3.619
2 24 7.25 3.24 6 5.757 2.243 6
2 24 10 4 8.75 7.704 3.543 8.75
5 24 12.296 3.543 -4 10 4 -2 7.25 3.24 -4 10 4 8.75
2 24 7.704 3.543 8.75 5.757 2.243 8.75
2 24 7.25 -4.036 -2.536 7.25 -5.119 -0.913
2 24 18.25 -8.75 0 18.273 -8.084 -3.349
2 24 5.805 -6.31 6 4.457 -4.296 6
2 24 14.75 -5.5 6 14.75 1.483 6
2 24 18.433 -3.349 8.084 18.337 -6.187 6.187
5 24 16 -1.99 8.354 16 -2 6 15.543 0.296 6 15.731 -3.349 8.084
2 24 18.273 -8.084 3.349 18.25 -8.75 0
2 24 7.25 3.24 -4 12.296 3.543 -4
2 24 15.543 -4.296 7.449 14.298 -6.187 6.187
2 24 18.273 -8.084 -3.349 18.337 -6.187 -6.187
2 24 2 -3.349 8.084 2 -6.187 6.187
2 24 2 -6.187 6.187 2 -8.084 3.349
5 24 10 4 -2 10 4 8.75 7.704 3.543 8.75 12.296 3.543 8.75
2 24 4.269 -3.349 8.084 4.457 -4.296 7.449
2 24 7.25 3.24 6 7.25 3.24 -4
5 24 2 -8.084 3.349 18.273 -8.084 3.349 18.25 -8.75 0 5.805 -6.31 6
5 24 7.704 3.543 -2 7.25 3.24 -4 10 4 -2 7.25 3.24 6
2 24 7.25 -5.5 1 7.25 -5.5 6
2 24 14.75 -5.5 1 14.75 -5.119 -0.913
2 24 14.243 2.243 -4 14.75 1.483 -4
2 24 4.269 -3.349 8.084 4 -1.99 8.354
2 24 15.543 0.296 8.75 14.243 2.243 8.75
2 24 16 -2 6 15.543 0.296 6
2 24 15.543 0.296 6 14.75 1.483 6
2 24 18.433 -3.349 -8.084 18.546 0 -8.75
2 24 2 -8.75 0 2 -8.084 -3.349
5 24 7.704 3.543 8.75 7.704 3.543 -2 7.25 3.24 -4 10 4 -2
5 24 7.25 3.24 -4 10 4 -2 12.296 3.543 -4 7.704 3.543 -2
5 24 2 -6.187 6.187 5.722 -6.187 6.187 4.457 -4.296 7.449 5.805 -6.31 6
2 24 5.805 -6.31 6 14.214 -6.312 6
5 24 4.398 0 8.75 2 0 8.75 2 -3.349 8.084 2 4.3517 8.75
5 24 14.75 -5.5 1 7.25 -5.5 1 7.25 -5.119 -0.913 7.25 -5.5 6
5 24 14.298 -6.187 6.187 18.337 -6.187 6.187 18.273 -8.084 3.349 18.433 -3.349 8.084

3 16 18.25 -8.75 0 18.273 -8.084 -3.349 18.273 -8.084 3.349
4 16 18.273 -8.084 3.349 18.273 -8.084 -3.349 18.337 -6.187 -6.187 18.337 -6.187 6.187
4 16 18.337 -6.187 6.187 18.337 -6.187 -6.187 18.433 -3.349 -8.084 18.433 -3.349 8.084
4 16 18.433 -3.349 8.084 18.433 -3.349 -8.084 18.546 0 -8.75 18.546 0 8.75
4 16 18.546 0 -8.75 18.659 3.349 -8.084 18.755 6.187 -6.187 18.546 0 8.75

4 16 18.659 3.349 -8.084 18.546 0 -8.75 2 0 -8.75 2 3.349 -8.084
4 16 18.546 0 -8.75 18.433 -3.349 -8.084 2 -3.349 -8.084 2 0 -8.75
4 16 18.433 -3.349 -8.084 18.337 -6.187 -6.187 2 -6.187 -6.187 2 -3.349 -8.084
4 16 2 3.349 -8.084 2 6.187 -6.187 18.755 6.187 -6.187 18.659 3.349 -8.084
5 24 2 3.349 -8.084 18.659 3.349 -8.084 2 0 -8.75 18.755 6.187 -6.187
5 24 18.755 6.187 -6.187 2 6.187 -6.187 2 7.399 -4 2 3.349 -8.084
5 24 2 0 -8.75 18.546 0 -8.75 18.659 3.349 -8.084 2 -3.349 -8.084
5 24 2 -3.349 -8.084 18.433 -3.349 -8.084 18.546 0 -8.75 2 -6.187 -6.187




4 16 2 8.75 0 18.8415 8.75 0 18.8191 8.084 -3.349 2 8.084 -3.349
4 16 2 8.084 -3.349 18.8191 8.084 -3.349 18.755 6.187 -6.187 2 6.187 -6.187
2 24 2 8.084 -3.349 2 6.187 -6.187
2 24 18.8415 8.75 0 18.8191 8.084 -3.349
2 24 18.8191 8.084 -3.349 18.755 6.187 -6.187
2 24 2 8.75 0 2 8.084 -3.349

2 24 2 8.35 4.76 2 8.0456 6.2908
2 24 2 8.0456 6.2908 2 7.1784 7.5884
2 24 2 7.1784 7.5884 2 5.8808 8.4556
2 24 2 5.8808 8.4556 2 4.3517 8.75
2 24 18.828 8.35 4.76 18.8177 8.0456 6.2908
2 24 18.8177 8.0456 6.2908 18.7884 7.1784 7.5884
2 24 18.7884 7.1784 7.5884 18.7446 5.8808 8.4556
2 24 18.7446 5.8808 8.4556 18.693 4.3517 8.75
5 24 10 8.7 4.76 10 8.3956 6.2908 18.8177 8.0456 6.2908 2 8.0456 6.2908
5 24 10 8.3956 6.2908 10 7.5284 7.5884 2 7.1784 7.5884 18.7884 7.1784 7.5884
5 24 10 7.5284 7.5884 10 6.2308 8.4556 18.7446 5.8808 8.4556 2 5.8808 8.4556
5 24 10 6.2308 8.4556 10 4.7017 8.75 18.693 4.3517 8.75 2 4.3517 8.75
3 16 2 8.75 0 10 8.7 4.76 18.8415 8.75 0
3 16 18.8415 8.75 0 10 8.7 4.76 18.828 8.35 4.76
3 16 10 8.7 4.76 2 8.75 0 2 8.35 4.76
2 24 18.828 8.35 4.76 18.8415 8.75 0
2 24 2 8.35 4.76 2 8.75 0
4 16 2 5.8808 8.4556 2 4.3517 8.75 10 4.7017 8.75 10 6.2308 8.4556
4 16 10 6.2308 8.4556 10 4.7017 8.75 18.693 4.3517 8.75 18.7446 5.8808 8.4556
4 16 2 7.1784 7.5884 2 5.8808 8.4556 10 6.2308 8.4556 10 7.5284 7.5884
4 16 10 7.5284 7.5884 10 6.2308 8.4556 18.7446 5.8808 8.4556 18.7884 7.1784 7.5884
4 16 2 8.0456 6.2908 2 7.1784 7.5884 10 7.5284 7.5884 10 8.3956 6.2908
4 16 10 8.3956 6.2908 10 7.5284 7.5884 18.7884 7.1784 7.5884 18.8177 8.0456 6.2908
4 16 10 8.7 4.76 10 8.3956 6.2908 18.8177 8.0456 6.2908 18.828 8.35 4.76
4 16 2 8.35 4.76 2 8.0456 6.2908 10 8.3956 6.2908 10 8.7 4.76
4 16 2 4.3517 8.75 2 0 8.75 4.457 0.296 8.75 5.757 2.243 8.75
4 16 2 4.3517 8.75 7.704 3.543 8.75 10 4 8.75 10 4.7017 8.75
4 16 18.693 4.3517 8.75 10 4.7017 8.75 10 4 8.75 12.296 3.543 8.75
4 16 14.243 2.243 8.75 15.543 0.296 8.75 18.546 0 8.75 18.693 4.3517 8.75
3 16 12.296 3.543 8.75 14.243 2.243 8.75 18.693 4.3517 8.75
3 16 5.757 2.243 8.75 7.704 3.543 8.75 2 4.3517 8.75
4 16 2 6.187 -6.187 2 3.349 -8.084 2 3 -3 2 8.084 -3.349
4 16 2 8.75 0 2 8.084 -3.349 2 3 -3 2 3 0
4 16 2 8.35 4.76 2 8.75 0 2 3 0 2 3 3
4 16 2 8.35 4.76 2 3 3 2 7.1784 7.5884 2 8.0456 6.2908
4 16 2 3 3 2 4.3517 8.75 2 5.8808 8.4556 2 7.1784 7.5884
2 24 18.546 0 8.75 18.693 4.3517 8.75
4 16 18.755 6.187 -6.187 18.8191 8.084 -3.349 18.8415 8.75 0 18.546 0 8.75
4 16 18.546 0 8.75 18.8415 8.75 0 18.828 8.35 4.76 18.693 4.3517 8.75
4 16 18.7446 5.8808 8.4556 18.693 4.3517 8.75 18.828 8.35 4.76 18.8177 8.0456 6.2908
3 16 18.7884 7.1784 7.5884 18.7446 5.8808 8.4556 18.8177 8.0456 6.2908
5 24 10 6.2308 8.4556 18.7446 5.8808 8.4556 10 4.7017 8.75 18.7884 7.1784 7.5884
5 24 2 8.35 4.76 10 8.7 4.76 2 8.75 0 2 8.0456 6.2908
5 24 10 4.7017 8.75 18.693 4.3517 8.75 18.7446 5.8808 8.4556 10 4 8.75
5 24 18.8191 8.084 -3.349 2 8.084 -3.349 2 8.75 0 18.755 6.187 -6.187
5 24 5.805 -6.31 6 2 -8.084 3.349 5.722 -6.187 6.187 18.273 -8.084 3.349
5 24 2 8.0456 6.2908 10 8.3956 6.2908 2 7.1784 7.5884 10 8.7 4.76
5 24 14.298 -6.187 6.187 14.75 -5.5 6 14.214 -6.312 6 15.543 -4.296 7.449
5 24 2 5.8808 8.4556 10 6.2308 8.4556 10 7.5284 7.5884 2 4.3517 8.75
5 24 18.7884 7.1784 7.5884 10 7.5284 7.5884 10 6.2308 8.4556 18.8177 8.0456 6.2908
5 24 18.546 0 8.75 15.602 0 8.75 15.543 0.296 8.75 16 -1.99 8.354
5 24 2 8.75 0 10 8.7 4.76 18.8415 8.75 0 2 8.35 4.76
5 24 10 8.7 4.76 18.828 8.35 4.76 18.8415 8.75 0 10 8.3956 6.2908
5 24 2 4.3517 8.75 10 4.7017 8.75 10 6.2308 8.4556 7.704 3.543 8.75
5 24 10 7.5284 7.5884 2 7.1784 7.5884 2 5.8808 8.4556 10 8.3956 6.2908
5 24 10 8.7 4.76 18.8415 8.75 0 18.828 8.35 4.76 2 8.75 0
5 24 4.457 -4.296 7.449 2 -6.187 6.187 4.269 -3.349 8.084 5.722 -6.187 6.187
5 24 18.8415 8.75 0 2 8.75 0 18.8191 8.084 -3.349 10 8.7 4.76
5 24 10 8.3956 6.2908 18.8177 8.0456 6.2908 10 7.5284 7.5884 18.828 8.35 4.76
