0 ~Technic Weapon Hexagon Shield - Inverted Hexagon
0 Name: s\98566s01.dat
0 Author: Magnus Forsberg [MagFors]
0 !LDRAW_ORG Unofficial_Subpart
0 !LICENSE Redistributable under CCAL version 2.0 : see CAreadme.txt

0 BFC CERTIFY CCW

4 16 1 1 0 1 0 0 .5 0 .866 .5 1 .866
4 16 .5 1 .866 .5 0 .866 -.5 0 .866 -.5 1 .866
4 16 -.5 1 .866 -.5 0 .866 -1 0 0 -1 1 0
4 16 -1 1 0 -1 0 0 -.5 0 -.866 -.5 1 -.866
4 16 -.5 1 -.866 -.5 0 -.866 .5 0 -.866 .5 1 -.866
4 16 .5 1 -.866 .5 0 -.866 1 0 0 1 1 0
2 24 1 1 0 1 0 0
2 24 .5 1 .866 .5 0 .866
2 24 -.5 1 .866 -.5 0 .866
2 24 -1 1 0 -1 0 0
2 24 -.5 1 -.866 -.5 0 -.866
2 24 .5 1 -.866 .5 0 -.866
4 16 .5 1 .866 -.5 1 .866 -1 1 0 1 1 0
4 16 .5 1 -.866 1 1 0 -1 1 0 -.5 1 -.866
2 24 -.5 1 -.866 -1 1 0
2 24 -1 0 0 -.5 0 .866
2 24 -.5 0 .866 .5 0 .866
2 24 .5 0 .866 1 0 0
2 24 1 0 0 .5 0 -.866
2 24 .5 0 -.866 -.5 0 -.866
2 24 -.5 0 -.866 -1 0 0
2 24 -1 1 0 -.5 1 .866
2 24 -.5 1 .866 .5 1 .866
2 24 .5 1 .866 1 1 0
2 24 1 1 0 .5 1 -.866
2 24 .5 1 -.866 -.5 1 -.866
